#All manual 1.3 GeV runs
#Total Events: Para: 2979261184.000000	 Perp: 3279478272.000000
#Bad Edge Events: Para: 519133867	 Perp: 20519716
#Bad Edge Fraction: Para: 0.17	 Perp: 0.01
##Here are the runs used to make this mean polarization:
##DPARA_L2_1.3
#48224
#48226
#48227
#48228
#48229
#48230
#48231
#48232
#48235
#48236
#48255
#48256
#48257
#48258
#48259
#48260
#48261
#48262
#48278
#48279
#48280
#48281
#48282
#48283
#48284
#48285
#48286
#48309
#48310
#48315
#48316
#48317
#48318
#48319
#48320
##DPARA_L2_1.3
#48240
#48241
#48245
#48246
#48247
#48248
#48249
#48250
#48251
#48268
#48270
#48271
#48272
#48273
#48274
#48276
#48277
#48291
#48292
#48293
#48294
#48295
#48296
#48297
#48298
####48321
#48322
#48323
#48325
#48326
#48327
#48328
#48329
#48330
#E_ID	E_g(GeV)	MeanPol
#		Para	perp	
1	4341.8	0.000	0.000
2	4333.8	0.000	0.000
3	4326.2	0.000	0.000
4	4319.0	0.000	0.000
5	4311.6	0.000	0.000
6	4304.0	0.000	0.000
7	4296.5	0.000	0.000
8	4288.8	0.000	0.000
9	4281.1	0.000	0.000
10	4273.2	0.000	0.000
11	4265.1	0.000	0.000
12	4256.9	0.000	0.000
13	4248.6	-0.025	-0.025
14	4240.1	-0.021	-0.021
15	4231.6	-0.017	-0.017
16	4223.1	-0.014	-0.014
17	4214.6	-0.011	-0.011
18	4206.0	-0.009	-0.009
19	4197.3	-0.007	-0.007
20	4188.6	-0.005	-0.005
21	4180.0	-0.004	-0.004
22	4171.2	-0.003	-0.003
23	4162.5	-0.002	-0.002
24	4153.8	-0.002	-0.002
25	4145.1	-0.001	-0.001
26	4136.3	-0.001	-0.001
27	4127.5	-0.001	-0.001
28	4118.8	-0.001	-0.001
29	4110.1	0.000	0.000
30	4101.2	0.000	0.000
31	4092.4	0.000	0.000
32	4083.7	0.000	0.000
33	4074.9	0.000	0.000
34	4066.1	0.000	0.000
35	4057.2	0.000	0.000
36	4048.4	0.000	0.000
37	4039.6	0.012	0.012
38	4030.9	0.035	0.035
39	4022.0	0.031	0.031
40	4013.1	0.017	0.016
41	4004.2	0.014	0.014
42	3995.4	0.010	0.010
43	3986.7	-0.110	-0.110
44	3977.9	-0.105	-0.105
45	3969.1	-0.100	-0.100
46	3960.3	-0.071	-0.071
47	3951.4	-0.064	-0.064
48	3942.4	-0.061	-0.061
49	3933.6	-0.041	-0.040
50	3924.9	-0.024	-0.023
51	3916.1	-0.021	-0.021
52	3907.2	-0.019	-0.019
53	3898.4	-0.018	-0.018
54	3889.6	-0.016	-0.016
55	3880.7	-0.014	-0.014
56	3871.7	-0.013	-0.013
57	3862.9	-0.011	-0.011
58	3854.1	-0.010	-0.010
59	3845.2	-0.009	-0.009
60	3836.4	-0.008	-0.008
61	3827.5	-0.007	-0.007
62	3818.7	-0.006	-0.006
63	3809.8	-0.005	-0.005
64	3801.0	-0.004	-0.004
65	3792.1	-0.003	-0.003
66	3783.2	-0.003	-0.003
67	3774.2	-0.002	-0.002
68	3765.4	-0.002	-0.002
69	3756.6	-0.002	-0.002
70	3747.9	-0.001	-0.001
71	3739.0	-0.001	-0.001
72	3730.1	-0.001	-0.001
73	3721.2	-0.001	-0.001
74	3712.4	-0.001	-0.001
75	3703.5	-0.000	-0.000
76	3694.6	0.000	0.000
77	3685.8	0.000	0.000
78	3676.9	0.000	0.000
79	3668.1	0.000	0.000
80	3659.1	0.000	0.000
81	3650.2	0.000	0.000
82	3641.5	0.000	0.000
83	3632.7	0.000	0.000
84	3623.8	0.000	0.000
85	3615.0	0.000	0.000
86	3606.2	0.000	0.000
87	3597.3	0.000	0.000
88	3588.4	0.000	0.000
89	3579.5	0.000	0.000
90	3570.7	0.000	0.000
91	3561.8	0.000	0.000
92	3553.0	0.000	0.000
93	3544.1	0.000	0.000
94	3535.3	0.000	0.000
95	3526.4	0.000	0.000
96	3517.5	0.000	0.000
97	3508.6	0.000	0.000
98	3499.7	0.000	0.000
99	3490.9	0.000	0.000
100	3482.1	0.000	0.000
101	3473.3	0.000	0.000
102	3464.4	0.000	0.000
103	3455.6	0.000	0.000
104	3446.7	0.000	0.000
105	3437.8	0.000	0.000
106	3429.0	0.000	0.000
107	3420.1	0.000	0.000
108	3411.3	0.000	0.000
109	3402.4	0.000	0.000
110	3393.6	0.000	0.000
111	3384.7	0.000	0.000
112	3375.8	0.000	0.000
113	3367.0	0.000	0.000
114	3358.1	0.000	0.000
115	3349.2	0.000	0.000
116	3340.4	0.000	0.000
117	3331.6	0.000	0.000
118	3322.7	0.000	0.000
119	3313.9	0.000	0.000
120	3305.0	0.000	0.000
121	3296.0	0.000	0.000
122	3287.1	0.000	0.000
123	3278.3	0.000	0.000
124	3269.5	0.000	0.000
125	3260.7	0.000	0.000
126	3251.8	0.000	0.000
127	3242.9	0.000	0.000
128	3234.0	0.000	0.000
129	3225.2	0.000	0.000
130	3216.4	0.000	0.000
131	3207.5	0.000	0.000
132	3198.6	0.000	0.000
133	3189.7	0.000	0.000
134	3180.9	0.000	0.000
135	3172.0	0.000	0.000
136	3163.2	0.000	0.000
137	3154.3	0.000	0.000
138	3145.4	0.000	0.000
139	3136.5	0.000	0.000
140	3127.7	0.000	0.000
141	3118.8	0.000	0.000
142	3110.0	0.000	0.000
143	3101.1	0.000	0.000
144	3092.2	0.000	0.000
145	3083.4	0.000	0.000
146	3074.5	0.000	0.000
147	3065.6	0.000	0.000
148	3056.7	0.000	0.000
149	3047.8	0.000	0.000
150	3038.9	0.000	0.000
151	3030.1	0.000	0.000
152	3021.2	0.000	0.000
153	3012.3	0.000	0.000
154	3003.4	0.000	0.000
155	2994.4	0.000	0.000
156	2985.4	0.000	0.000
157	2976.5	0.000	0.000
158	2967.8	0.000	0.000
159	2959.0	0.000	0.000
160	2950.1	0.000	0.000
161	2941.3	0.000	0.000
162	2932.4	0.000	0.000
163	2923.5	0.000	0.000
164	2914.6	0.000	0.000
165	2905.8	0.000	0.000
166	2896.9	0.000	0.000
167	2888.0	0.001	0.000
168	2879.2	0.002	0.000
169	2870.3	0.003	0.000
170	2861.4	0.005	0.000
171	2852.5	0.007	0.001
172	2843.6	0.009	0.002
173	2834.8	0.012	0.003
174	2825.9	0.016	0.005
175	2817.0	0.020	0.008
176	2808.1	0.026	0.013
177	2799.2	0.033	0.019
178	2790.3	0.041	0.028
179	2781.5	0.049	0.039
180	2772.6	0.059	0.052
181	2763.7	0.070	0.067
182	2754.9	0.081	0.083
183	2746.0	0.093	0.100
184	2737.1	0.105	0.115
185	2728.2	0.116	0.130
186	2719.3	0.127	0.143
187	2710.4	0.137	0.155
188	2701.6	0.146	0.164
189	2692.7	0.153	0.172
190	2683.8	0.159	0.177
191	2674.9	0.163	0.180
192	2666.1	0.165	0.181
193	2657.2	0.166	0.180
194	2648.3	0.165	0.176
195	2639.4	0.162	0.172
196	2630.5	0.159	0.166
197	2621.7	0.155	0.159
198	2612.8	0.149	0.152
199	2603.9	0.143	0.144
200	2595.0	0.137	0.136
201	2586.1	0.131	0.128
202	2577.3	0.126	0.121
203	2568.4	0.121	0.113
204	2559.5	0.117	0.106
205	2550.6	0.113	0.100
206	2541.7	0.111	0.095
207	2532.8	0.109	0.090
208	2523.9	0.109	0.087
209	2514.9	0.110	0.084
210	2506.0	0.113	0.085
211	2497.2	0.119	0.088
212	2488.4	0.127	0.096
213	2479.6	0.136	0.106
214	2470.7	0.149	0.122
215	2461.8	0.163	0.142
216	2452.9	0.180	0.166
217	2444.0	0.199	0.193
218	2435.1	0.219	0.222
219	2426.2	0.239	0.250
220	2417.4	0.259	0.278
221	2408.5	0.279	0.303
222	2399.6	0.297	0.325
223	2390.7	0.314	0.344
224	2381.8	0.328	0.359
225	2373.0	0.340	0.371
226	2364.1	0.349	0.379
227	2355.2	0.356	0.384
228	2346.3	0.360	0.385
229	2337.4	0.361	0.384
230	2328.6	0.360	0.379
231	2319.7	0.356	0.373
232	2310.8	0.350	0.365
233	2301.9	0.343	0.355
234	2293.0	0.335	0.344
235	2284.2	0.326	0.332
236	2275.3	0.315	0.319
237	2266.4	0.304	0.305
238	2257.5	0.292	0.292
239	2248.6	0.280	0.278
240	2239.8	0.267	0.265
241	2230.9	0.255	0.252
242	2222.0	0.243	0.239
243	2213.0	0.230	0.226
244	2204.2	0.218	0.214
245	2195.3	0.207	0.202
246	2186.4	0.195	0.191
247	2177.5	0.184	0.179
248	2168.6	0.173	0.168
249	2159.7	0.163	0.158
250	2150.8	0.153	0.148
251	2141.9	0.143	0.138
252	2133.0	0.135	0.129
253	2124.1	0.130	0.120
254	2115.2	0.126	0.112
255	2106.3	0.125	0.104
256	2097.4	0.125	0.097
257	2088.5	0.126	0.092
258	2079.5	0.128	0.089
259	2070.6	0.132	0.088
260	2061.7	0.139	0.090
261	2052.7	0.151	0.096
262	2043.8	0.168	0.110
263	2034.9	0.190	0.135
264	2025.9	0.216	0.169
265	2017.0	0.245	0.209
266	2008.1	0.278	0.257
267	1999.1	0.315	0.314
268	1990.2	0.355	0.373
269	1981.2	0.399	0.431
270	1972.3	0.440	0.483
271	1963.4	0.480	0.528
272	1954.4	0.517	0.567
273	1945.5	0.550	0.597
274	1936.6	0.577	0.620
275	1927.7	0.599	0.638
276	1918.7	0.617	0.651
277	1909.8	0.629	0.660
278	1900.9	0.637	0.664
279	1892.0	0.642	0.667
280	1883.0	0.644	0.666
281	1874.1	0.643	0.663
282	1865.1	0.640	0.658
283	1856.2	0.634	0.651
284	1847.3	0.627	0.642
285	1838.3	0.618	0.631
286	1829.4	0.608	0.619
287	1820.5	0.596	0.606
288	1811.5	0.583	0.591
289	1802.6	0.569	0.576
290	1793.7	0.555	0.561
291	1784.7	0.539	0.544
292	1775.8	0.523	0.528
293	1766.9	0.507	0.511
294	1757.9	0.490	0.493
295	1749.0	0.472	0.475
296	1740.1	0.455	0.457
297	1731.1	0.437	0.439
298	1722.2	0.419	0.420
299	1713.2	0.401	0.401
300	1704.3	0.383	0.382
301	1695.4	0.365	0.363
302	1686.5	0.347	0.345
303	1677.5	0.329	0.326
304	1668.5	0.311	0.307
305	1659.5	0.293	0.289
306	1650.5	0.276	0.271
307	1641.5	0.259	0.254
308	1632.6	0.242	0.237
309	1623.7	0.227	0.221
310	1614.8	0.211	0.205
311	1605.8	0.196	0.190
312	1596.9	0.182	0.175
313	1588.0	0.168	0.162
314	1579.0	0.155	0.148
315	1570.0	0.143	0.136
316	1561.1	0.131	0.124
317	1552.1	0.120	0.113
318	1543.2	0.109	0.103
319	1534.3	0.099	0.094
320	1525.3	0.090	0.084
321	1516.4	0.082	0.076
322	1507.4	0.074	0.069
323	1498.5	0.067	0.062
324	1489.5	0.060	0.055
325	1480.6	0.054	0.049
326	1471.6	0.048	0.044
327	1462.7	0.043	0.039
328	1453.7	0.038	0.035
329	1444.7	0.034	0.031
330	1435.8	0.030	0.027
331	1426.9	0.027	0.024
332	1417.9	0.024	0.021
333	1408.9	0.021	0.019
334	1400.0	0.020	0.016
335	1391.0	0.029	0.014
336	1382.1	0.044	0.012
337	1373.1	0.062	0.011
338	1364.2	0.077	0.015
339	1355.2	0.090	0.022
340	1346.3	0.107	0.038
341	1337.3	0.132	0.056
342	1328.4	0.176	0.087
343	1319.4	0.245	0.150
344	1310.5	0.308	0.249
345	1301.5	0.373	0.359
346	1292.5	0.445	0.471
347	1283.6	0.531	0.610
348	1274.6	0.627	0.737
349	1265.6	0.704	0.805
350	1256.7	0.762	0.845
351	1247.7	0.815	0.870
352	1238.8	0.852	0.887
353	1229.8	0.874	0.896
354	1220.9	0.887	0.903
355	1211.8	0.895	0.906
356	1202.8	0.899	0.908
357	1193.9	0.900	0.909
358	1184.9	0.900	0.907
359	1175.9	0.898	0.905
360	1166.9	0.895	0.902
361	1158.0	0.891	0.898
362	1149.0	0.886	0.892
363	1140.0	0.879	0.886
364	1131.0	0.872	0.879
365	1122.1	0.864	0.870
366	1113.2	0.855	0.861
367	1104.2	0.844	0.851
368	1095.2	0.833	0.840
369	1086.2	0.821	0.828
370	1077.2	0.807	0.815
371	1068.3	0.793	0.801
372	1059.3	0.777	0.785
373	1050.4	0.760	0.768
374	1041.4	0.741	0.750
375	1032.5	0.722	0.730
376	1023.5	0.700	0.709
377	1014.6	0.678	0.687
378	1005.6	0.654	0.662
379	996.7	0.629	0.637
380	987.7	0.603	0.610
381	978.8	0.575	0.581
382	969.8	0.546	0.551
383	960.2	0.514	0.518
384	949.9	0.479	0.482
