#Processing Run 48591 for polarization tables
#The run table thinks this was a DPERPL2 run
#Corresponding AMO file is :/home/clasg8/rootbeer2.1/dat/pol/amo_tesc_48579.dat
#Coherent Edge positions for TESC events follow:
#Event	Coh Edge	PolPlane(PARA=0,PERP=1,AMO=2,CHANGING=3)
0	722131	1686.1	1
722131	730475	1689.7	1
730475	739937	1690.1	1
739937	758882	1689.1	1
758882	772850	1689.9	1
772850	786969	1688.7	1
786969	801181	1690.5	1
801181	818003	1689.7	1
818003	829112	1688.7	1
829112	842905	1689.7	1
842905	865912	1690.3	1
865912	876646	1688.1	1
876646	889384	1686.1	1
889384	897867	1686.3	1
897867	916902	1689.7	1
916902	932598	1689.7	1
932598	946387	1688.5	1
946387	962659	1689.9	1
962659	974658	1691.5	1
974658	991076	1689.5	1
991076	1006554	1690.3	1
1006554	1021431	1687.9	1
1021431	1030629	1685.7	1
1030629	1048443	1687.9	1
1048443	1061683	1687.9	1
1061683	1075676	1687.9	1
1075676	1088916	1689.5	1
1088916	1107085	1686.9	1
1107085	1116856	1694.0	1
1116856	1135102	1693.1	1
1135102	1149326	1687.1	1
1149326	1167059	1686.5	1
1167059	1177139	1687.9	1
1177139	1190623	1688.9	1
1190623	1207370	1688.7	1
1207370	1226212	1690.7	1
1226212	1233507	1690.9	1
1233507	1246586	1689.7	1
1246586	1266132	1688.7	1
1266132	1280631	1690.3	1
1280631	1301114	1689.3	1
1301114	1309819	1690.7	1
1309819	1326165	1688.7	1
1326165	1338595	1688.5	1
1338595	1348489	1688.7	1
1348489	1366935	1688.5	1
1366935	1384471	1688.3	1
1384471	1393345	1689.9	1
1393345	1414581	1689.5	1
1414581	1421715	1690.3	1
1421715	1441009	1687.7	1
1441009	1456911	1688.3	1
1456911	1465937	1688.9	1
1465937	1484352	1690.5	1
1484352	1493503	1689.7	1
1493503	1512500	1691.1	1
1512500	1526126	1689.1	1
1526126	1544168	1689.1	1
1544168	1555476	1688.1	1
1555476	1567309	1690.9	1
1567309	1591032	1688.3	1
1591032	1601751	1692.7	1
1601751	1613614	1690.7	1
1613614	1629285	1691.1	1
1629285	1641192	1690.9	1
1641192	1657620	1690.7	1
1657620	1669094	1689.5	1
1669094	1682738	1690.1	1
1682738	1701473	1688.3	1
1701473	1709580	1689.1	1
1709580	1733698	1690.5	1
1733698	1744873	1687.5	1
1744873	1761943	1689.9	1
1761943	1773738	1689.1	1
1773738	1789517	1689.7	1
1789517	1803792	1689.5	1
1803792	1813987	1691.3	1
1813987	1831402	1689.7	1
1831402	1840461	1688.1	1
1840461	1859172	1689.7	1
1859172	1876595	1687.9	1
1876595	1887332	1691.3	1
1887332	1901355	1689.5	1
1901355	1915371	1689.1	1
1915371	1929439	1688.5	1
1929439	1950240	1688.5	1
1950240	1961931	1689.1	1
1961931	1976006	1688.9	1
1976006	1991345	1688.5	1
1991345	2004325	1687.7	1
2004325	2026066	1686.7	1
2026066	2028990	1688.7	1
2028990	2044905	1688.1	1
2044905	2057754	1689.9	1
2057754	2072653	1689.9	1
2072653	2091223	1690.9	1
2091223	2110397	1690.9	1
2110397	2121416	1689.5	1
2121416	2133354	1688.7	1
2133354	2144452	1687.3	1
2144452	2163386	1689.7	1
2163386	2173821	1690.7	1
2173821	2194058	1689.3	1
2194058	2210326	1688.7	1
2210326	2221819	1690.1	1
2221819	2239373	1690.3	1
2239373	2251787	1690.5	1
2251787	2265479	1689.1	1
2265479	2278357	1686.7	1
2278357	2292727	1686.3	1
2292727	2309843	1688.1	1
2309843	2325040	1690.9	1
2325040	2340735	1688.9	1
2340735	2347559	1688.9	1
2347559	2368006	1688.1	1
2368006	2378967	1688.5	1
2378967	2391597	1690.5	1
2391597	2405507	1690.5	1
2405507	2419603	1688.9	1
2419603	2434283	1689.3	1
2434283	2468543	1689.1	1
2468543	2481433	1691.7	1
2481433	2493376	1688.5	1
2493376	2506973	1688.3	1
2506973	2526759	1688.5	1
2526759	2542494	1688.1	1
2542494	2556547	1687.9	1
2556547	2563471	1685.9	1
2563471	2578373	1688.3	1
2578373	2598329	1689.1	1
2598329	2611272	1690.5	1
2611272	2627436	1690.1	1
2627436	2638892	1690.3	1
2638892	2653056	1690.5	1
2653056	2675335	1689.5	1
2675335	2687699	1689.9	1
2687699	2696238	1689.5	1
2696238	2714734	1689.1	1
2714734	2727704	1688.5	1
2727704	2750330	1689.7	1
2750330	2758849	1688.9	1
2758849	2769163	1688.1	1
2769163	2783696	1689.7	1
2783696	2800486	1691.7	1
2800486	2814881	1690.3	1
2814881	2833225	1690.7	1
2833225	2843597	1689.1	1
2843597	2854946	1688.5	1
2854946	2869616	1688.1	1
2869616	2892400	1687.5	1
2892400	2905775	1690.9	1
2905775	2919025	1689.9	1
2919025	2926649	1690.1	1
2926649	2947621	1690.9	1
2947621	2961642	1687.3	1
2961642	2973828	1688.7	1
2973828	2989993	1688.5	1
2989993	3007187	1689.5	1
3007187	3015799	1692.1	1
3015799	3037957	1691.1	1
3037957	3049013	1686.9	1
3049013	3058748	1690.1	1
3058748	3076415	1690.9	1
3076415	3090888	1689.7	1
3090888	3110733	1690.1	1
3110733	3121423	1687.5	1
3121423	3131985	1687.7	1
3131985	3150437	1688.5	1
3150437	3163691	1689.1	1
3163691	3178163	1688.9	1
3178163	3191209	1689.9	1
3191209	3209021	1689.7	1
3209021	3226953	1689.9	1
3226953	3234125	1689.3	1
3234125	3255000	1689.5	1
3255000	3267923	1688.7	1
3267923	3282099	1688.1	1
3282099	3296295	1689.5	1
3296295	3304931	1687.9	1
3304931	3324215	1689.1	1
3324215	3339182	1689.9	1
3339182	3346528	1691.5	1
3346528	3360450	1691.3	1
3360450	3378663	1693.1	1
3378663	3399317	1688.5	1
3399317	3415836	1689.7	1
3415836	3429100	1690.1	1
3429100	3439815	1691.1	1
3439815	3453693	1691.1	1
3453693	3471389	1690.7	1
3471389	3481688	1689.9	1
3481688	3501860	1690.9	1
3501860	3516067	1689.1	1
3516067	3523008	1688.5	1
3523008	3541142	1685.9	1
3541142	4267214	1686.3	1
4267214	4287911	1691.1	1
4287911	4301570	1690.5	1
4301570	4315789	1690.3	1
4315789	4322918	1691.7	1
4322918	4337589	1692.8	1
4337589	4356370	1691.9	1
4356370	4369418	1690.5	1
4369418	4378479	1690.7	1
4378479	4392314	1689.3	1
4392314	4415100	1690.5	1
4415100	4427448	1692.1	1
4427448	4437646	1688.7	1
4437646	4450714	1691.1	1
4450714	4464717	1690.9	1
4464717	4490584	1690.3	1
4490584	4501637	1689.9	1
4501637	4511101	1689.7	1
4511101	4529636	1690.3	1
4529636	4543175	1688.3	1
4543175	4563556	1690.9	1
4563556	4573287	1687.7	1
4573287	4590026	1690.7	1
4590026	4601047	1688.7	1
4601047	4613395	1689.9	1
4613395	4628732	1690.5	1
4628732	4641025	1690.5	1
4641025	4654855	1690.5	1
4654855	4674779	1687.5	1
4674779	4685103	1689.3	1
4685103	4702345	1691.7	1
4702345	4712906	1690.5	1
4712906	4732862	1688.2	1
4732862	4744854	1688.7	1
4744854	4755539	1691.9	1
4755539	4781448	1691.5	1
4781448	4787569	1691.3	1
4787569	4800238	1690.9	1
4800238	4813205	1687.7	1
4813205	4826965	1691.7	1
4826965	4847370	1692.1	1
4847370	4866358	1688.7	1
4866358	4873272	1688.9	1
4873272	4887343	1690.1	1
4887343	4900786	1691.5	1
4900786	4923802	1691.5	1
4923802	4935453	1689.7	1
4935453	4951111	1688.9	1
4951111	4961106	1687.3	1
4961106	4979162	1692.5	1
4979162	4996063	1691.3	1
4996063	5011433	1689.3	1
5011433	5019389	1691.7	1
5019389	5033506	1690.3	1
5033506	5049692	1690.9	1
5049692	5071523	1690.1	1
5071523	5083790	1690.3	1
5083790	5097779	1687.1	1
5097779	5104650	1689.1	1
5104650	5118301	1690.7	1
5118301	5135902	1691.1	1
5135902	5153588	1691.3	1
5153588	5164079	1690.1	1
5164079	5176867	1690.3	1
5176867	5191042	1692.1	1
5191042	5213673	1690.9	1
5213673	5226005	1689.5	1
5226005	5239460	1688.9	1
5239460	5253673	1688.3	1
5253673	5265218	1687.9	1
5265218	5289367	1690.7	1
5289367	5295846	1690.1	1
5295846	5306735	1690.1	1
5306735	5326185	1689.5	1
5326185	5338528	1691.1	1
5338528	5360168	1690.5	1
5360168	5371870	1689.1	1
5371870	5381693	1691.5	1
5381693	5394079	1692.5	1
5394079	5409914	1690.3	1
5409914	5429768	1690.9	1
5429768	5444583	1692.5	1
5444583	5458648	1692.8	1
5458648	5474302	1688.7	1
5474302	5487497	1689.9	1
5487497	5503920	1689.3	1
5503920	5515671	1690.5	1
5515671	5530963	1689.3	1
5530963	5538296	1689.9	1
5538296	5552286	1690.9	1
5552286	5572326	1690.7	1
5572326	5590455	1690.9	1
5590455	5598701	1693.5	1
5598701	5613717	1690.9	1
5613717	5625890	1691.9	1
5625890	5651244	1689.5	1
5651244	5657829	1689.7	1
5657829	5675526	1690.1	1
5675526	5690736	1692.1	1
5690736	5702460	1690.5	1
5702460	5723409	1691.1	1
5723409	5731185	1690.3	1
5731185	5742357	1690.3	1
5742357	5758880	1691.3	1
5758880	5769168	1690.3	1
5769168	5792694	1689.3	1
5792694	5803407	1688.9	1
5803407	5820069	1691.9	1
5820069	5831745	1688.9	1
5831745	5845637	1687.9	1
5845637	5864410	1689.9	1
5864410	5878751	1690.1	1
5878751	5888058	1690.3	1
5888058	5907302	1690.5	1
5907302	5920217	1687.5	1
5920217	5934801	1689.5	1
5934801	5947002	1688.7	1
5947002	5957231	1688.9	1
5957231	5969556	1689.3	1
5969556	5983932	1690.3	1
5983932	6008377	1693.0	1
6008377	6018622	1690.5	1
6018622	6037715	1690.9	1
6037715	6048665	1689.9	1
6048665	6062550	1690.3	1
6062550	6079180	1687.1	1
6079180	6089508	1691.1	1
6089508	6104637	1691.9	1
6104637	6121115	1691.7	1
6121115	6131797	1690.5	1
6131797	6150911	1691.1	1
6150911	6161860	1690.5	1
6161860	6182805	1691.9	1
6182805	6190196	1690.7	1
6190196	6204785	1690.1	1
6204785	6226527	1688.9	1
6226527	6240626	1689.5	1
6240626	6254421	1689.7	1
6254421	6267591	1690.7	1
6267591	6276789	1691.3	1
6276789	6301852	1690.7	1
6301852	6307881	1692.9	1
6307881	6325405	1692.3	1
6325405	6340660	1688.3	1
6340660	6351238	1689.3	1
6351238	6367031	1690.1	1
6367031	6379116	1689.9	1
6379116	6399963	1689.7	1
6399963	6407013	1689.3	1
6407013	6421070	1690.3	1
6421070	6441972	1689.7	1
6441972	6450945	1689.5	1
6450945	6466811	1688.7	1
6466811	6479832	1688.7	1
6479832	6500674	1688.1	1
6500674	6512990	1690.3	1
6512990	6529328	1690.5	1
6529328	6539936	1689.3	1
6539936	6553554	1688.7	1
6553554	6567283	1691.1	1
6567283	6591246	1690.3	1
6591246	6602999	1689.7	1
6602999	6617015	1689.7	1
6617015	6629783	1688.3	1
6629783	6638022	1690.1	1
6638022	6661007	1690.9	1
6661007	6672965	1693.2	1
6672965	6691821	1694.8	1
6691821	6702286	1692.3	1
6702286	6714371	1691.7	1
6714371	6733480	1690.1	1
6733480	6752622	1691.1	1
6752622	6763733	1689.1	1
6763733	6783188	1689.7	1
6783188	6793168	1691.3	1
6793168	6809183	1692.5	1
6809183	6815467	1690.5	1
6815467	6833403	1689.9	1
6833403	6847192	1690.3	1
6847192	6856592	1692.1	1
6856592	6876994	1691.3	1
6876994	6890381	1690.5	1
6890381	6904252	1692.3	1
6904252	6923654	1691.3	1
6923654	6932857	1691.3	1
6932857	6955653	1691.3	1
6955653	6967177	1693.9	1
6967177	6983351	1691.3	1
6983351	6991405	1690.9	1
6991405	7004815	1689.9	1
7004815	7024290	1692.7	1
7024290	7035847	1690.7	1
7035847	7056471	1691.3	1
7056471	7063663	1689.3	1
7063663	7084187	1690.5	1
7084187	7108403	1691.1	1
7108403	7121647	1690.7	1
7121647	7139845	1692.5	1
7139845	7153631	1694.0	1
7153631	7167156	1691.9	1
7167156	7184790	1689.3	1
7184790	7197608	1691.3	1
7197608	7206193	1692.4	1
7206193	7225622	1692.5	1
7225622	7236738	1692.3	1
7236738	7249270	1692.7	1
7249270	7268087	1691.3	1
7268087	7283838	1690.5	1
7283838	7291171	1690.7	1
7291171	7311528	1690.1	1
7311528	7327900	1688.7	1
7327900	7339716	1689.1	1
7339716	7351214	1691.5	1
7351214	7365859	1691.7	1
7365859	7381943	1689.5	1
7381943	7400825	1693.5	1
7400825	7409763	1690.1	1
7409763	7426670	1689.7	1
7426670	7439920	1691.1	1
7439920	7458729	1691.5	1
7458729	7472807	1690.1	1
7472807	7482182	1691.1	1
7482182	7495883	1691.3	1
7495883	7514381	1688.7	1
7514381	7534981	1691.5	1
7534981	7541257	1691.3	1
7541257	7555009	1691.1	1
7555009	7572634	1692.3	1
7572634	7583556	1692.1	1
7583556	7602533	1689.9	1
7602533	7618493	1691.9	1
7618493	7630887	1691.7	1
7630887	7645908	1691.1	1
7645908	7659896	1690.1	1
7659896	7672059	1691.7	1
7672059	7684360	1693.4	1
7684360	7702739	1691.7	1
7702739	7712186	1691.5	1
7712186	7729681	1690.3	1
7729681	7750236	1691.3	1
7750236	7762615	1691.1	1
7762615	7775165	1692.3	1
7775165	7791180	1692.1	1
7791180	7799227	1692.3	1
7799227	7821301	1691.1	1
7821301	7826606	1692.5	1
7826606	7846428	1692.5	1
7846428	7853276	1694.2	1
7853276	7874748	1691.5	1
7874748	7887472	1690.5	1
7887472	7907309	1690.1	1
7907309	7916052	1691.3	1
7916052	7932075	1689.9	1
7932075	7941980	1691.9	1
7941980	7960678	1692.7	1
7960678	7979174	1690.7	1
7979174	7989999	1689.3	1
7989999	8006549	1690.3	1
8006549	8019193	1688.7	1
8019193	8035926	1688.7	1
8035926	8051778	1689.7	1
8051778	8069680	1690.5	1
8069680	8076479	1689.3	1
8076479	8090378	1692.3	1
8090378	8111683	1690.5	1
8111683	8122286	1691.7	1
8122286	8132283	1690.3	1
8132283	8151353	1690.3	1
8151353	8165501	1688.3	1
8165501	8176654	1689.3	1
8176654	8194558	1691.3	1
8194558	8203795	1692.8	1
8203795	8222245	1690.7	1
8222245	8236467	1689.7	1
8236467	8249020	1691.7	1
8249020	8263662	1690.5	1
8263662	8273788	1691.9	1
8273788	8287419	1689.7	1
8287419	8307165	1689.1	1
8307165	8321247	1690.3	1
8321247	8339733	1690.7	1
8339733	8346097	1690.5	1
8346097	8360424	1687.9	1
8360424	8374357	1690.9	1
8374357	8395226	1690.1	1
8395226	8405481	1689.3	1
8405481	8425121	1690.5	1
8425121	8432476	1690.5	1
8432476	8449589	1690.3	1
8449589	8468836	1691.7	1
8468836	8481369	1690.1	1
8481369	8496988	1690.9	1
8496988	8504309	1692.1	1
8504309	8517614	1694.4	1
8517614	8537596	1692.7	1
8537596	8555170	1685.9	1
8555170	8569149	1686.5	1
8569149	8576085	1686.9	1
8576085	8597158	1687.7	1
8597158	8609679	1687.7	1
8609679	8621607	1688.9	1
8621607	8635019	1689.9	1
8635019	8649492	1691.1	1
8649492	8665622	1692.3	1
8665622	8687321	1690.9	1
8687321	8695424	1688.5	1
8695424	8709392	1692.5	1
8709392	8730157	1691.1	1
8730157	8740972	1691.1	1
8740972	8761643	1690.7	1
8761643	8768309	1691.7	1
8768309	8779669	1689.9	1
8779669	8799549	1691.3	1
8799549	8813126	1691.7	1
8813126	8828235	1692.8	1
8828235	8843150	1690.1	1
8843150	8861864	1689.5	1
8861864	8869858	1690.5	1
8869858	8881624	1689.1	1
8881624	8900342	1690.1	1
8900342	8912017	1691.1	1
8912017	8929943	1691.9	1
8929943	8940371	1689.9	1
8940371	8959048	1689.1	1
8959048	8974822	1691.1	1
8974822	8990791	1690.1	1
8990791	9003430	1689.7	1
9003430	9015137	1691.7	1
9015137	9029979	1692.5	1
9029979	9049584	1692.9	1
9049584	9057939	1691.9	1
9057939	9077819	1692.7	1
9077819	9091422	1693.0	1
9091422	9099927	1692.1	1
9099927	9126222	1691.1	1
9126222	9134662	1689.7	1
9134662	9147931	1689.3	1
9147931	9168415	1692.1	1
9168415	9175657	1689.3	1
9175657	9190897	1689.7	1
9190897	9202724	1689.9	1
9202724	9219017	1690.7	1
9219017	9236770	1688.7	1
9236770	9245857	1690.7	1
9245857	9264890	1689.3	1
9264890	9275110	1686.7	1
9275110	9296052	1687.5	1
9296052	9303177	1691.3	1
9303177	9318576	1691.7	1
9318576	9340273	1693.1	1
9340273	9351642	1691.7	1
9351642	9366184	1690.9	1
9366184	9373884	1692.7	1
9373884	9393779	1691.3	1
9393779	9407170	1689.7	1
9407170	9421813	1688.9	1
9421813	9428713	1690.5	1
9428713	9442477	1689.7	1
9442477	9463517	1692.3	1
9463517	9482546	1690.5	1
9482546	9501539	1688.9	1
9501539	9512322	1690.9	1
9512322	9525724	1690.5	1
9525724	9535859	1691.1	1
9535859	9557036	1690.1	1
9557036	9568974	1690.1	1
9568974	9577024	1692.5	1
9577024	9595488	1691.9	1
9595488	9609319	1691.5	1
9609319	9629743	1692.7	1
9629743	9636650	1692.1	1
9636650	9654953	1690.9	1
9654953	9670436	1688.7	1
9670436	9678317	1687.9	1
9678317	9696055	1687.9	1
9696055	9708538	1689.7	1
9708538	9720097	1691.7	1
9720097	9738607	1690.9	1
9738607	9754829	1690.3	1
9754829	9773880	1691.1	1
9773880	9780366	1693.8	1
9780366	9793057	1694.8	1
9793057	9812815	1691.7	1
9812815	9821525	1690.3	1
9821525	9840758	1690.5	1
9840758	9853806	1691.9	1
9853806	9866787	1693.1	1
9866787	9874814	1690.7	1
9874814	9894638	1692.1	1
9894638	9914791	1691.1	1
9914791	9928064	1691.1	1
9928064	9936183	1689.9	1
9936183	9955593	1691.3	1
9955593	9971912	1687.5	1
9971912	9982861	1690.5	1
9982861	9999826	1691.1	1
9999826	10010649	1692.3	1
10010649	10021689	1690.9	1
10021689	10042938	1690.3	1
10042938	10055676	1691.3	1
10055676	10073803	1691.3	1
10073803	10088163	1692.5	1
10088163	10102281	1688.7	1
10102281	10116316	1688.1	1
10116316	10128747	1687.9	1
10128747	10144198	1692.3	1
10144198	10156730	1690.1	1
10156730	10171904	1691.1	1
10171904	10185709	1692.5	1
10185709	10202764	1691.3	1
10202764	10217916	1691.5	1
10217916	10226861	1691.1	1
10226861	10240880	1689.5	1
10240880	10258023	1688.3	1
10258023	10274990	1691.1	1
10274990	10289417	1692.1	1
10289417	10299968	1690.7	1
10299968	10316361	1690.1	1
10316361	10331310	1690.9	1
10331310	10345582	1691.3	1
10345582	10356962	1688.1	1
10356962	10370495	1693.6	1
10370495	10390188	1693.1	1
10390188	10399328	1685.9	1
10399328	10419292	1687.9	1
10419292	10434121	1690.7	1
10434121	10449846	1691.5	1
10449846	10460246	1690.3	1
10460246	10474576	1691.3	1
10474576	10489288	1689.1	1
10489288	10498829	1691.5	1
10498829	10516388	1689.9	1
10516388	10529566	1688.7	1
10529566	10539962	1690.1	1
10539962	10565007	1690.7	1
10565007	10574043	1691.9	1
10574043	10588005	1692.5	1
10588005	10608161	1691.3	1
10608161	10621706	1692.7	1
10621706	10634504	1691.9	1
10634504	10650320	1690.7	1
10650320	10664370	1690.7	1
10664370	10678273	1690.7	1
10678273	10692002	1690.7	1
10692002	10704619	1692.1	1
10704619	10718068	1692.5	1
10718068	10732264	1691.7	1
10732264	10747766	1689.9	1
10747766	10761876	1691.3	1
10761876	10782675	1691.5	1
10782675	10797235	1690.9	1
10797235	10809612	1689.9	1
10809612	10824583	1690.1	1
10824583	10836141	1691.3	1
10836141	10851403	1691.7	1
10851403	10859094	1690.5	1
10859094	10874169	1691.5	1
10874169	10886972	1691.9	1
10886972	10907135	1693.2	1
10907135	10928519	1693.2	1
10928519	10939550	1691.3	1
10939550	10948750	1691.5	1
10948750	10966169	1691.1	1
10966169	10976410	1692.5	1
10976410	10999024	1690.5	1
10999024	11012203	1690.3	1
11012203	11021447	1691.3	1
11021447	11033662	1688.9	1
11033662	11053085	1691.5	1
11053085	11068214	1691.3	1
11068214	11086527	1690.7	1
11086527	11092097	1688.9	1
11092097	11105822	1689.9	1
11105822	11126290	1690.7	1
11126290	11144241	1689.5	1
11144241	11157459	1690.9	1
11157459	11169860	1690.7	1
11169860	11186405	1691.1	1
11186405	11197959	1691.9	1
11197959	11213103	1688.5	1
11213103	11229821	1688.1	1
11229821	11242244	1690.9	1
11242244	11251450	1693.1	1
11251450	11264645	1693.3	1
11264645	11284165	1690.9	1
11284165	11292346	1689.7	1
11292346	11311965	1690.1	1
11311965	11325965	1694.0	1
11325965	11340074	1690.3	1
11340074	11358359	1689.1	1
11358359	11375627	1688.3	1
11375627	11386888	1690.3	1
11386888	11397163	1690.3	1
11397163	11411203	1691.1	1
11411203	11429645	1691.3	1
11429645	11441476	1690.9	1
11441476	11455029	1689.3	1
11455029	11469383	1689.1	1
11469383	11483157	1690.3	1
11483157	11506187	1690.3	1
11506187	11516579	1689.7	1
11516579	11532222	1691.3	1
11532222	11539897	1690.9	1
11539897	11554543	1689.5	1
11554543	11575636	1690.1	1
11575636	11589714	1690.3	1
11589714	11617624	1691.7	1
11617624	11631859	1691.1	1
11631859	11645798	1689.9	1
11645798	11666480	1689.5	1
11666480	11678028	1691.5	1
11678028	11686598	1690.5	1
11686598	11705949	1693.8	1
11705949	11719444	1691.9	1
11719444	11736155	1691.5	1
11736155	11744156	1690.7	1
11744156	11758322	1691.7	1
11758322	11773112	1691.3	1
11773112	11798393	1691.9	1
11798393	11802793	1692.1	1
11802793	11822803	1693.2	1
11822803	11830378	1690.9	1
11830378	11843934	1692.7	1
11843934	11868378	1691.5	1
11868378	11879213	1694.8	1
11879213	11889346	1693.2	1
11889346	11903219	1693.3	1
11903219	11921543	1692.1	1
11921543	11936754	1691.7	1
11936754	11946868	1691.3	1
11946868	11963062	1689.1	1
11963062	11979887	1688.3	1
11979887	11988371	1690.3	1
11988371	12012823	1690.5	1
12012823	12022130	1692.3	1
12022130	12036115	1692.3	1
12036115	12055833	1690.1	1
12055833	12068237	1690.7	1
12068237	12081813	1690.5	1
12081813	12097429	1691.5	1
12097429	12111014	1692.6	1
12111014	12127122	1690.3	1
12127122	12138884	1691.1	1
12138884	12156879	1689.1	1
12156879	12170617	1690.9	1
12170617	12182136	1686.7	1
12182136	12193829	1690.5	1
12193829	12208006	1685.3	1
12208006	12230409	1694.2	1
12230409	12247515	1688.1	1
12247515	12254469	1690.1	1
12254469	12271148	1691.1	1
12271148	12282856	1692.5	1
12282856	12306087	1693.1	1
12306087	12317275	1692.7	1
12317275	12331897	1690.1	1
12331897	12339579	1690.1	1
12339579	12357909	1690.3	1
12357909	12378456	1691.9	1
12378456	12393037	1690.9	1
12393037	12406770	1690.9	1
12406770	12420348	1690.7	1
12420348	12432172	1691.9	1
12432172	12451288	1692.7	1
12451288	12458336	1691.3	1
12458336	12481595	1690.1	1
12481595	12491101	1688.3	1
12491101	12504750	1689.5	1
12504750	12525523	1692.5	1
12525523	12532919	1692.1	1
12532919	12549576	1691.9	1
12549576	12559327	1689.9	1
12559327	12578700	1692.1	1
12578700	12601560	1693.8	1
12601560	12612688	1691.9	1
12612688	12628496	1693.4	1
12628496	12635139	1690.9	1
12635139	12659385	1693.3	1
12659385	12677648	1689.5	1
12677648	12681431	1691.1	1
12681431	12696794	1691.3	1
12696794	12715680	1692.1	1
12715680	12729554	1692.7	1
12729554	12742558	1690.9	1
12742558	12757194	1691.3	1
12757194	12775108	1690.3	1
12775108	12784947	1686.7	1
12784947	12801417	1691.5	1
12801417	12818727	1690.7	1
12818727	12829375	1693.4	1
12829375	12839750	1690.9	1
12839750	12854227	1693.4	1
12854227	12868259	1693.1	1
12868259	12890410	1690.9	1
12890410	12905318	1690.9	1
12905318	12919791	1688.3	1
12919791	12933831	1690.5	1
12933831	12945944	1692.4	1
12945944	12960062	1694.2	1
12960062	12972923	1691.3	1
12972923	12986309	1691.5	1
12986309	13000753	1694.8	1
13000753	13013562	1691.7	1
13013562	13039084	1691.9	1
13039084	13051148	1691.5	1
13051148	13065179	1691.1	1
13065179	13072153	1692.3	1
13072153	13089411	1692.1	1
13089411	13104415	1690.3	1
13104415	13117129	1691.3	1
13117129	13130618	1689.9	1
13130618	13144952	1692.3	1
13144952	13159635	1689.1	1
13159635	13178217	1690.5	1
13178217	13196508	1690.3	1
13196508	13204949	1688.7	1
13204949	13224500	1689.1	1
13224500	13232825	1693.4	1
13232825	13251454	1693.8	1
13251454	13268576	1693.8	1
13268576	13275623	1692.3	1
13275623	13295809	1690.7	1
13295809	13310492	1689.5	1
13310492	13328038	1688.7	1
13328038	13342783	1688.3	1
13342783	13350825	1689.3	1
13350825	13369274	1689.1	1
13369274	13383626	1690.7	1
13383626	13397295	1689.9	1
13397295	13408574	1692.5	1
13408574	13422854	1691.3	1
13422854	13443627	1691.3	1
13443627	13450861	1690.5	1
13450861	13477597	1689.9	1
13477597	13487987	1690.3	1
13487987	13501880	1691.9	1
13501880	13510449	1695.2	1
13510449	13530431	1695.4	1
13530431	13543227	1691.1	1
13543227	13562845	1692.8	1
13562845	13570019	1692.1	1
13570019	13583642	1691.1	1
13583642	13602617	1691.5	1
13602617	13613378	1688.9	1
13613378	13629823	1691.1	1
13629823	13646787	1690.9	1
13646787	13660289	1691.1	1
13660289	13675149	1692.1	1
13675149	13689224	1692.3	1
13689224	13703771	1690.5	1
13703771	13716135	1690.3	1
13716135	13731356	1690.7	1
13731356	13742317	1689.3	1
13742317	13762464	1689.3	1
13762464	13777849	1688.9	1
13777849	13794012	1691.1	1
13794012	13807887	1690.5	1
13807887	13815390	1691.5	1
13815390	13835860	1688.9	1
13835860	13850020	1690.3	1
13850020	13859370	1689.5	1
13859370	13873413	1689.7	1
13873413	13888225	1688.1	1
13888225	13905843	1690.1	1
13905843	13925664	1691.9	1
13925664	13934200	1691.7	1
13934200	13947189	1690.5	1
13947189	13967673	1692.9	1
13967673	13979594	1693.4	1
13979594	13997387	1691.7	1
13997387	14010981	1691.3	1
14010981	14024915	1689.9	1
14024915	14037269	1688.7	1
14037269	14051856	1689.5	1
14051856	14064723	1690.9	1
14064723	14079118	1701.5	1
14079118	14093137	1698.0	1
14093137	14111222	1697.6	1
14111222	14128775	1689.7	1
14128775	14139646	1689.5	1
14139646	14149531	1690.7	1
14149531	14163643	1689.9	1
14163643	14183171	1688.5	1
14183171	14197342	1690.3	1
14197342	14212778	1691.1	1
14212778	14227785	1688.5	1
14227785	14236913	1690.1	1
14236913	14251307	1689.5	1
14251307	14269810	1692.1	1
14269810	14285688	1689.5	1
14285688	14297842	1690.5	1
14297842	14312514	1691.9	1
14312514	14323897	1690.5	1
14323897	14344596	1691.9	1
14344596	14353428	1691.9	1
14353428	14369619	1690.7	1
14369619	14390241	1692.1	1
14390241	14401972	1692.1	1
14401972	14420180	1690.9	1
14420180	14430945	1691.7	1
14430945	14443095	1689.7	1
14443095	14456425	1688.5	1
14456425	14470334	1688.5	1
14470334	14492188	1690.5	1
14492188	14507965	1691.7	1
14507965	14515102	1691.1	1
14515102	14535087	1691.7	1
14535087	14550145	1692.1	1
14550145	14563191	1690.1	1
14563191	14577617	1690.9	1
14577617	14592888	1690.9	1
14592888	14605427	1687.7	1
14605427	14620096	1689.3	1
14620096	14633126	1688.7	1
14633126	14647224	1690.1	1
14647224	14667462	1690.3	1
14667462	14675720	1689.9	1
14675720	14688812	1691.1	1
14688812	14710820	1692.1	1
14710820	14724948	1689.1	1
14724948	14732622	1687.3	1
14732622	14752834	1690.1	1
14752834	14766785	1691.9	1
14766785	14786586	1691.7	1
14786586	14793176	1691.3	1
14793176	14806065	1689.7	1
14806065	14820722	1688.9	1
14820722	14834402	1690.3	1
14834402	14856030	1691.3	1
14856030	14864456	1691.3	1
14864456	14884698	1691.1	1
14884698	14898075	1692.3	1
14898075	14904891	1692.1	1
14904891	14930116	1693.2	1
14930116	14955180	1691.7	1
14955180	14965644	1691.3	1
14965644	14977924	1693.3	1
14977924	15001664	1692.3	1
15001664	15016867	1690.5	1
15016867	15027026	1690.1	1
15027026	15044160	1691.1	1
15044160	15058492	1689.9	1
15058492	15071942	1692.1	1
15071942	15084400	1692.1	1
15084400	15103561	1692.7	1
15103561	15116558	1693.2	1
15116558	15123861	1692.1	1
15123861	15143839	1690.9	1
15143839	15157877	1724.7	1
15157877	15171306	1724.3	1
15171306	15179230	1719.9	1
15179230	15204278	1715.1	1
15204278	15215493	1710.1	1
15215493	15227848	1709.3	1
15227848	15240669	1709.5	1
15240669	15255887	1704.9	1
15255887	15277008	1701.7	1
15277008	15288151	1696.0	1
15288151	15296279	1696.6	1
15296279	15311295	1698.9	1
15311295	15328537	1697.6	1
15328537	15347367	1695.0	1
15347367	15356423	1694.6	1
15356423	15374185	1694.2	1
15374185	15390511	1694.0	1
15390511	15402297	1694.4	1
15402297	15417252	1695.4	1
15417252	15427187	1694.8	1
15427187	15448457	1696.4	1
15448457	15456693	1693.4	1
15456693	15475648	1693.9	1
15475648	15489839	1690.9	1
15489839	15499953	1692.8	1
15499953	15514240	1693.4	1
15514240	15535202	1694.4	1
15535202	15549273	1691.5	1
15549273	15563506	1693.0	1
15563506	15577529	1691.1	1
15577529	15589361	1694.2	1
15589361	15606763	1694.2	1
15606763	15620107	1693.0	1
15620107	15633623	1691.9	1
15633623	15654923	1692.1	1
15654923	15668831	1691.5	1
15668831	15681543	1693.6	1
15681543	15695529	1691.5	1
15695529	15715250	1691.7	1
15715250	15723863	1695.4	1
15723863	15739818	1691.9	1
15739818	15753631	1690.9	1
15753631	15770472	1690.5	1
15770472	15784670	1689.1	1
15784670	15801952	1691.1	1
15801952	15816058	1691.5	1
15816058	15830159	1690.7	1
15830159	15844613	1687.9	1
15844613	15857171	1698.0	1
15857171	15869195	1694.7	1
15869195	15884448	1692.4	1
15884448	15895511	1691.5	1
15895511	15916892	1690.5	1
15916892	15926713	1689.8	1
15926713	15939761	1691.9	1
15939761	15960198	1691.1	1
15960198	15968641	1691.1	1
15968641	15981558	1691.5	1
15981558	15999213	1692.9	1
15999213	16016338	1693.2	1
16016338	16030736	1692.5	1
16030736	16045126	1691.5	1
16045126	16053974	1690.1	1
16053974	16074398	1691.7	1
16074398	16085922	1689.7	1
16085922	16099028	1690.5	1
16099028	16118946	1693.8	1
16118946	16127616	1692.3	1
16127616	16151729	1692.5	1
16151729	16163416	1691.5	1
16163416	16178213	1688.7	1
16178213	16189678	1691.7	1
16189678	16206000	1693.8	1
16206000	16223895	1690.3	1
16223895	16230466	1691.1	1
16230466	16243908	1692.1	1
16243908	16262623	1691.9	1
16262623	16281329	1692.1	1
16281329	16293171	1691.3	1
16293171	16311065	1690.1	1
16311065	16324968	1689.3	1
16324968	16330863	1691.9	1
16330863	16352957	1692.1	1
16352957	16365424	1692.9	1
16365424	16381230	1693.2	1
16381230	16390704	1691.9	1
16390704	16409907	1689.3	1
16409907	16423315	1691.9	1
16423315	16440603	1692.7	1
16440603	16450116	1692.1	1
16450116	16463320	1690.5	1
16463320	16481221	1691.7	1
16481221	16497558	1690.9	1
16497558	16518464	1692.3	1
16518464	16529024	1693.4	1
16529024	16542947	1691.1	1
16542947	16558076	1692.1	1
16558076	16570741	1691.7	1
16570741	16583107	1691.7	1
16583107	16600742	1689.1	1
16600742	16614125	1690.5	1
16614125	16622365	1690.1	1
16622365	16640910	1692.9	1
16640910	16661903	1694.8	1
16661903	16674594	1693.6	1
16674594	16687987	1691.9	1
16687987	16696367	1690.7	1
16696367	16711421	1690.3	1
16711421	16730941	1691.5	1
16730941	16742259	1690.5	1
16742259	16761809	1689.5	1
16761809	16775431	1694.2	1
16775431	16788077	1693.2	1
16788077	16808574	1694.6	1
16808574	16813263	1694.8	1
16813263	16831011	1695.2	1
16831011	16837813	1695.4	1
16837813	16852392	1692.7	1
16852392	16874994	1692.5	1
16874994	16882301	1689.5	1
16882301	16903306	1688.7	1
16903306	16910228	1689.9	1
16910228	16930294	1690.1	1
16930294	16948714	1692.5	1
16948714	16954868	1692.3	1
16954868	16969219	1692.7	1
16969219	16982782	1693.8	1
16982782	16999210	1692.3	1
16999210	17018243	1689.9	1
17018243	17034549	1688.3	1
17034549	17049432	1690.7	1
17049432	17057291	1694.0	1
17057291	17071401	1691.5	1
17071401	17090515	1690.9	1
17090515	17101527	1691.3	1
17101527	17120913	1691.9	1
17120913	17134832	1692.1	1
17134832	17148952	1690.9	1
17148952	17166447	1689.5	1
17166447	17182604	1690.3	1
17182604	17197167	1688.5	1
17197167	17203129	1691.1	1
17203129	17218295	1692.9	1
17218295	17238848	1691.3	1
17238848	17254101	1689.9	1
17254101	17266585	1691.7	1
17266585	17276471	1692.5	1
17276471	17293970	1690.5	1
17293970	17307449	1689.5	1
17307449	17318112	1687.5	1
17318112	17338995	1691.9	1
17338995	17345842	1691.1	1
17345842	17359767	1690.7	1
17359767	17385733	1690.5	1
17385733	17398230	1693.6	1
17398230	17408970	1692.7	1
17408970	17430137	1690.7	1
17430137	17440247	1690.7	1
17440247	17456081	1692.1	1
17456081	17468233	1691.9	1
17468233	17485256	1691.1	1
17485256	17494647	1692.3	1
17494647	17509199	1691.7	1
17509199	17524848	1691.9	1
17524848	17542312	1691.7	1
17542312	17554905	1692.9	1
17554905	17563250	1692.7	1
17563250	17584357	1690.1	1
17584357	17602246	1692.9	1
17602246	17612124	1691.5	1
17612124	17633007	1691.5	1
17633007	17645950	1690.5	1
17645950	17660484	1692.3	1
17660484	17674565	1693.6	1
17674565	17692750	1688.9	1
17692750	17703370	1689.9	1
17703370	17713136	1690.1	1
17713136	17726667	1692.7	1
17726667	17746725	1689.3	1
17746725	17758809	1689.3	1
17758809	17772760	1688.3	1
17772760	17788931	1690.1	1
17788931	17800645	1692.9	1
17800645	17822573	1691.7	1
17822573	17835360	1690.9	1
17835360	17856320	1690.5	1
17856320	17864449	1689.5	1
17864449	17878601	1689.9	1
17878601	17898003	1691.5	1
17898003	17903684	1691.1	1
17903684	17918609	1692.9	1
17918609	17934360	1690.3	1
17934360	17947026	1691.1	1
17947026	17969891	1690.9	1
17969891	17976978	1690.9	1
17976978	17990893	1691.7	1
17990893	18011808	1689.5	1
18011808	18019408	1690.9	1
18019408	18039915	1691.7	1
18039915	18047025	1691.5	1
18047025	18065751	1692.3	1
18065751	18073775	1692.3	1
18073775	18087646	1690.7	1
18087646	18113222	1689.9	1
18113222	18130974	1692.1	1
18130974	18145964	1690.3	1
18145964	18152581	1689.5	1
18152581	18172957	1691.1	1
18172957	18187320	1691.5	1
18187320	18199964	1690.5	1
18199964	18216760	1692.1	1
18216760	18230097	1690.5	1
18230097	18247066	1691.1	1
18247066	18260221	1691.9	1
18260221	18278740	1692.1	1
18278740	18286889	1691.3	1
18286889	18306595	1690.7	1
18306595	18319890	1689.9	1
18319890	18340312	1690.5	1
18340312	18351103	1692.1	1
18351103	18358692	1691.1	1
18358692	18378897	1691.7	1
18378897	18387886	1691.3	1
18387886	18410802	1692.3	1
18410802	18419173	1690.9	1
18419173	18439525	1690.9	1
18439525	18466763	1688.5	1
18466763	18480770	1691.5	1
18480770	18491303	1692.1	1
18491303	18505727	1692.9	1
18505727	18519751	1691.7	1
18519751	18538982	1691.7	1
18538982	18557768	1692.1	1
18557768	18565204	1691.1	1
18565204	18577960	1689.9	1
18577960	18593328	1691.3	1
18593328	18606430	1691.9	1
18606430	18626427	1692.3	1
18626427	18636037	1691.9	1
18636037	18650460	1691.5	1
18650460	18670744	1692.9	1
18670744	18678395	1691.9	1
18678395	18703124	1690.1	1
18703124	18713330	1689.7	1
18713330	18728618	1691.1	1
18728618	18738440	1691.5	1
18738440	18758322	1691.5	1
18758322	18769790	1690.7	1
18769790	18782964	1691.7	1
18782964	18796225	1691.7	1
18796225	18816988	1691.7	1
18816988	18826025	1689.9	1
18826025	18850495	1692.5	1
18850495	18858819	1691.1	1
18858819	18872785	1691.3	1
18872785	18886850	1692.5	1
18886850	18893789	1690.9	1
18893789	18914192	1691.5	1
18914192	18931984	1691.1	1
18931984	18946479	1691.1	1
18946479	18959274	1692.1	1
18959274	18967839	1692.7	1
18967839	18996106	1689.3	1
18996106	19004121	1690.5	1
19004121	19012946	1693.9	1
19012946	19031150	1692.9	1
19031150	19045533	1716.1	1
19045533	19058572	1713.9	1
19058572	19079637	1710.9	1
19079637	19092714	1701.7	1
19092714	19108999	1702.3	1
19108999	19126291	1703.7	1
19126291	19139387	1700.5	1
19139387	19152228	1702.5	1
19152228	19167956	1698.0	1
19167956	19184022	1697.6	1
19184022	19191538	1697.8	1
19191538	19212221	1695.0	1
19212221	19229689	1693.2	1
19229689	19241992	1694.2	1
19241992	19250474	1694.2	1
19250474	19270227	1692.3	1
19270227	19282657	1692.3	1
19282657	19298750	1691.9	1
19298750	19317111	1693.4	1
19317111	19330740	1693.8	1
19330740	19337466	1692.8	1
19337466	19357529	1690.9	1
19357529	19378749	1691.1	1
19378749	19387880	1689.9	1
19387880	19402572	1690.5	1
19402572	19408775	1693.3	1
19408775	19427627	1693.6	1
19427627	19442718	1693.8	1
19442718	19459430	1693.0	1
19459430	19474950	1693.2	1
19474950	19482572	1693.6	1
19482572	19497068	1690.3	1
19497068	19516256	1694.4	1
19516256	19527283	1694.2	1
19527283	19547298	1690.5	1
19547298	19563287	1687.9	1
19563287	19570466	1687.9	1
19570466	19591531	1689.1	1
19591531	19606121	1690.3	1
19606121	19614875	1690.3	1
19614875	19635037	1688.9	1
19635037	19648289	1686.5	1
19648289	19661213	1691.9	1
19661213	19674140	1690.9	1
19674140	19688586	1689.7	1
19688586	19701642	1691.5	1
19701642	19720228	1691.7	1
19720228	19734554	1693.1	1
19734554	19742380	1691.3	1
19742380	19758093	1691.5	1
19758093	19772547	1689.7	1
19772547	19790056	1688.7	1
19790056	19807961	1690.9	1
19807961	19820256	1692.1	1
19820256	19835199	1688.9	1
19835199	19847205	1692.9	1
19847205	19860492	1691.7	1
19860492	19878145	1693.9	1
19878145	19892399	1692.5	1
19892399	19912351	1691.1	1
19912351	19925663	1690.9	1
19925663	19935900	1690.3	1
19935900	19953653	1690.5	1
19953653	19970712	1691.7	1
19970712	19979621	1694.2	1
19979621	19999193	1693.7	1
19999193	99999999	1692.5	1
