#Processing Run 48153 for polarization tables
#The run table thinks this was a DSWAPL2 run
#Corresponding AMO file is :/home/clasg8/rootbeer2.1/dat/pol/amo_tesc_48151.dat
#Coherent Edge positions for TESC events follow:
#Event	Coh Edge	PolPlane(PARA=0,PERP=1,AMO=2,CHANGING=3)
0	2291	1885.7	1
2291	16345	1885.9	1
16345	37161	1887.2	1
37161	49212	1879.4	1
49212	57581	1881.2	1
57581	71806	1885.0	1
71806	82478	1884.9	1
82478	100530	1888.5	1
100530	114020	1884.7	1
114020	126716	1885.3	1
126716	139204	1886.0	1
139204	151993	1881.2	1
151993	167860	1885.0	1
167860	177236	1883.4	1
177236	190524	1876.6	1
190524	200165	1882.8	1
200165	216224	1887.7	1
216224	230877	1883.0	1
230877	244579	1887.7	1
244579	256831	1884.7	1
256831	266003	1884.3	1
266003	278799	1885.7	1
278799	297405	1886.3	1
297405	310530	1882.0	1
310530	320049	1883.9	1
320049	335927	1883.3	1
335927	348091	1883.9	1
348091	361231	1882.9	1
361231	374928	1880.0	1
374928	385741	1877.4	1
385741	400130	1875.0	1
400130	410624	1885.0	1
410624	430093	1880.8	1
430093	443746	1883.4	1
443746	456270	1883.2	1
456270	462972	1883.8	1
462972	482003	1885.3	1
482003	494587	1883.7	1
494587	508347	1884.1	1
508347	517093	1886.1	1
517093	529994	1886.1	1
529994	542365	1884.3	1
542365	564951	1884.0	1
564951	574132	1885.8	1
574132	584171	1888.9	1
584171	596963	1888.5	1
596963	609131	1884.9	1
609131	631475	1888.1	1
631475	641469	1883.8	1
641469	647883	1886.7	1
647883	661138	1888.3	1
661138	673416	1888.1	1
673416	695701	1885.7	1
695701	704062	1884.0	1
704062	716407	1888.7	1
716407	729120	1889.1	1
729120	741441	1888.3	1
741441	762569	1888.1	1
762569	774144	1886.9	1
774144	787872	1886.4	1
787872	799782	1890.9	1
799782	810932	1890.9	1
810932	829800	1887.9	1
829800	835091	1890.4	1
835091	848154	1881.8	1
848154	859970	1884.4	1
859970	876690	1884.1	1
876690	896264	1885.7	1
896264	902126	1884.9	1
902126	919917	1885.1	1
919917	927914	1886.1	1
927914	940690	1883.5	1
940690	959483	1881.4	1
959483	972439	1882.9	1
972439	984639	1883.6	1
984639	991514	1881.2	1
991514	1010048	1879.6	1
1010048	1029264	1878.6	1
1029264	1035966	1880.2	1
1035966	1047966	1880.8	1
1047966	1060260	1879.8	1
1060260	1072670	1875.0	1
1072670	1092421	1876.6	1
1092421	1106409	1881.9	1
1106409	1118063	1883.0	1
1118063	1128626	1880.0	1
1128626	1140727	1879.6	1
1140727	1158344	1877.8	1
1158344	1169799	1879.2	1
1169799	1181924	1882.5	1
1181924	1195049	1880.0	1
1195049	1207907	1876.0	1
1207907	1226219	1877.0	1
1226219	1238475	1880.6	1
1238475	1245948	1878.6	1
1245948	1257994	1883.5	1
1257994	1270709	1881.6	1
1270709	1287000	1882.2	1
1287000	1297479	1877.0	1
1297479	1315234	1879.8	1
1315234	1328182	1877.8	1
1328182	1340722	1876.8	1
1340722	1356865	1874.2	1
1356865	1366277	1875.8	1
1366277	1377490	1876.0	1
1377490	1390268	1877.8	1
1390268	1402935	1878.6	1
1402935	1412856	1877.6	1
1412856	1421328	1956.3	1
1421328	1430890	1900.8	1
1430890	1448124	1946.5	1
1448124	1457666	1895.8	1
1457666	1473441	1893.8	1
1473441	1490691	1893.6	1
1490691	1503115	1885.5	1
1503115	1512936	1885.3	1
1512936	1525902	1884.0	1
1525902	1538221	1884.9	1
1538221	1689439	1880.4	1
1689439	1697450	1914.1	0
1697450	1710110	1947.7	0
1710110	1729249	-1.0	0
1729249	1743780	-1.0	0
1743780	1757534	-1.0	0
1757534	1766720	-1.0	0
1766720	1783166	-1.0	0
1783166	1797853	1885.8	0
1797853	1812117	1896.1	0
1812117	1821800	1906.4	0
1821800	1838030	1905.4	0
1838030	1850782	1906.2	0
1850782	1870257	1896.8	0
1870257	1879911	1887.4	0
1879911	1893027	1931.2	0
1893027	1905406	1975.1	0
1905406	1918623	1971.7	0
1918623	1934851	1908.4	0
1934851	1943390	-1.0	0
1943390	1956586	-1.0	0
1956586	1969761	-1.0	0
1969761	1981407	-1.0	0
1981407	2001155	-1.0	0
2001155	2015639	-1.0	0
2015639	2028102	-1.0	0
2028102	2034914	1912.8	0
2034914	2053667	1943.1	0
2053667	2066600	-1.0	0
2066600	2077751	-1.0	0
2077751	2091357	-1.0	0
2091357	2105040	1945.7	0
2105040	2116046	1938.1	0
2116046	2136651	1892.8	0
2136651	2148823	1909.8	0
2148823	2156057	1945.7	0
2156057	2167848	1952.7	0
2167848	2180375	1940.3	0
2180375	2199751	1942.7	0
2199751	2208892	-1.0	0
2208892	2226342	-1.0	0
2226342	2240149	-1.0	0
2240149	2248944	-1.0	0
2248944	2265741	-1.0	0
2265741	2281168	-1.0	0
2281168	2291331	-1.0	0
2291331	2304164	-1.0	0
2304164	2321187	-1.0	0
2321187	2331742	-1.0	0
2331742	2344134	-1.0	0
2344134	2356968	-1.0	0
2356968	2369794	-1.0	0
2369794	2382590	-1.0	0
2382590	2399951	-1.0	0
2399951	2411574	-1.0	0
2411574	2423807	-1.0	0
2423807	2442199	-1.0	0
2442199	2450460	-1.0	0
2450460	2467130	1955.4	0
2467130	2482580	1946.5	0
2482580	2495299	1949.7	0
2495299	2505271	1918.2	0
2505271	2517253	1956.4	0
2517253	2536830	1976.5	0
2536830	2543410	-1.0	0
2543410	2562543	-1.0	0
2562543	2571001	-1.0	0
2571001	2587946	1905.6	0
2587946	2600158	1925.5	0
2600158	2613805	1945.4	0
2613805	2620252	1946.6	0
2620252	2639409	1947.7	0
2639409	2649845	1856.2	0
2649845	2665964	1875.2	0
2665964	2678673	1919.0	0
2678673	2694346	1897.0	0
2694346	2707006	1919.8	0
2707006	2719230	1929.4	0
2719230	2735670	1948.5	0
2735670	2747775	1941.5	0
2747775	2755803	1967.0	0
2755803	2773183	1954.8	0
2773183	2781988	1892.0	0
2781988	2805268	1917.5	0
2805268	2811302	1943.1	0
2811302	2824337	1945.7	0
2824337	2837884	1946.7	0
2837884	2852142	1942.9	0
2852142	2868393	1942.9	0
2868393	2880670	1946.3	0
2880670	2893716	1946.1	0
2893716	2906540	1951.5	0
2906540	2917672	1953.7	0
2917672	2935308	1955.0	0
2935308	2941693	1856.2	0
2941693	2957862	1887.8	0
2957862	2968115	1945.4	0
2968115	2983402	1945.7	0
2983402	3002408	1945.9	0
3002408	3008846	1945.4	0
3008846	3021461	-1.0	0
3021461	3039438	-1.0	0
3039438	3050357	-1.0	0
3050357	3064627	1954.4	0
3064627	3078937	1948.7	0
3078937	3090815	-1.0	0
3090815	3098966	-1.0	0
3098966	3116784	-1.0	0
3116784	3135076	1911.4	0
3135076	3143780	1959.4	0
3143780	3154481	1948.9	0
3154481	3168978	1971.5	0
3168978	3179925	1966.3	0
3179925	3198373	-1.0	0
3198373	3212554	-1.0	0
3212554	3223856	-1.0	0
3223856	3233107	-1.0	0
3233107	3249201	1945.4	0
3249201	3262439	1940.5	0
3262439	3275088	1942.3	0
3275088	3285444	1935.3	0
3285444	3300467	1912.8	0
3300467	3308842	1946.7	0
3308842	3327875	1921.2	0
3327875	3338168	1940.0	0
3338168	3354819	1952.6	0
3354819	3365566	-1.0	0
3365566	3376951	-1.0	0
3376951	3397958	-1.0	0
3397958	3403875	1885.4	0
3403875	3421059	1953.1	0
3421059	3434196	1945.4	0
3434196	3447601	1935.2	0
3447601	3466092	1925.0	0
3466092	3473298	1856.2	0
3473298	3488687	1874.3	0
3488687	3498590	1892.4	0
3498590	3512050	1936.2	0
3512050	3537605	1959.4	0
3537605	3546394	1945.4	0
3546394	3552922	1908.2	0
3552922	3567937	1942.9	0
3567937	3583379	1942.3	0
3583379	3597168	-1.0	0
3597168	3602596	-1.0	0
3602596	3615277	-1.0	0
3615277	3631049	-1.0	0
3631049	3645646	-1.0	0
3645646	3663053	1946.5	0
3663053	3673291	1955.3	0
3673291	3683775	-1.0	0
3683775	3695710	-1.0	0
3695710	3708689	-1.0	0
3708689	3724020	-1.0	0
3724020	3740519	1918.2	0
3740519	3748405	1910.1	0
3748405	3761207	1902.0	0
3761207	3780084	1947.7	0
3780084	3794733	1954.4	0
3794733	3804370	1923.8	0
3804370	3818364	1890.0	0
3818364	3829350	-1.0	0
3829350	3843708	-1.0	0
3843708	3860503	-1.0	0
3860503	3875225	-1.0	0
3875225	3885028	1948.3	0
3885028	3894915	1945.7	0
3894915	3909798	1943.1	0
3909798	3927431	1936.7	0
3927431	3940062	1941.3	0
3940062	3951971	1944.9	0
3951971	3959699	1939.2	0
3959699	3978835	-1.0	0
3978835	3991192	-1.0	0
3991192	4005001	-1.0	0
4005001	4021656	1904.6	0
4021656	4030456	1904.6	0
4030456	4041571	1912.8	0
4041571	4063276	1931.8	0
4063276	4069291	1950.9	0
4069291	4087853	1954.0	0
4087853	4100776	1957.0	0
4100776	4112011	1951.5	0
4112011	4132406	1945.9	0
4132406	4139072	1946.3	0
4139072	4150467	1951.9	0
4150467	4164259	1955.1	0
4164259	4176999	1958.2	0
4176999	4194107	1918.7	0
4194107	4204425	-1.0	0
4204425	4219631	-1.0	0
4219631	4229558	-1.0	0
4229558	4240524	-1.0	0
4240524	4255628	1856.2	0
4255628	4271976	1905.2	0
4271976	4278902	1954.3	0
4278902	4291206	1948.7	0
4291206	4303777	1945.7	0
4303777	4328059	1948.5	0
4328059	4335318	1955.9	0
4335318	4348196	1953.8	0
4348196	4360878	1939.5	0
4360878	4371636	-1.0	0
4371636	4389764	-1.0	0
4389764	4405772	-1.0	0
4405772	4420153	-1.0	0
4420153	4433157	-1.0	0
4433157	4440248	1907.0	0
4440248	4452917	1919.6	0
4452917	4471288	1917.0	0
4471288	4482261	1891.8	0
4482261	4497855	1916.8	0
4497855	4510481	1934.9	0
4510481	4523107	-1.0	0
4523107	4541903	-1.0	0
4541903	4555061	-1.0	0
4555061	4565812	1947.5	0
4565812	4574567	1914.4	0
4574567	4588671	1929.2	0
4588671	4609019	-1.0	0
4609019	4619972	-1.0	0
4619972	4638538	-1.0	0
4638538	4651771	-1.0	0
4651771	4666118	-1.0	0
4666118	4686296	-1.0	0
4686296	4692899	1943.3	0
4692899	4709638	1914.8	0
4709638	4723086	1931.5	0
4723086	4730407	-1.0	0
4730407	4753533	-1.0	0
4753533	4760543	-1.0	0
4760543	4774071	-1.0	0
4774071	4785543	1924.2	0
4785543	4800808	1902.4	0
4800808	4819337	-1.0	0
4819337	4831560	-1.0	0
4831560	4840839	-1.0	0
4840839	4850672	-1.0	0
4850672	4862916	-1.0	0
4862916	4884578	1900.6	0
4884578	4897096	1964.7	0
4897096	4907440	-1.0	0
4907440	4922141	-1.0	0
4922141	4934758	-1.0	0
4934758	4950869	1944.5	0
4950869	4956847	1945.4	0
4956847	4969472	1945.3	0
4969472	4986045	1948.7	0
4986045	4994456	1952.1	0
4994456	5017959	1948.8	0
5017959	5023620	-1.0	0
5023620	5037049	-1.0	0
5037049	5053864	-1.0	0
5053864	5065166	1949.7	0
5065166	5079355	1940.3	0
5079355	5092434	1946.3	0
5092434	5106524	1947.4	0
5106524	5120251	-1.0	0
5120251	5131731	-1.0	0
5131731	5153052	-1.0	0
5153052	5160605	-1.0	0
5160605	5173071	1953.2	0
5173071	5183147	1952.5	0
5183147	5200171	1947.2	0
5200171	5216483	-1.0	0
5216483	5225968	-1.0	0
5225968	5239154	-1.0	0
5239154	5256865	-1.0	0
5256865	5267179	-1.0	0
5267179	5286717	-1.0	0
5286717	5292146	1945.4	0
5292146	5304654	1956.8	0
5304654	5321831	1961.1	0
5321831	5333505	1965.4	0
5333505	5347357	-1.0	0
5347357	5361992	-1.0	0
5361992	5372319	-1.0	0
5372319	5385222	-1.0	0
5385222	5403565	-1.0	0
5403565	5416762	-1.0	0
5416762	5432154	-1.0	0
5432154	5443097	-1.0	0
5443097	5459483	-1.0	0
5459483	5472139	1912.8	0
5472139	5492125	1899.9	0
5492125	5499642	1887.0	0
5499642	5511514	-1.0	0
5511514	5525172	-1.0	0
5525172	5537896	-1.0	0
5537896	5737728	-1.0	0
5737728	5745208	1878.4	1
5745208	5757821	1877.8	1
5757821	5770641	1880.6	1
5770641	5788543	1878.6	1
5788543	5798408	1879.8	1
5798408	5811023	1876.6	1
5811023	5828480	1876.2	1
5828480	5839951	1877.4	1
5839951	5858952	1877.8	1
5858952	5868727	1876.2	1
5868727	5878025	1878.0	1
5878025	5894184	1875.0	1
5894184	5903201	1877.0	1
5903201	5923459	1879.4	1
5923459	5935212	1876.6	1
5935212	5947845	1874.8	1
5947845	5955402	1877.8	1
5955402	5972434	1873.0	1
5972434	5987331	1872.4	1
5987331	6000217	1875.0	1
6000217	6011132	1874.8	1
6011132	6024291	1876.8	1
6024291	6036523	1879.0	1
6036523	6059918	1878.6	1
6059918	6066709	1880.0	1
6066709	6076803	1878.0	1
6076803	6092002	1878.2	1
6092002	6104422	1877.4	1
6104422	6120453	1876.8	1
6120453	6133403	1874.2	1
6133403	6147143	1877.0	1
6147143	6160190	1875.8	1
6160190	6169109	1876.4	1
6169109	6191096	1878.0	1
6191096	6200672	1873.6	1
6200672	6213551	1875.8	1
6213551	6221826	1875.6	1
6221826	6235139	1878.4	1
6235139	6255186	1877.4	1
6255186	6266333	1869.8	1
6266333	6274219	1874.6	1
6274219	6292166	1878.2	1
6292166	6304963	1878.4	1
6304963	6321549	1878.2	1
6321549	6331522	1874.2	1
6331522	6341693	1872.4	1
6341693	6354872	1875.8	1
6354872	6369742	1877.2	1
6369742	6388181	1876.2	1
6388181	6398188	1876.4	1
6398188	6408153	1875.0	1
6408153	6423251	1878.8	1
6423251	6433418	1876.0	1
6433418	6455388	1869.8	1
6455388	6464702	1876.2	1
6464702	6477978	1876.4	1
6477978	6490816	1878.8	1
6490816	6502451	1875.4	1
6502451	6516222	1875.6	1
6516222	6531880	1874.2	1
6531880	6544059	1872.4	1
6544059	6553768	1875.4	1
6553768	6569665	1878.0	1
6569665	6583659	1880.0	1
6583659	6592781	1877.0	1
6592781	6605457	1872.8	1
6605457	6623276	1878.4	1
6623276	6636156	1878.8	1
6636156	6654561	1875.2	1
6654561	6661064	1875.6	1
6661064	6673835	1878.6	1
6673835	6688064	1878.2	1
6688064	6700844	1881.5	1
6700844	6715574	1874.2	1
6715574	6729577	1877.4	1
6729577	6737924	1877.6	1
6737924	6753246	1876.4	1
6753246	6763212	1873.4	1
6763212	6775819	1892.5	1
6775819	6785785	1896.8	1
6785785	6798516	1891.3	1
6798516	6820188	1895.2	1
6820188	6829792	1895.6	1
6829792	6844071	1890.7	1
6844071	6852120	1890.3	1
6852120	6868432	1888.3	1
6868432	6882393	1886.7	1
6882393	6896631	1880.8	1
6896631	6909249	1881.4	1
6909249	6919301	1877.8	1
6919301	6931837	1879.6	1
6931837	6945834	1881.9	1
6945834	6955151	1881.0	1
6955151	6973511	1882.8	1
6973511	6980265	1877.8	1
6980265	7000397	1876.2	1
7000397	7015464	1891.5	1
7015464	7023497	1892.9	1
7023497	7039677	1891.5	1
7039677	7055727	1935.3	1
7055727	7067222	1891.8	1
7067222	7080941	1887.2	1
7080941	7093288	1887.9	1
7093288	7103433	1885.9	1
7103433	7120720	1881.4	1
7120720	7133867	1885.9	1
7133867	7141102	1882.5	1
7141102	7153385	1882.3	1
7153385	7171430	1881.8	1
7171430	7190263	1882.8	1
7190263	7199359	1879.6	1
7199359	7211005	1889.0	1
7211005	7225073	1877.4	1
7225073	7235219	1875.2	1
7235219	7253735	1873.8	1
7253735	7262267	1878.0	1
7262267	7280547	1876.0	1
7280547	7294091	1882.8	1
7294091	7305676	1879.8	1
7305676	7325853	1877.8	1
7325853	7330270	1877.2	1
7330270	7347744	1876.8	1
7347744	7354177	1877.0	1
7354177	7370911	1879.6	1
7370911	7383641	1911.0	1
7383641	7396454	1875.8	1
7396454	7408809	1872.2	1
7408809	7424622	1875.8	1
7424622	7439769	1880.2	1
7439769	7454423	1873.2	1
7454423	7462328	1876.8	1
7462328	7473293	1877.6	1
7473293	7485860	1875.4	1
7485860	7498823	1876.4	1
7498823	7523988	1875.4	1
7523988	7530533	1874.4	1
7530533	7543321	1874.8	1
7543321	7558872	1876.4	1
7558872	7568830	1876.2	1
7568830	7582409	1872.4	1
7582409	7594457	1875.8	1
7594457	7611815	1874.2	1
7611815	7623783	1879.4	1
7623783	7632755	1874.4	1
7632755	7651491	1877.2	1
7651491	7664834	1876.6	1
7664834	7675048	1871.6	1
7675048	7684313	1875.2	1
7684313	7716510	1874.2	1
7716510	7729083	1874.4	1
7729083	7739717	1875.4	1
7739717	7756400	1861.2	1
7756400	7767994	1855.7	1
7767994	7782659	1884.3	1
7782659	7797520	1879.6	1
7797520	7804074	1882.1	1
7804074	7823612	1878.8	1
7823612	7834505	1878.0	1
7834505	7854115	1873.4	1
7854115	7873456	1873.4	1
7873456	7888933	1877.0	1
7888933	7902483	1873.4	1
7902483	7922247	1874.8	1
7922247	7928900	1869.4	1
7928900	7942258	1876.0	1
7942258	7961123	1875.8	1
7961123	7969013	1888.3	1
7969013	7986484	1885.7	1
7986484	8002726	1884.7	1
8002726	8017028	1884.6	1
8017028	8026471	1884.7	1
8026471	8040093	1884.9	1
8040093	8055803	1879.8	1
8055803	8072410	1880.8	1
8072410	8085595	1881.7	1
8085595	8096037	1879.4	1
8096037	8108873	1879.0	1
8108873	8123245	1879.0	1
8123245	8141577	1876.8	1
8141577	8151226	1877.8	1
8151226	8161654	1876.4	1
8161654	8177844	1874.0	1
8177844	8187827	1878.0	1
8187827	8210776	1874.2	1
8210776	8217382	1874.2	1
8217382	8230550	1874.6	1
8230550	8243828	1871.6	1
8243828	8263908	1875.0	1
8263908	8278674	1869.6	1
8278674	8290212	1875.6	1
8290212	8297275	1876.8	1
8297275	8315989	1876.0	1
8315989	8329540	1874.2	1
8329540	8343166	1875.8	1
8343166	8356325	1876.2	1
8356325	8370722	1877.0	1
8370722	8383967	1876.6	1
8383967	8394204	1875.0	1
8394204	8416624	1875.2	1
8416624	8428800	1874.8	1
8428800	8438195	1872.0	1
8438195	8451410	1876.8	1
8451410	8468229	1875.2	1
8468229	8478981	1876.6	1
8478981	8494538	1874.6	1
8494538	8507161	1873.2	1
8507161	8521037	1873.8	1
8521037	8534304	1876.8	1
8534304	8548693	1875.0	1
8548693	8560511	1877.8	1
8560511	8581048	1873.4	1
8581048	8597287	1875.8	1
8597287	8620478	1876.2	1
8620478	8627138	1876.0	1
8627138	8644576	1876.0	1
8644576	8653354	1875.8	1
8653354	8666703	1876.2	1
8666703	8686075	1876.2	1
8686075	8697377	1878.2	1
8697377	8715440	1877.4	1
8715440	8725331	1877.2	1
8725331	8739743	1874.8	1
8739743	8759350	1876.8	1
8759350	8772042	1874.0	1
8772042	8781782	1872.0	1
8781782	8794611	1875.2	1
8794611	8811474	1877.0	1
8811474	8821701	1866.0	1
8821701	8837921	1874.6	1
8837921	8851113	1878.2	1
8851113	8864291	1877.8	1
8864291	8873264	1877.2	1
8873264	8890651	1874.4	1
8890651	8903781	1875.0	1
8903781	8916891	1874.4	1
8916891	8933642	1879.8	1
8933642	8944920	1876.0	1
8944920	8963628	1876.2	1
8963628	8969499	1868.8	1
8969499	8982361	1869.8	1
8982361	8995591	1873.6	1
8995591	9014894	1874.0	1
9014894	9031221	1875.0	1
9031221	9040210	1874.8	1
9040210	9055086	1876.4	1
9055086	9067048	1877.2	1
9067048	9081616	1876.4	1
9081616	9097031	1875.2	1
9097031	9110362	1871.8	1
9110362	9133625	1876.6	1
9133625	9148756	1873.6	1
9148756	9170205	1874.4	1
9170205	9176415	1873.6	1
9176415	9193014	1874.0	1
9193014	9201364	1876.0	1
9201364	9213726	1873.4	1
9213726	9235990	1875.2	1
9235990	9243042	1875.8	1
9243042	9261937	1874.4	1
9261937	9272264	1877.2	1
9272264	9305246	1875.8	1
9305246	9317037	1870.6	1
9317037	9328716	1869.0	1
9328716	9344927	1874.0	1
9344927	9354847	1875.0	1
9354847	9371238	1874.8	1
9371238	9386550	1867.4	1
9386550	9397966	1868.4	1
9397966	9409824	1872.4	1
9409824	9424386	1875.4	1
9424386	9578784	1873.0	1
9578784	9591405	1886.7	0
9591405	9607851	1900.4	0
9607851	9616844	1906.2	0
9616844	9636348	-1.0	0
9636348	9648328	-1.0	0
9648328	9663657	-1.0	0
9663657	9676947	-1.0	0
9676947	9683484	-1.0	0
9683484	9705439	-1.0	0
9705439	9715505	-1.0	0
9715505	9732412	-1.0	0
9732412	9744626	1825.4	0
9744626	9757638	1895.2	0
9757638	9776574	1896.4	0
9776574	9788768	1898.1	0
9788768	9807349	-1.0	0
9807349	9816228	-1.0	0
9816228	9836484	-1.0	0
9836484	9849860	-1.0	0
9849860	9862928	-1.0	0
9862928	9871851	1908.2	0
9871851	9890511	1914.0	0
9890511	9897422	1961.4	0
9897422	9913372	1956.8	0
9913372	9928181	-1.0	0
9928181	9936640	-1.0	0
9936640	9950315	-1.0	0
9950315	9963805	-1.0	0
9963805	9986553	1914.6	0
9986553	10001134	1936.7	0
10001134	10008547	-1.0	0
10008547	10026657	-1.0	0
10026657	10042082	-1.0	0
10042082	10062487	-1.0	0
10062487	10071985	1900.8	0
10071985	10088999	1906.8	0
10088999	10098589	1899.6	0
10098589	10107724	1904.0	0
10107724	10127886	1909.2	0
10127886	10136966	1934.5	0
10136966	10150259	-1.0	0
10150259	10161723	-1.0	0
10161723	10181785	-1.0	0
10181785	10196160	-1.0	0
10196160	10210193	1913.6	0
10210193	10217493	1949.7	0
10217493	10233751	1956.8	0
10233751	10244231	1901.0	0
10244231	10267934	1890.5	0
10267934	10279644	1880.0	0
10279644	10288473	1909.2	0
10288473	10299991	1957.2	0
10299991	10314672	1895.6	0
10314672	10334270	1944.5	0
10334270	10348456	1934.5	0
10348456	10355354	1924.4	0
10355354	10368970	1920.1	0
10368970	10387911	1915.8	0
10387911	10398664	1918.2	0
10398664	10413577	-1.0	0
10413577	10423991	-1.0	0
10423991	10433106	-1.0	0
10433106	10446407	1895.6	0
10446407	10472770	1914.8	0
10472770	10479217	1908.2	0
10479217	10492319	1901.6	0
10492319	10510174	1907.4	0
10510174	10518046	1913.2	0
10518046	10537556	1856.2	0
10537556	10550504	1940.2	0
10550504	10564358	1944.7	0
10564358	10577546	1949.1	0
10577546	10591434	1901.6	0
10591434	10602982	1909.0	0
10602982	10616712	1903.0	0
10616712	10624606	1960.6	0
10624606	10641867	1911.6	0
10641867	10656031	1921.2	0
10656031	10677702	1924.6	0
10677702	10688565	1909.6	0
10688565	10702983	1965.5	0
10702983	10716361	1904.6	0
10716361	10728663	1880.4	0
10728663	10743310	1856.2	0
10743310	10755205	1894.6	0
10755205	10769061	1856.2	0
10769061	10784545	1881.7	0
10784545	10796358	1907.2	0
10796358	10811651	1896.6	0
10811651	10823070	1959.0	0
10823070	10835978	1917.2	0
10835978	10855323	1942.3	0
10855323	10868575	1944.9	0
10868575	10885029	1941.5	0
10885029	10894936	-1.0	0
10894936	10908905	-1.0	0
10908905	10921200	-1.0	0
10921200	10935394	1945.1	0
10935394	10953789	1961.2	0
10953789	10965878	1904.2	0
10965878	10979646	1930.1	0
10979646	10993001	1956.0	0
10993001	11006191	1939.5	0
11006191	11019139	1925.4	0
11019139	11030516	1924.2	0
11030516	11045587	1908.4	0
11045587	11056272	1922.8	0
11056272	11070248	1885.4	0
11070248	11083067	1919.6	0
11083067	11095348	1904.0	0
11095348	11111310	-1.0	0
11111310	11123203	-1.0	0
11123203	11135931	-1.0	0
11135931	11154048	-1.0	0
11154048	11169094	1941.5	0
11169094	11177458	1952.6	0
11177458	11190668	1914.4	0
11190668	11209799	1899.4	0
11209799	11224848	1899.4	0
11224848	11238053	1899.4	0
11238053	11250209	1957.0	0
11250209	11268630	-1.0	0
11268630	11279163	-1.0	0
11279163	11291405	-1.0	0
11291405	11304301	1914.2	0
11304301	11315543	1951.0	0
11315543	11328964	1917.6	0
11328964	11346899	1898.2	0
11346899	11360503	-1.0	0
11360503	11370206	-1.0	0
11370206	11383487	-1.0	0
11383487	11402227	-1.0	0
11402227	11416538	-1.0	0
11416538	11428163	-1.0	0
11428163	11436496	-1.0	0
11436496	11454822	-1.0	0
11454822	11463342	1876.8	0
11463342	11479365	1883.8	0
11479365	11502176	1962.2	0
11502176	11508687	1957.2	0
11508687	11526542	1918.6	0
11526542	11534891	1953.6	0
11534891	11547916	1906.4	0
11547916	11564783	1953.0	0
11564783	11575811	1954.2	0
11575811	11593842	1921.2	0
11593842	11606949	1888.2	0
11606949	11618317	-1.0	0
11618317	11633065	-1.0	0
11633065	11644423	-1.0	0
11644423	11662155	1945.4	0
11662155	11675238	1916.5	0
11675238	11706169	1887.6	0
11706169	11712828	1940.9	0
11712828	11732374	1941.3	0
11732374	11738894	1937.1	0
11738894	11751922	1952.0	0
11751922	11775471	1952.4	0
11775471	11787401	1943.7	0
11787401	11797748	1946.4	0
11797748	11810905	1949.1	0
11810905	11824012	1951.2	0
11824012	11841373	1953.4	0
11841373	11850201	1907.0	0
11850201	11863200	1959.8	0
11863200	11872087	1904.4	0
11872087	11889069	1944.9	0
11889069	11910763	1857.0	0
11910763	11916485	1880.2	0
11916485	11933537	1903.4	0
11933537	11942880	1942.5	0
11942880	11960059	1897.0	0
11960059	11975976	1956.2	0
11975976	11986175	1957.8	0
11986175	12000206	-1.0	0
12000206	12012272	-1.0	0
12012272	12025432	-1.0	0
12025432	12044594	-1.0	0
12044594	12058820	1965.6	0
12058820	12067502	-1.0	0
12067502	12085389	-1.0	0
12085389	12098604	-1.0	0
12098604	12114386	-1.0	0
12114386	12122943	1954.0	0
12122943	12141059	1927.0	0
12141059	12154578	1900.0	0
12154578	12167324	1908.0	0
12167324	12180606	1882.1	0
12180606	12193133	1856.2	0
12193133	12207281	1881.3	0
12207281	12219037	1906.4	0
12219037	12230544	1912.6	0
12230544	12256624	1932.2	0
12256624	12263953	-1.0	0
12263953	12280656	-1.0	0
12280656	12293767	-1.0	0
12293767	12303645	1933.9	0
12303645	12317350	1945.3	0
12317350	12329359	1953.6	0
12329359	12341777	1913.8	0
12341777	12353875	-1.0	0
12353875	12372002	-1.0	0
12372002	12384476	-1.0	0
12384476	12401705	-1.0	0
12401705	12410778	-1.0	0
12410778	12427410	-1.0	0
12427410	12441932	-1.0	0
12441932	12461372	1947.7	0
12461372	12467350	1941.5	0
12467350	12483325	-1.0	0
12483325	12496912	-1.0	0
12496912	12509400	-1.0	0
12509400	12523057	1902.8	0
12523057	12536039	1924.4	0
12536039	12551077	1946.1	0
12551077	12561702	1952.6	0
12561702	12573460	-1.0	0
12573460	12592442	-1.0	0
12592442	12608852	-1.0	0
12608852	12620556	-1.0	0
12620556	12635312	1886.2	0
12635312	12648509	1895.1	0
12648509	12659421	1904.0	0
12659421	12670679	1925.7	0
12670679	12686872	1947.3	0
12686872	12702123	1904.2	0
12702123	12713033	1903.9	0
12713033	12727549	1903.6	0
12727549	12739600	1945.1	0
12739600	12758091	1917.0	0
12758091	12767308	1951.0	0
12767308	12783036	1952.7	0
12783036	12803606	1954.4	0
12803606	12816224	1933.9	0
12816224	12825898	1913.4	0
12825898	12836697	1916.4	0
12836697	12851897	1910.0	0
12851897	12863544	1921.6	0
12863544	12876837	1937.5	0
12876837	12894368	1953.4	0
12894368	12901453	1955.0	0
12901453	12914418	1903.4	0
12914418	12936512	1913.8	0
12936512	12948897	1914.0	0
12948897	12962395	1915.4	0
12962395	12969142	1903.6	0
12969142	12985620	1903.0	0
12985620	12999370	1913.0	0
12999370	13014916	1905.2	0
13014916	13029455	1943.5	0
13029455	13040840	1958.5	0
13040840	13050067	1950.6	0
13050067	13069197	1953.8	0
13069197	13080052	1957.0	0
13080052	13093235	1928.9	0
13093235	13105806	1900.8	0
13105806	13118453	1917.4	0
13118453	13138100	1903.2	0
13138100	13157316	1955.2	0
13157316	13176881	1945.1	0
13176881	13189938	1946.3	0
13189938	13202986	1948.1	0
13202986	13214649	1941.5	0
13214649	13224599	1951.8	0
13224599	13245161	1904.0	0
13245161	13251930	1902.8	0
13251930	13268313	1901.6	0
13268313	13277570	1952.4	0
13277570	13290709	1945.7	0
13290709	13303902	1919.2	0
13303902	13317251	1961.8	0
13317251	13340989	1960.8	0
13340989	13349848	1955.6	0
13349848	13366680	1946.3	0
13366680	13374760	1936.3	0
13374760	13393475	1944.7	0
13393475	13408950	1915.0	0
13408950	13418525	1902.6	0
13418525	13431593	1909.0	0
13431593	13448498	1933.2	0
13448498	13463170	1957.4	0
13463170	13477615	1931.5	0
13477615	13488322	1905.6	0
13488322	13505563	1888.8	0
13505563	13518870	1900.0	0
13518870	13530971	1911.2	0
13530971	13546202	1937.7	0
13546202	13554094	1951.6	0
13554094	13564924	1925.5	0
13564924	x	1899.4	0
13744748	13748748	1878.2	1
13748748	13763888	1877.0	1
13763888	13783436	1877.2	1
13783436	13795642	1873.6	1
13795642	13803183	1875.8	1
13803183	13819239	1876.6	1
13819239	13835575	1878.2	1
13835575	13847601	1879.2	1
13847601	13862278	1877.2	1
13862278	13871536	1875.8	1
13871536	13884497	1876.4	1
13884497	13897563	1875.6	1
13897563	13920359	1875.4	1
13920359	13926933	1876.6	1
13926933	13943152	1876.8	1
13943152	13953044	1875.8	1
13953044	13971396	1877.2	1
13971396	13980513	1875.6	1
13980513	13997875	1877.2	1
13997875	14011130	1875.6	1
14011130	14017604	1874.6	1
14017604	14037530	1876.8	1
14037530	14056310	1877.4	1
14056310	14068260	1878.8	1
14068260	14081426	1875.0	1
14081426	14092963	1874.8	1
14092963	14102079	1879.2	1
14102079	14121682	1878.6	1
14121682	14129277	1878.2	1
14129277	14142422	1876.8	1
14142422	14155397	1876.2	1
14155397	14168532	1878.4	1
14168532	14188214	1876.0	1
14188214	14202399	1874.8	1
14202399	14209815	1875.4	1
14209815	14228800	1879.4	1
14228800	14236585	1877.8	1
14236585	14259903	1877.2	1
14259903	14266918	1875.6	1
14266918	14278955	1879.8	1
14278955	14291720	1878.6	1
14291720	14304613	1878.2	1
14304613	14325686	1882.8	1
14325686	14337394	1878.2	1
14337394	14347429	1874.6	1
14347429	14364627	1876.0	1
14364627	14378322	1875.4	1
14378322	14391266	1876.8	1
14391266	14401708	1877.2	1
14401708	14414256	1877.0	1
14414256	14427590	1878.4	1
14427590	14440411	1879.8	1
14440411	14456636	1877.2	1
14456636	14476136	1877.8	1
14476136	14489113	1880.6	1
14489113	14495631	1881.6	1
14495631	14511603	1879.0	1
14511603	14526642	1877.2	1
14526642	14541075	1879.6	1
14541075	14555846	1882.8	1
14555846	14567771	1884.3	1
14567771	14576352	1881.4	1
14576352	14598983	1880.8	1
14598983	14606973	1875.6	1
14606973	14626529	1874.6	1
14626529	14636342	1876.4	1
14636342	14644676	1877.2	1
14644676	14665996	1878.2	1
14665996	14672618	1878.8	1
14672618	14692032	1879.8	1
14692032	14705087	1879.0	1
14705087	14718244	1877.6	1
14718244	14734372	1879.0	1
14734372	14744819	1877.4	1
14744819	14758029	1876.6	1
14758029	14767389	1880.4	1
14767389	14780640	1880.8	1
14780640	14804002	1880.4	1
14804002	14812739	1883.2	1
14812739	14826234	1882.8	1
14826234	14836991	1880.8	1
14836991	14852461	1879.2	1
14852461	14871856	1879.4	1
14871856	14882350	1877.8	1
14882350	14897167	1882.2	1
14897167	14908692	1883.5	1
14908692	14923370	1881.4	1
14923370	14941237	1880.0	1
14941237	14946838	1880.4	1
14946838	14964178	1884.1	1
14964178	14977132	1884.9	1
14977132	14984313	1883.5	1
14984313	15006202	1884.4	1
15006202	15014602	1880.4	1
15014602	15025945	1881.0	1
15025945	15045467	1880.4	1
15045467	15051968	1880.4	1
15051968	15076622	1882.8	1
15076622	15082051	1883.9	1
15082051	15096209	1883.9	1
15096209	15109450	1885.7	1
15109450	15124365	1884.1	1
15124365	15137668	1882.6	1
15137668	15150780	1886.4	1
15150780	15163901	1885.2	1
15163901	15182257	1884.3	1
15182257	15189769	1885.3	1
15189769	15212344	1883.7	1
15212344	15222634	1885.7	1
15222634	15236387	1884.3	1
15236387	15248629	1881.6	1
15248629	15257144	1883.7	1
15257144	15274730	1878.4	1
15274730	15290301	1883.7	1
15290301	15298232	1886.6	1
15298232	15311272	1886.7	1
15311272	15327138	1887.1	1
15327138	15344436	1883.7	1
15344436	15352664	1905.0	1
15352664	15365728	1887.5	1
15365728	15378734	1885.9	1
15378734	15391696	1885.1	1
15391696	15411254	1881.0	1
15411254	15420290	1883.5	1
15420290	15439074	1883.5	1
15439074	15448779	1883.2	1
15448779	15459535	1884.9	1
15459535	15482982	1884.3	1
15482982	15491617	1883.0	1
15491617	15502467	1884.2	1
15502467	15515478	1881.8	1
15515478	15533840	1881.8	1
15533840	15548368	1882.2	1
15548368	15556022	1884.2	1
15556022	15567413	1882.8	1
15567413	15579569	1881.2	1
15579569	15592565	1882.8	1
15592565	15613984	1880.4	1
15613984	15629075	1879.8	1
15629075	15645078	1881.8	1
15645078	15655655	1880.0	1
15655655	15664582	1879.8	1
15664582	15685962	1880.0	1
15685962	15692364	1883.7	1
15692364	15705597	1884.7	1
15705597	15722194	1884.9	1
15722194	15731776	1883.2	1
15731776	15751430	1882.2	1
15751430	15759980	1882.6	1
15759980	15777549	1884.1	1
15777549	15790444	1885.9	1
15790444	15799108	1882.8	1
15799108	15823363	1883.9	1
15823363	15834644	1881.8	1
15834644	15842809	1886.5	1
15842809	15855700	1881.4	1
15855700	15868589	1880.4	1
15868589	15890725	1882.8	1
15890725	15902596	1881.2	1
15902596	15914279	1881.6	1
15914279	15922951	1881.4	1
15922951	15936792	1882.4	1
15936792	15959881	1882.6	1
15959881	15966552	1883.9	1
15966552	15979551	1884.3	1
15979551	15990995	1884.1	1
15990995	16003067	1884.9	1
16003067	16020537	1886.7	1
16020537	16037979	1884.6	1
16037979	16044443	1881.8	1
16044443	16057708	1884.6	1
16057708	16070713	1884.7	1
16070713	16095536	1882.2	1
16095536	16101942	1885.7	1
16101942	16116379	1884.7	1
16116379	16132695	1884.9	1
16132695	16139135	1885.5	1
16139135	16156577	1881.6	1
16156577	16168923	1885.7	1
16168923	16181895	1886.1	1
16181895	16197491	1886.1	1
16197491	16210366	1884.1	1
16210366	16227663	1885.5	1
16227663	16240253	1885.5	1
16240253	16247355	1886.3	1
16247355	16266926	1887.3	1
16266926	16277812	1886.3	1
16277812	16292754	1888.7	1
16292754	16305641	1887.9	1
16305641	16316832	1884.1	1
16316832	16331932	1881.6	1
16331932	16342039	1883.2	1
16342039	16364624	1885.3	1
16364624	16371290	1887.3	1
16371290	16389554	1883.8	1
16389554	16400925	1881.4	1
16400925	16410666	1883.9	1
16410666	16430307	1883.9	1
16430307	16440343	1879.6	1
16440343	16454978	1876.4	1
16454978	16468860	1878.0	1
16468860	16478287	1881.8	1
16478287	16501767	1881.6	1
16501767	16508422	1879.4	1
16508422	16521403	1880.2	1
16521403	16539187	1878.6	1
16539187	16546263	1876.6	1
16546263	16568008	1876.8	1
16568008	16574415	1874.4	1
16574415	16591613	1878.2	1
16591613	16606371	1872.8	1
16606371	16614440	1879.2	1
16614440	16632737	1877.2	1
16632737	16645884	1878.0	1
16645884	16657346	1876.8	1
16657346	16672285	1878.2	1
16672285	16683119	1879.4	1
16683119	16707455	1880.0	1
16707455	16715791	1877.2	1
16715791	16724447	1878.6	1
16724447	16737413	1881.4	1
16737413	16750438	1883.7	1
16750438	16770079	1885.3	1
16770079	16784636	1885.1	1
16784636	16796030	1880.6	1
16796030	16810553	1881.2	1
16810553	16822030	1883.9	1
16822030	16834923	1883.9	1
16834923	16847759	1884.9	1
16847759	16860262	1882.6	1
16860262	16873619	1885.7	1
16873619	16892291	1885.9	1
16892291	16904173	1885.3	1
16904173	16914515	1885.7	1
16914515	16933483	1885.7	1
16933483	16945548	1886.5	1
16945548	16956585	1887.5	1
16956585	16968215	1887.1	1
16968215	16977922	1882.2	1
16977922	16990923	1883.2	1
16990923	17003821	1884.4	1
17003821	17021183	1883.4	1
17021183	17042759	1884.3	1
17042759	17049285	1880.2	1
17049285	17068813	1879.6	1
17068813	17075272	1883.2	1
17075272	17094086	1883.5	1
17094086	17107342	1882.4	1
17107342	17120444	1880.4	1
17120444	17132020	1881.6	1
17132020	17142906	1886.7	1
17142906	17161169	1887.9	1
17161169	17173351	1888.5	1
17173351	17185755	1886.9	1
17185755	17199436	1885.1	1
17199436	17215013	1884.5	1
17215013	17224667	1883.0	1
17224667	17244855	1882.6	1
17244855	17261515	1884.9	1
17261515	17275198	1886.1	1
17275198	17283751	1883.8	1
17283751	17299532	1885.9	1
17299532	17311337	1885.1	1
17311337	17322881	1883.3	1
17322881	17340336	1885.1	1
17340336	17353851	1884.1	1
17353851	17362010	1882.8	1
17362010	17381845	1882.6	1
17381845	17388279	1884.3	1
17388279	17407857	1885.9	1
17407857	17415869	1883.0	1
17415869	17432357	1885.9	1
17432357	17444430	1886.3	1
17444430	17454256	1884.3	1
17454256	17472402	1880.8	1
17472402	17485379	1880.6	1
17485379	17498445	1881.6	1
17498445	17515289	1881.2	1
17515289	17522700	1875.0	1
17522700	17541096	1878.0	1
17541096	17555727	1878.6	1
17555727	17563457	1880.2	1
17563457	17586745	1879.4	1
17586745	17594100	1880.4	1
17594100	17606516	1877.4	1
17606516	17619897	1877.2	1
17619897	17631989	1878.4	1
17631989	17755369	1877.4	1
17755369	17773977	1899.0	0
17773977	17790428	1900.4	0
17790428	17806916	1901.8	0
17806916	17814366	1899.0	0
17814366	17831078	1896.7	0
17831078	17838238	-1.0	0
17838238	17860331	-1.0	0
17860331	17867150	-1.0	0
17867150	17880744	-1.0	0
17880744	17893427	-1.0	0
17893427	17909359	-1.0	0
17909359	17928174	1893.2	0
17928174	17939140	1902.6	0
17939140	17954271	1888.4	0
17954271	17964513	1891.6	0
17964513	17978504	1894.8	0
17978504	18001882	1889.2	0
18001882	18011707	1899.6	0
18011707	18021888	1897.3	0
18021888	18041794	1895.0	0
18041794	18048468	1875.8	0
18048468	18067207	1912.2	0
18067207	18081165	1906.8	0
18081165	18091400	-1.0	0
18091400	18112749	-1.0	0
18112749	18122431	-1.0	0
18122431	18141630	1893.8	0
18141630	18148812	1902.8	0
18148812	18161782	1903.7	0
18161782	18174862	1904.6	0
18174862	18189754	1903.5	0
18189754	18206303	1902.4	0
18206303	18228822	-1.0	0
18228822	18234332	-1.0	0
18234332	18255584	-1.0	0
18255584	18266696	1892.4	0
18266696	18278293	1898.2	0
18278293	18296972	1915.0	0
18296972	18310970	1907.2	0
18310970	18319974	1909.6	0
18319974	18336559	1901.0	0
18336559	18350608	1908.4	0
18350608	18362987	1915.8	0
18362987	18376503	1906.0	0
18376503	18388873	1894.4	0
18388873	18404904	1900.6	0
18404904	18416241	1895.0	0
18416241	18433226	1921.6	0
18433226	18444286	1856.2	0
18444286	18457967	1890.0	0
18457967	18471023	1888.8	0
18471023	18482394	1937.3	0
18482394	18504736	1921.2	0
18504736	18516725	1905.2	0
18516725	18529908	1903.4	0
18529908	18542208	1912.0	0
18542208	18556302	1917.8	0
18556302	18572938	1898.6	0
18572938	18579796	1891.7	0
18579796	18593256	1884.8	0
18593256	18611805	1911.8	0
18611805	18620163	1915.8	0
18620163	18635840	1905.4	0
18635840	18656311	1935.5	0
18656311	18667924	1936.2	0
18667924	18676348	1919.0	0
18676348	18695176	1908.6	0
18695176	18708170	1920.8	0
18708170	18724176	1933.0	0
18724176	18736525	1937.2	0
18736525	18750239	1941.3	0
18750239	18762383	1905.4	0
18762383	18782035	1916.2	0
18782035	18793321	1944.5	0
18793321	18801291	1922.8	0
18801291	18818814	1956.6	0
18818814	18831600	1942.3	0
18831600	18848328	1953.4	0
18848328	18854122	1901.2	0
18854122	18873813	1901.2	0
18873813	18884971	1901.2	0
18884971	18897136	1914.2	0
18897136	18912436	1907.4	0
18912436	18928374	1924.0	0
18928374	18935578	1944.7	0
18935578	18948474	1944.7	0
18948474	18961119	1945.1	0
18961119	18983733	1945.9	0
18983733	18990228	1948.1	0
18990228	19009414	1953.4	0
19009414	19016461	1909.8	0
19016461	19029340	1915.4	0
19029340	19051712	1908.8	0
19051712	19057184	1883.4	0
19057184	19070252	1888.9	0
19070252	19083300	1894.4	0
19083300	19096449	1892.5	0
19096449	19119749	1890.6	0
19119749	19126842	1968.7	0
19126842	19146946	1904.4	0
19146946	19158702	1892.2	0
19158702	19171173	1880.0	0
19171173	19184095	1908.6	0
19184095	19200118	1899.4	0
19200118	19213986	1953.0	0
19213986	19226982	1947.7	0
19226982	19233473	1961.8	0
19233473	19253101	1913.0	0
19253101	19263301	1920.0	0
19263301	19279453	1923.2	0
19279453	19289373	1908.2	0
19289373	19302522	1909.8	0
19302522	19320297	1904.6	0
19320297	19331244	1916.8	0
19331244	19344461	1959.8	0
19344461	19357338	1959.2	0
19357338	19370220	1955.4	0
19370220	19394746	1955.2	0
19394746	19402915	1947.5	0
19402915	19421065	1959.8	0
19421065	19428410	1955.6	0
19428410	19446320	1960.8	0
19446320	19461450	1954.2	0
19461450	19473939	1960.4	0
19473939	19481879	1962.4	0
19481879	19500590	1957.6	0
19500590	19513764	1955.6	0
19513764	19526973	-1.0	0
19526973	19539343	-1.0	0
19539343	19554395	-1.0	0
19554395	19567010	1875.8	0
19567010	19580179	1906.2	0
19580179	19598018	1961.0	0
19598018	19611458	1941.6	0
19611458	19621909	1922.2	0
19621909	19628396	1955.2	0
19628396	19641385	1957.0	0
19641385	19662195	1944.9	0
19662195	19677566	1952.4	0
19677566	19683475	1939.5	0
19683475	19696261	1946.1	0
19696261	19711414	1947.9	0
19711414	19728917	1948.1	0
19728917	19744130	1954.2	0
19744130	19757246	1954.2	0
19757246	19764149	1919.0	0
19764149	19777801	1927.4	0
19777801	19797511	1947.7	0
19797511	19808400	1939.1	0
19808400	19818918	1938.1	0
19818918	19832573	1886.6	0
19832573	19844837	1892.6	0
19844837	19868564	1894.6	0
19868564	19874782	1896.6	0
19874782	19892744	1899.2	0
19892744	19901106	1954.6	0
19901106	19919324	1875.6	0
19919324	19931325	1945.9	0
19931325	19941950	1856.2	0
19941950	19956421	1893.6	0
19956421	19967909	1898.8	0
19967909	19978969	1936.9	0
19978969	99999999	1934.7	0
