#Processing Run 48033 for polarization tables
#The run table thinks this was a DSWAPL2 run
#Corresponding AMO file is :/home/clasg8/rootbeer2.1/dat/pol/amo_tesc_48032.dat
#Coherent Edge positions for TESC events follow:
#Event	Coh Edge	PolPlane(PARA=0,PERP=1,AMO=2,CHANGING=3)
0	1	1677.8	1
1	2	1677.8	1
2	3	1677.0	1
3	4	1677.6	1
4	x	1677.2	1
5	6	1680.0	1
6	7	1678.2	1
7	x	1677.6	1
8	x	1676.2	1
10	11	1677.8	1
11	12	1676.2	1
12	13	1678.4	1
13	x	1679.8	1
14	18072	1678.0	1
18072	25153	1680.4	1
25153	47232	1680.4	1
47232	52994	1680.8	1
52994	72111	1681.2	1
72111	93843	1679.6	1
93843	102657	1679.4	1
102657	119075	1681.4	1
119075	131506	1680.8	1
131506	141488	1678.4	1
141488	167447	1678.6	1
167447	174838	1681.8	1
174838	191715	1680.0	1
191715	205812	1678.6	1
205812	225380	1676.8	1
225380	243684	1679.2	1
243684	252027	1679.6	1
252027	270348	1680.2	1
270348	277769	1680.0	1
277769	297184	1679.2	1
297184	320870	1679.0	1
320870	329722	1680.2	1
329722	343484	1679.8	1
343484	357994	1678.6	1
357994	372452	1677.0	1
372452	391044	1677.4	1
391044	408872	1678.8	1
408872	423458	1675.0	1
423458	438057	1677.2	1
438057	452659	1677.4	1
452659	467480	1678.0	1
467480	489632	1677.2	1
489632	492048	1680.4	1
492048	507764	1679.4	1
507764	531758	1678.4	1
531758	547878	1680.2	1
547878	551080	1681.2	1
551080	565929	1682.2	1
565929	581795	1681.0	1
581795	595118	1681.4	1
595118	621871	1680.4	1
621871	633870	1681.8	1
633870	648895	1678.6	1
648895	661447	1677.4	1
661447	679241	1675.8	1
679241	698246	1678.4	1
698246	704544	1678.0	1
704544	720639	1678.8	1
720639	731439	1680.4	1
731439	746141	1679.2	1
746141	771531	1680.2	1
771531	785926	1681.2	1
785926	800381	1676.4	1
800381	813688	1659.6	1
813688	827267	1668.7	1
827267	845489	1674.6	1
845489	858268	1668.9	1
858268	870968	1667.5	1
870968	884491	1670.3	1
884491	901091	1677.6	1
901091	919099	1679.0	1
919099	933732	1678.4	1
933732	944697	1680.6	1
944697	966181	1679.6	1
966181	975135	1681.0	1
975135	995846	1682.0	1
995846	1018836	1679.6	1
1018836	1035561	1682.2	1
1035561	1050068	1680.0	1
1050068	1069674	1681.6	1
1069674	1095491	1681.0	1
1095491	1101090	1743.2	1
1101090	1114571	1733.5	1
1114571	1135180	1730.1	1
1135180	1141703	1723.9	1
1141703	1155457	1718.7	1
1155457	1169395	1712.9	1
1169395	1186766	1707.9	1
1186766	1201564	1706.3	1
1201564	1217319	1705.1	1
1217319	1230884	1702.7	1
1230884	1244551	1700.5	1
1244551	1262948	1696.8	1
1262948	1273321	1697.0	1
1273321	1285285	1695.6	1
1285285	1301692	1695.0	1
1301692	1310403	1693.8	1
1310403	1333645	1692.4	1
1333645	1348443	1689.3	1
1348443	1356564	1691.2	1
1356564	1369450	1689.5	1
1369450	1383018	1689.1	1
1383018	1403264	1686.9	1
1403264	1418489	1686.3	1
1418489	1432430	1687.7	1
1432430	1443227	1686.9	1
1443227	1460553	1686.5	1
1460553	1475881	1685.5	1
1475881	1488001	1685.1	1
1488001	1500212	1687.1	1
1500212	1513076	1685.5	1
1513076	1530629	1684.3	1
1530629	1552164	1684.9	1
1552164	1559148	1683.9	1
1559148	1579181	1684.7	1
1579181	1592169	1682.4	1
1592169	1609516	1684.5	1
1609516	1624149	1684.7	1
1624149	1640450	1682.0	1
1640450	1653599	1684.5	1
1653599	1660836	1682.2	1
1660836	1678373	1681.6	1
1678373	1698906	1681.2	1
1698906	1710420	1684.1	1
1710420	1729039	1681.6	1
1729039	1738129	1684.9	1
1738129	1752827	1681.4	1
1752827	1767070	1682.0	1
1767070	1784862	1684.5	1
1784862	1791306	1683.9	1
1791306	1817258	1685.1	1
1817258	1831127	1681.4	1
1831127	1852520	1684.7	1
1852520	1862167	1681.6	1
1862167	1874426	1679.4	1
1874426	1887244	1679.4	1
1887244	1903713	1680.6	1
1903713	1921315	1681.6	1
1921315	1933190	1682.4	1
1933190	1951270	1681.8	1
1951270	1968540	1681.0	1
1968540	1976335	1679.6	1
1976335	1997550	1678.2	1
1997550	2008638	1678.8	1
2008638	2023002	1677.2	1
2023002	2041299	1677.2	1
2041299	2051318	1678.0	1
2051318	2078108	1661.0	1
2078108	2085328	1680.2	1
2085328	2103610	1680.8	1
2103610	2110925	1679.6	1
2110925	2129827	1680.6	1
2129827	2149851	1680.2	1
2149851	2166584	1681.4	1
2166584	2181437	1681.2	1
2181437	2191434	1679.2	1
2191434	2209135	1680.0	1
2209135	2228726	1681.2	1
2228726	2239351	1653.2	1
2239351	2250612	1666.7	1
2250612	2264305	1680.4	1
2264305	2282402	1683.7	1
2282402	2301253	1678.0	1
2301253	2317294	1680.8	1
2317294	2336821	1680.4	1
2336821	2341125	1680.4	1
2341125	2355993	1679.0	1
2355993	2377860	1677.2	1
2377860	2392473	1677.8	1
2392473	2402891	1678.4	1
2402891	2420702	1680.2	1
2420702	2437065	1681.4	1
2437065	2574757	1681.0	1
2574757	2588973	1704.2	0
2588973	2604185	1727.3	0
2604185	2616751	1729.5	0
2616751	2634898	1737.3	0
2634898	2656345	1725.7	0
2656345	2667544	1723.5	0
2667544	2685397	1727.1	0
2685397	2694194	1724.1	0
2694194	2706579	1730.1	0
2706579	2729131	1720.9	0
2729131	2743580	1738.3	0
2743580	2757177	1732.1	0
2757177	2768237	1729.9	0
2768237	2787453	1735.3	0
2787453	2802535	1734.1	0
2802535	2821556	1730.9	0
2821556	2831297	1727.9	0
2831297	2845483	1720.7	0
2845483	2859871	1718.9	0
2859871	2876931	1717.7	0
2876931	2899062	1720.1	0
2899062	2909836	1722.5	0
2909836	2917030	1714.3	0
2917030	2938564	1723.5	0
2938564	2952613	1729.5	0
2952613	2964619	-1.0	0
2964619	2982554	-1.0	0
2982554	2995808	-1.0	0
2995808	3008729	1717.5	0
3008729	3030541	1730.5	0
3030541	3039355	1733.5	0
3039355	3058679	1733.1	0
3058679	3067888	1734.9	0
3067888	3080023	1723.9	0
3080023	3100775	1719.3	0
3100775	3112886	1725.7	0
3112886	3125078	1733.5	0
3125078	3143466	1733.1	0
3143466	3161279	1732.7	0
3161279	3178702	1728.9	0
3178702	3186816	1723.1	0
3186816	3200187	1722.3	0
3200187	3209387	1725.9	0
3209387	3226647	1724.7	0
3226647	3246607	1720.3	0
3246607	3263231	1720.5	0
3263231	3278517	1722.9	0
3278517	3286103	1722.9	0
3286103	3307287	1728.3	0
3307287	3327927	1733.7	0
3327927	3335848	1720.9	0
3335848	3348066	1715.9	0
3348066	3364892	1730.1	0
3364892	3374999	1718.9	0
3374999	3398701	1741.4	0
3398701	3412791	1734.1	0
3412791	3424962	1712.1	0
3424962	3437143	1742.0	0
3437143	3459163	1723.1	0
3459163	3473541	1734.7	0
3473541	3486358	1715.9	0
3486358	3503130	1725.1	0
3503130	3515639	1718.7	0
3515639	3533083	1716.7	0
3533083	3549466	1729.7	0
3549466	3560532	1723.6	0
3560532	3575058	1717.5	0
3575058	3589466	1727.9	0
3589466	3603782	1717.3	0
3603782	3630388	1713.3	0
3630388	3635443	1712.7	0
3635443	3650361	1735.3	0
3650361	3668618	1733.1	0
3668618	3679216	1730.9	0
3679216	3698014	1720.5	0
3698014	3710014	1729.9	0
3710014	3731376	1724.5	0
3731376	3743075	1713.3	0
3743075	3756136	1719.7	0
3756136	3776893	1731.5	0
3776893	3784320	1723.5	0
3784320	3803955	1721.9	0
3803955	3819488	1719.5	0
3819488	3831696	1711.7	0
3831696	3852638	1713.9	0
3852638	3858949	1727.3	0
3858949	3875305	1713.7	0
3875305	3888796	1726.7	0
3888796	3899919	1726.7	0
3899919	3920317	1724.5	0
3920317	3941672	1719.5	0
3941672	3947289	1723.1	0
3947289	3963482	1728.1	0
3963482	3981017	1719.7	0
3981017	4003967	1729.1	0
4003967	4007973	1728.6	0
4007973	4027830	1728.1	0
4027830	4056711	1732.7	0
4056711	4070718	1732.7	0
4070718	4085702	1717.9	0
4085702	4105404	1710.9	0
4105404	4107332	1717.9	0
4107332	4125332	1722.9	0
4125332	4146018	1733.9	0
4146018	4164522	1725.7	0
4164522	4175144	1719.9	0
4175144	4188523	1714.1	0
4188523	4199834	1730.5	0
4199834	4234806	1727.9	0
4234806	4248712	1727.7	0
4248712	4263054	1724.5	0
4263054	4275053	1722.7	0
4275053	4291715	1722.7	0
4291715	4304812	1726.3	0
4304812	4318632	1729.9	0
4318632	4336163	1726.7	0
4336163	4353291	1715.9	0
4353291	4364699	1726.3	0
4364699	4375785	1722.1	0
4375785	4397184	1729.9	0
4397184	4402878	1728.9	0
4402878	4422329	1728.3	0
4422329	4439165	1727.7	0
4439165	4453957	1721.7	0
4453957	4466904	1715.5	0
4466904	4475525	1719.1	0
4475525	4486353	1722.7	0
4486353	4513950	1718.3	0
4513950	4521766	1725.7	0
4521766	4541558	1726.9	0
4541558	4553520	1728.1	0
4553520	4571834	1725.1	0
4571834	4587931	1723.9	0
4587931	4599930	1727.9	0
4599930	4611325	1726.5	0
4611325	4629462	1731.1	0
4629462	4663548	1726.9	0
4663548	4679636	1727.3	0
4679636	4690306	1725.6	0
4690306	4703780	1723.9	0
4703780	4713126	1731.1	0
4713126	4733439	1728.1	0
4733439	4745015	1727.9	0
4745015	4761492	1732.5	0
4761492	4779762	1718.7	0
4779762	4793393	1714.7	0
4793393	4808789	1723.3	0
4808789	4828402	1716.7	0
4828402	4837068	1724.7	0
4837068	4851642	1725.9	0
4851642	4865791	1730.4	0
4865791	4880242	1734.9	0
4880242	4894682	1715.7	0
4894682	4908186	1718.1	0
4908186	4929929	1727.1	0
4929929	4945095	1729.3	0
4945095	4959483	1719.1	0
4959483	4967883	1726.1	0
4967883	4986650	1726.1	0
4986650	5002660	1727.1	0
5002660	5016600	1732.1	0
5016600	5030638	1721.9	0
5030638	5045111	1729.5	0
5045111	5059839	1730.9	0
5059839	5067800	1732.3	0
5067800	5093227	1732.7	0
5093227	5110358	1727.7	0
5110358	5118579	1727.1	0
5118579	5137543	1727.3	0
5137543	5153595	1727.5	0
5153595	5169890	1726.1	0
5169890	5181487	1724.7	0
5181487	5200416	1727.5	0
5200416	5208783	1726.9	0
5208783	5226244	1732.7	0
5226244	5237938	1722.7	0
5237938	5259928	1733.9	0
5259928	5267901	1722.9	0
5267901	5280082	1724.5	0
5280082	5293882	1725.3	0
5293882	5311389	1724.9	0
5311389	5330759	1730.5	0
5330759	5343046	1736.1	0
5343046	5363030	1727.9	0
5363030	5369862	1736.3	0
5369862	5385374	1734.1	0
5385374	5410248	1730.1	0
5410248	5416378	1726.1	0
5416378	5428823	1724.9	0
5428823	5439198	1724.1	0
5439198	5456398	1724.5	0
5456398	5471681	1716.5	0
5471681	5486159	1725.5	0
5486159	5499726	1728.5	0
5499726	5516770	1718.7	0
5516770	5523846	1725.9	0
5523846	5537441	1726.5	0
5537441	5556644	1725.3	0
5556644	5573377	1724.9	0
5573377	5587562	1730.7	0
5587562	5596652	1736.5	0
5596652	5619875	1725.9	0
5619875	5635712	1726.7	0
5635712	5646716	1711.1	0
5646716	5666205	1729.3	0
5666205	5673513	1732.9	0
5673513	5695216	1726.7	0
5695216	5709547	1727.1	0
5709547	5725588	1722.3	0
5725588	5739005	1729.5	0
5739005	5750589	1727.3	0
5750589	5770875	1724.9	0
5770875	5781592	1714.1	0
5781592	5792513	1722.7	0
5792513	5810022	1723.4	0
5810022	5824470	1724.1	0
5824470	5850847	1725.9	0
5850847	5857573	1724.7	0
5857573	5870814	1717.7	0
5870814	5889219	1728.7	0
5889219	5902820	1734.9	0
5902820	5921900	1722.7	0
5921900	5928585	1715.3	0
5928585	5941334	1713.7	0
5941334	5954475	1726.9	0
5954475	5971964	1730.7	0
5971964	5993795	1730.5	0
5993795	6005816	1725.9	0
6005816	6014697	1728.9	0
6014697	6028403	1734.5	0
6028403	6040160	1732.9	0
6040160	6061840	1728.7	0
6061840	6079751	1724.5	0
6079751	6090090	1725.1	0
6090090	6102073	1733.5	0
6102073	6111778	1726.5	0
6111778	6139746	1722.5	0
6139746	6147346	1718.5	0
6147346	6157417	1724.9	0
6157417	6167981	1731.3	0
6167981	6188654	1731.3	0
6188654	6210269	1736.5	0
6210269	6223778	1745.8	0
6223778	6230475	1723.1	0
6230475	6248640	1726.1	0
6248640	6262074	1722.7	0
6262074	6285079	1733.1	0
6285079	6298388	1727.1	0
6298388	6309729	1727.1	0
6309729	6322728	1715.3	0
6322728	6335548	1713.7	0
6335548	6355489	1722.9	0
6355489	6367093	1727.3	0
6367093	6378043	1731.9	0
6378043	6398291	1727.1	0
6398291	6403511	1732.1	0
6403511	6424207	1731.1	0
6424207	6439554	1726.7	0
6439554	6447624	1738.4	0
6447624	6461853	1728.3	0
6461853	6481113	1726.3	0
6481113	6495604	1720.5	0
6495604	6508492	1727.9	0
6508492	6522165	1724.9	0
6522165	6534572	1724.3	0
6534572	6550175	1724.7	0
6550175	6569664	1731.5	0
6569664	6582465	1732.7	0
6582465	6592862	1723.7	0
6592862	6611331	1730.9	0
6611331	6621723	1728.7	0
6621723	6644579	1728.5	0
6644579	6654028	1729.9	0
6654028	6668632	1731.3	0
6668632	6683557	1726.9	0
6683557	6697829	1727.3	0
6697829	6713487	1723.5	0
6713487	6747728	1728.5	0
6747728	6747790	1695.0	0
6747790	6760529	1706.3	0
6760529	6768869	1721.5	0
6768869	6789453	1714.5	0
6789453	6809119	1729.1	0
6809119	7034920	1728.9	0
7034920	7052340	1681.8	1
7052340	7068043	1682.0	1
7068043	7079242	1683.7	1
7079242	7089393	1684.3	1
7089393	7109348	1682.0	1
7109348	7122397	1682.0	1
7122397	7139801	1683.7	1
7139801	7156863	1681.4	1
7156863	7167199	1679.4	1
7167199	7178121	1682.0	1
7178121	7196268	1681.8	1
7196268	7217632	1681.4	1
7217632	7224033	1682.0	1
7224033	7236928	1682.4	1
7236928	7252981	1681.6	1
7252981	7269829	1681.4	1
7269829	7288339	1682.2	1
7288339	7292739	1680.6	1
7292739	7305908	1679.8	1
7305908	7317003	1682.2	1
7317003	7334203	1682.2	1
7334203	7366551	1682.0	1
7366551	7374463	1680.0	1
7374463	7382564	1679.0	1
7382564	7400690	1681.0	1
7400690	7420833	1679.4	1
7420833	7441410	1679.4	1
7441410	7448886	1649.2	1
7448886	7462318	1656.6	1
7462318	7476895	1653.6	1
7476895	7491652	1656.2	1
7491652	7513496	1684.3	1
7513496	7528183	1681.6	1
7528183	7535289	1680.6	1
7535289	7557200	1683.9	1
7557200	7571781	1684.9	1
7571781	7587354	1684.3	1
7587354	7601719	1681.0	1
7601719	7611960	1685.5	1
7611960	7631923	1684.7	1
7631923	7644081	1682.0	1
7644081	7663171	1680.2	1
7663171	7674358	1678.6	1
7674358	7690479	1678.2	1
7690479	7710165	1680.6	1
7710165	7710200	1678.8	1
7710200	7733399	1679.2	1
7733399	7750595	1680.4	1
7750595	7766353	1681.8	1
7766353	7777943	1682.0	1
7777943	7796649	1680.2	1
7796649	7821732	1680.4	1
7821732	7826361	1681.2	1
7826361	7839739	1681.0	1
7839739	7852256	1681.6	1
7852256	7868598	1680.6	1
7868598	7887718	1679.0	1
7887718	7905461	1679.6	1
7905461	7919489	1680.0	1
7919489	7932453	1679.8	1
7932453	7946885	1680.2	1
7946885	7966272	1679.6	1
7966272	7983796	1680.0	1
7983796	7987620	1679.4	1
7987620	8010017	1679.6	1
8010017	8023243	1679.8	1
8023243	8044821	1680.0	1
8044821	8052117	1681.6	1
8052117	8070805	1681.6	1
8070805	8083481	1680.4	1
8083481	8102150	1679.2	1
8102150	8118890	1678.6	1
8118890	8127582	1679.6	1
8127582	8147233	1680.8	1
8147233	8157836	1680.0	1
8157836	8177017	1679.6	1
8177017	8197661	1680.6	1
8197661	8210261	1682.0	1
8210261	8220218	1683.7	1
8220218	8244032	1681.4	1
8244032	8253463	1680.4	1
8253463	8267122	1680.4	1
8267122	8280387	1678.4	1
8280387	8292479	1679.2	1
8292479	8313679	1678.0	1
8313679	8328487	1678.6	1
8328487	8345995	1680.2	1
8345995	8357348	1679.2	1
8357348	8369347	1678.8	1
8369347	8382759	1676.0	1
8382759	8399993	1677.6	1
8399993	8417827	1678.0	1
8417827	8436303	1676.2	1
8436303	8451143	1677.2	1
8451143	8467206	1676.6	1
8467206	8474936	1677.0	1
8474936	8504278	1678.4	1
8504278	8516276	1678.6	1
8516276	8524869	1679.6	1
8524869	8536598	1680.8	1
8536598	8552213	1679.8	1
8552213	8577064	1680.2	1
8577064	x	1681.4	1
8590593	8609391	1678.4	1
8609391	8626387	1679.0	1
8626387	8649222	1678.6	1
8649222	8662779	1680.6	1
8662779	8669344	1681.6	1
8669344	8690568	1680.4	1
8690568	8698067	1679.6	1
8698067	8724697	1681.4	1
8724697	8733653	1680.2	1
8733653	8742347	1680.6	1
8742347	8760071	1681.4	1
8760071	8780152	1681.4	1
8780152	8797916	1681.4	1
8797916	8804317	1684.1	1
8804317	8818601	1682.4	1
8818601	8840327	1682.2	1
8840327	8854067	1681.2	1
8854067	8870433	1681.8	1
8870433	8878067	1681.4	1
8878067	8892675	1681.8	1
8892675	8909817	1681.4	1
8909817	8923169	1684.9	1
8923169	x	1681.2	1
654	655	1722.5	0
655	8966535	1732.7	0
8966535	8988133	1728.3	0
8988133	8996030	1729.5	0
8996030	9009394	1717.5	0
9009394	9028336	1719.9	0
9028336	9043614	1727.7	0
9043614	9060969	1725.7	0
9060969	9074830	1715.5	0
9074830	9085162	1727.5	0
9085162	9101638	1721.7	0
9101638	9118758	1729.9	0
9118758	9135907	1731.5	0
9135907	9144705	1715.3	0
9144705	9165588	1725.7	0
9165588	9182047	1726.1	0
9182047	9189555	1730.7	0
9189555	9213879	1718.5	0
9213879	9228318	1721.9	0
9228318	9239574	1727.5	0
9239574	9258766	1726.4	0
9258766	9268720	1725.3	0
9268720	9289002	1723.7	0
9289002	9304930	1730.5	0
9304930	9320055	1728.6	0
9320055	9334849	1726.7	0
9334849	9345267	1728.9	0
9345267	9372580	1724.7	0
9372580	9380780	1724.5	0
9380780	9388011	1727.7	0
9388011	9408786	1723.3	0
9408786	9419191	1724.3	0
9419191	9438256	1727.9	0
9438256	9449416	1720.5	0
9449416	9466752	1723.0	0
9466752	9488055	1725.5	0
9488055	9493654	1726.5	0
9493654	9509132	1718.5	0
9509132	9522918	1727.3	0
9522918	9538035	1722.3	0
9538035	9558988	1726.4	0
9558988	9568603	1730.5	0
9568603	9586846	1721.3	0
9586846	9596443	1729.5	0
9596443	9609746	1719.3	0
9609746	9629696	1728.1	0
9629696	9642948	1727.9	0
9642948	9658388	1720.1	0
9658388	9671987	1735.1	0
9671987	9688641	1719.5	0
9688641	9701463	1727.1	0
9701463	9715767	1717.1	0
9715767	9726505	1716.5	0
9726505	9744044	1723.5	0
9744044	9758764	1722.5	0
9758764	9778557	1717.3	0
9778557	9793614	1723.1	0
9793614	9807997	1720.5	0
9807997	9817997	1728.7	0
9817997	9829440	1724.7	0
9829440	9857667	1724.3	0
9857667	9866028	1722.9	0
9866028	9882015	1720.3	0
9882015	9900537	1718.7	0
9900537	9906137	1717.5	0
9906137	9925531	1728.5	0
9925531	9935453	1717.5	0
9935453	9957920	1731.9	0
9957920	9971898	1729.3	0
9971898	9984088	1733.3	0
9984088	9999419	1725.9	0
9999419	10019315	1718.5	0
10019315	10034514	1724.5	0
10034514	10040554	1716.1	0
10040554	10054442	1716.7	0
10054442	10076093	1724.9	0
10076093	10083763	1718.9	0
10083763	10099397	1729.7	0
10099397	10110774	1722.7	0
10110774	10124146	1715.9	0
10124146	10145132	1715.5	0
10145132	10156206	1725.5	0
10156206	10172661	1717.1	0
10172661	10186830	1729.7	0
10186830	10198402	1718.5	0
10198402	10219584	1712.3	0
10219584	10229864	1728.5	0
10229864	10244611	1725.5	0
10244611	10257571	1722.5	0
10257571	10271083	1716.1	0
10271083	10292205	1717.3	0
10292205	10299398	1720.1	0
10299398	10316699	1724.1	0
10316699	10333177	1729.1	0
10333177	10342037	1711.5	0
10342037	10366918	1712.7	0
10366918	10377241	1730.1	0
10377241	10390041	1735.1	0
10390041	10405773	1721.7	0
10405773	10425556	1730.3	0
10425556	10441323	1734.1	0
10441323	10447887	1734.9	0
10447887	10459673	1725.3	0
10459673	10476556	1728.1	0
10476556	10489757	1728.9	0
10489757	10510874	1720.5	0
10510874	10520061	1717.1	0
10520061	10539206	1728.3	0
10539206	10552955	1733.1	0
10552955	10560348	1723.1	0
10560348	10587403	1726.9	0
10587403	10591403	1732.1	0
10591403	10608422	1721.5	0
10608422	10622361	1724.3	0
10622361	10643268	1714.3	0
10643268	10656911	1726.5	0
10656911	10671827	1736.9	0
10671827	10686105	1721.5	0
10686105	10699305	1726.4	0
10699305	10714337	1731.3	0
10714337	10730824	1723.3	0
10730824	10739028	1730.7	0
10739028	10758897	1735.7	0
10758897	10769058	1740.6	0
10769058	10792051	1748.6	0
10792051	10805449	1731.9	0
10805449	10813681	1725.1	0
10813681	10833219	1718.2	0
10833219	10844970	1711.3	0
10844970	10863331	1726.5	0
10863331	10877314	1720.7	0
10877314	10891340	1713.5	0
10891340	10900140	1712.5	0
10900140	10919701	1723.9	0
10919701	10925702	1732.7	0
10925702	10955584	1721.7	0
10955584	10961184	1722.7	0
10961184	10984306	1726.3	0
10984306	10989139	1721.9	0
10989139	11008891	1719.1	0
11008891	11021754	1731.7	0
11021754	11040169	1717.5	0
11040169	11056101	1716.7	0
11056101	11056501	1714.7	0
11056501	11084483	1724.1	0
11084483	11106021	1718.3	0
11106021	11113275	1717.8	0
11113275	11123675	1717.3	0
11123675	11142121	1714.9	0
11142121	11156116	1721.9	0
11156116	11172331	1724.3	0
11172331	11189608	1711.3	0
11189608	11199311	1715.1	0
11199311	11212232	1722.1	0
11212232	11227975	1740.8	0
11227975	11254337	1728.1	0
11254337	11265050	1725.3	0
11265050	11276786	1726.5	0
11276786	11294291	1732.9	0
11294291	11328137	1727.7	0
11328137	11337488	1747.4	0
11337488	11352535	1711.1	0
11352535	11366753	1724.1	0
11366753	11374754	1717.1	0
11374754	11403437	1723.7	0
11403437	11411243	1724.5	0
11411243	11433806	1714.5	0
11433806	11445172	1722.5	0
11445172	11461138	1717.1	0
11461138	11482766	1712.1	0
11482766	11499657	1711.3	0
11499657	11504293	1734.5	0
11504293	11517608	1709.9	0
11517608	11537802	1719.3	0
11537802	11554971	1729.7	0
11554971	11569323	1720.5	0
11569323	11584879	1718.7	0
11584879	11597802	1744.2	0
11597802	11610599	1726.9	0
11610599	11629441	1731.5	0
11629441	11642050	1717.9	0
11642050	11660686	1717.5	0
11660686	11670725	1713.1	0
11670725	11687590	1711.7	0
11687590	11711542	1723.3	0
11711542	11718652	1710.1	0
11718652	11753084	1713.3	0
11753084	11761902	1725.3	0
11761902	11780462	1717.1	0
11780462	11789196	1722.3	0
11789196	11801016	1727.3	0
11801016	11814858	1721.9	0
11814858	11828621	1716.1	0
11828621	11857082	1713.5	0
11857082	11868056	1724.7	0
11868056	11877771	1719.1	0
11877771	11892117	1733.1	0
11892117	11908833	1727.1	0
11908833	11932717	1717.1	0
11932717	11942215	1722.9	0
11942215	11954457	1722.9	0
11954457	11963871	1717.5	0
11963871	11986398	1715.9	0
11986398	12005055	1722.2	0
12005055	12007482	1728.5	0
12007482	12021188	1717.7	0
12021188	12037808	1725.1	0
12037808	12057469	1709.3	0
12057469	12072301	1714.9	0
12072301	12084702	1709.1	0
12084702	12095537	1712.9	0
12095537	12116078	1721.9	0
12116078	12125745	1726.1	0
12125745	12149698	1724.9	0
12149698	12159298	1728.4	0
12159298	12173194	1731.9	0
12173194	12179774	1724.5	0
12179774	12204096	1733.5	0
12204096	12221120	1711.5	0
12221120	12234699	1721.3	0
12234699	12241025	1730.1	0
12241025	12260354	1715.1	0
12260354	12268806	1722.7	0
12268806	12292558	1729.5	0
12292558	12303102	1723.3	0
12303102	12323196	1724.5	0
12323196	12336115	1724.5	0
12336115	12347667	1723.3	0
12347667	12369375	1731.9	0
12369375	12383301	1716.1	0
12383301	12390876	1727.1	0
12390876	12408803	1729.5	0
12408803	12426125	1727.5	0
12426125	12447633	-1.0	0
12447633	12452033	-1.0	0
12452033	12465617	-1.0	0
12465617	12476504	1728.1	0
12476504	12488504	1730.3	0
12488504	12517299	1726.1	0
12517299	12527810	1729.3	0
12527810	12542449	1720.3	0
12542449	12556456	1717.3	0
12556456	12597667	1722.1	0
12597667	12604777	1724.1	0
12604777	12617577	1726.1	0
12617577	12633886	1724.9	0
12633886	12647854	1713.9	0
12647854	12664152	1730.5	0
12664152	12678503	1714.5	0
12678503	12690738	1717.1	0
12690738	12708802	1717.5	0
12708802	12719515	1723.5	0
12719515	12739478	1716.7	0
12739478	12754057	1729.5	0
12754057	12767415	1724.9	0
12767415	12779345	1713.3	0
12779345	12795319	1722.5	0
12795319	12820233	1714.3	0
12820233	12827336	1731.9	0
12827336	12841492	1733.3	0
12841492	12855491	1726.1	0
12855491	12865986	1725.7	0
12865986	12887183	1721.9	0
12887183	12899014	1717.1	0
12899014	12913608	1716.5	0
12913608	12928024	1715.3	0
12928024	13158167	1725.7	0
13158167	13172373	1679.6	1
13172373	13187405	1678.2	1
13187405	13200490	1677.8	1
13200490	13213563	1678.8	1
13213563	13244582	1678.6	1
13244582	13257137	1679.8	1
13257137	13266220	1678.6	1
13266220	13280219	1677.0	1
13280219	13295923	1676.0	1
13295923	13318326	1678.6	1
13318326	13330980	1678.6	1
13330980	13341325	1677.0	1
13341325	13357767	1677.0	1
13357767	13374421	1676.2	1
13374421	13389109	1675.4	1
13389109	13405267	1679.0	1
13405267	13420995	1677.4	1
13420995	13434672	1676.2	1
13434672	13449029	1676.4	1
13449029	13461322	1677.6	1
13461322	13476211	1677.4	1
13476211	13485810	1677.8	1
13485810	13504537	1676.4	1
13504537	13517738	1676.6	1
13517738	13542025	1678.8	1
13542025	13553158	1679.0	1
13553158	13565458	1680.2	1
13565458	13583945	1679.6	1
13583945	13598225	1681.0	1
13598225	13610431	1679.2	1
13610431	13623780	1680.4	1
13623780	13644350	1679.6	1
13644350	13653260	1678.8	1
13653260	13670969	1675.8	1
13670969	13686979	1679.6	1
13686979	13702970	1678.4	1
13702970	13715545	1681.4	1
13715545	13732539	1680.2	1
13732539	13741004	1680.2	1
13741004	13761969	1677.2	1
13761969	13776983	1679.4	1
13776983	13793344	1679.6	1
13793344	13805589	1678.0	1
13805589	13823007	1678.4	1
13823007	13840312	1679.2	1
13840312	13852241	1678.6	1
13852241	13867836	1678.2	1
13867836	13878464	1677.4	1
13878464	13899665	1678.2	1
13899665	13914506	1679.0	1
13914506	13924808	1679.2	1
13924808	13946535	1679.2	1
13946535	13956126	1679.2	1
13956126	13978127	1680.2	1
13978127	13996176	1679.4	1
13996176	14009281	1678.6	1
14009281	14024880	1678.8	1
14024880	14034914	1678.2	1
14034914	14049174	1678.6	1
14049174	14070037	1679.0	1
14070037	14084526	1677.2	1
14084526	14092127	1677.4	1
14092127	14110025	1676.2	1
14110025	14121408	1677.0	1
14121408	14143837	1678.2	1
14143837	14154824	1678.8	1
14154824	14173127	1677.4	1
14173127	14184009	1676.4	1
14184009	14203757	1678.6	1
14203757	14222997	1678.0	1
14222997	14231783	1679.2	1
14231783	14251600	1678.2	1
14251600	14261295	1678.8	1
14261295	14280094	1678.6	1
14280094	14300759	1679.0	1
14300759	14313310	1677.4	1
14313310	14321475	1677.8	1
14321475	14336135	1676.6	1
14336135	14360563	1676.6	1
14360563	14371657	1677.2	1
14371657	14383424	1677.4	1
14383424	14404266	1677.4	1
14404266	14415805	1678.6	1
14415805	14423710	1676.4	1
14423710	14449435	1674.6	1
14449435	14464733	1676.8	1
14464733	14479416	1676.6	1
14479416	14494072	1677.6	1
14494072	14505413	1680.0	1
14505413	14531841	1678.0	1
14531841	14540709	1678.0	1
14540709	14555227	1676.8	1
14555227	14572608	1679.8	1
14572608	14581158	1679.4	1
14581158	14598173	1676.2	1
14598173	14612749	1677.0	1
14612749	14629835	1678.0	1
14629835	14638218	1678.0	1
14638218	14649817	1679.8	1
14649817	14678069	1678.2	1
14678069	14684927	1679.2	1
14684927	14699553	1679.0	1
14699553	14721631	1679.4	1
14721631	14736129	1677.6	1
14736129	14754583	1677.6	1
14754583	14758046	1678.2	1
14758046	14779245	1677.2	1
14779245	14792270	1677.0	1
14792270	14805216	1676.4	1
14805216	14823646	1677.8	1
14823646	14844377	1677.8	1
14844377	14851475	1679.6	1
14851475	14866013	1679.6	1
14866013	14880405	1678.4	1
14880405	14909525	1678.8	1
14909525	14915923	1677.2	1
14915923	14929229	1676.6	1
14929229	14947812	1676.0	1
14947812	14954356	1676.2	1
14954356	14976701	1675.6	1
14976701	14992696	1676.0	1
14992696	15002219	1676.0	1
15002219	15020853	1671.9	1
15020853	15034507	1675.6	1
15034507	15059226	1674.0	1
15059226	15063427	1679.2	1
15063427	15082565	1678.2	1
15082565	15092311	1675.6	1
15092311	15104725	1671.7	1
15104725	15126370	1675.4	1
15126370	15140809	1676.6	1
15140809	15155131	1678.2	1
15155131	15167530	1678.2	1
15167530	15184310	1678.4	1
15184310	15198333	1677.6	1
15198333	15212770	1678.8	1
15212770	15231169	1678.2	1
15231169	15240889	1677.2	1
15240889	15256611	1677.0	1
15256611	15283935	1678.2	1
15283935	15285636	1679.6	1
15285636	15315593	1679.0	1
15315593	15336645	1677.6	1
15336645	15357854	1677.6	1
15357854	15361053	1680.6	1
15361053	15376918	1679.2	1
15376918	15396970	1677.8	1
15396970	15406946	1679.6	1
15406946	15430153	1677.6	1
15430153	15446953	1678.0	1
15446953	15452686	1675.8	1
15452686	15465885	1678.2	1
15465885	15481329	1678.6	1
15481329	15503300	1676.4	1
15503300	15520305	1675.4	1
15520305	15534622	1675.8	1
15534622	15542736	1676.0	1
15542736	15564763	1677.2	1
15564763	15578954	1676.8	1
15578954	15591289	1675.2	1
15591289	15604696	1674.6	1
15604696	15620313	1677.4	1
15620313	15630785	1676.2	1
15630785	15655782	1678.2	1
15655782	15671555	1678.2	1
15671555	15685047	1678.6	1
15685047	15699806	1678.2	1
15699806	15707495	1679.8	1
15707495	15728252	1677.4	1
15728252	15743623	1676.0	1
15743623	15756822	1678.0	1
15756822	15774244	1678.8	1
15774244	15789924	1677.6	1
15789924	15805341	1679.2	1
15805341	15823870	1677.4	1
15823870	15835046	1677.6	1
15835046	15842226	1676.4	1
15842226	15867775	1676.2	1
15867775	15882427	1678.6	1
15882427	15900599	1678.4	1
15900599	15911852	1677.6	1
15911852	15922088	1678.8	1
15922088	15941549	1679.0	1
15941549	15957896	1680.8	1
15957896	15971153	1680.2	1
15971153	15985692	1679.8	1
15985692	16001790	1679.8	1
16001790	16015586	1679.0	1
16015586	16033612	1679.2	1
16033612	16044670	1678.0	1
16044670	16059235	1678.4	1
16059235	16073922	1677.0	1
16073922	16088747	1678.8	1
16088747	16116032	1679.6	1
16116032	16124272	1678.0	1
16124272	16143633	1677.2	1
16143633	16153197	1676.8	1
16153197	16170251	1679.0	1
16170251	16192396	1678.8	1
16192396	16199595	1677.6	1
16199595	16220372	1677.2	1
16220372	16237475	1679.0	1
16237475	16246526	1679.2	1
16246526	16264656	1677.2	1
16264656	16278715	1676.6	1
16278715	16292500	1677.6	1
16292500	16316416	1677.0	1
16316416	16323385	1677.0	1
16323385	16344004	1676.8	1
16344004	16354002	1677.6	1
16354002	16369457	1679.4	1
16369457	16383701	1678.4	1
16383701	16397879	1678.8	1
16397879	16421462	1679.8	1
16421462	16431944	1678.6	1
16431944	16444172	1679.6	1
16444172	16461752	1680.0	1
16461752	16477435	1679.8	1
16477435	16490288	1681.0	1
16490288	16504726	1679.0	1
16504726	16518224	1677.6	1
16518224	16528708	1678.0	1
16528708	16550393	1678.0	1
16550393	16573998	1679.6	1
16573998	16579349	1679.0	1
16579349	16593300	1678.8	1
16593300	16611153	1681.4	1
16611153	16630022	1680.0	1
16630022	16646002	1678.8	1
16646002	16654862	1679.6	1
16654862	16669659	1678.6	1
16669659	16685904	1678.6	1
16685904	16702536	1678.8	1
16702536	16720437	1678.8	1
16720437	16731727	1678.0	1
16731727	16745710	1679.4	1
16745710	16756789	1679.0	1
16756789	16775050	1679.4	1
16775050	16803669	1678.6	1
16803669	16812297	1677.8	1
16812297	16819731	1677.8	1
16819731	16834482	1677.4	1
16834482	16856351	1677.8	1
16856351	16876292	1678.0	1
16876292	16885684	1678.2	1
16885684	16902121	1680.6	1
16902121	16914748	1679.8	1
16914748	16925304	1679.8	1
16925304	16951742	1677.8	1
16951742	16959665	1679.2	1
16959665	16972380	1678.6	1
16972380	16990718	1678.6	1
16990718	17001537	1681.4	1
17001537	17023844	1679.4	1
17023844	17033658	1677.6	1
17033658	17052570	1677.6	1
17052570	17066653	1678.8	1
17066653	17081764	1678.4	1
17081764	17096076	1679.8	1
17096076	17111018	1678.8	1
17111018	17125270	1678.6	1
17125270	17143302	1678.6	1
17143302	17149614	1680.2	1
17149614	17175666	1677.4	1
17175666	17182987	1679.6	1
17182987	17197940	1677.4	1
17197940	17212764	1678.2	1
17212764	17230687	1676.6	1
17230687	17251362	1677.4	1
17251362	17266449	1678.8	1
17266449	17277110	1678.0	1
17277110	17293956	1676.4	1
17293956	17304785	1676.8	1
17304785	17333616	1677.6	1
17333616	17345870	1681.0	1
17345870	17353285	1678.6	1
17353285	17367947	1676.0	1
17367947	17388730	1674.4	1
17388730	17404706	1676.6	1
17404706	17419398	1678.6	1
17419398	17433557	1677.2	1
17433557	17447078	1679.0	1
17447078	17457312	1675.8	1
17457312	17483925	1677.6	1
17483925	17491215	1679.6	1
17491215	17504171	1681.0	1
17504171	17519814	1678.6	1
17519814	17534824	1679.6	1
17534824	17557668	1679.4	1
17557668	17565627	1680.0	1
17565627	17580827	1679.8	1
17580827	17597123	1677.8	1
17597123	17613059	1679.0	1
17613059	17762696	1681.0	1
17762696	17781506	1735.7	0
17781506	17789864	1723.9	0
17789864	17810143	1711.7	0
17810143	17825313	1721.9	0
17825313	17836583	1723.7	0
17836583	17850606	1730.4	0
17850606	17867465	1737.1	0
17867465	17876041	1730.3	0
17876041	17902166	1728.1	0
17902166	17918106	1722.1	0
17918106	17932226	1727.9	0
17932226	17942294	1723.5	0
17942294	17960607	1727.5	0
17960607	17976212	1722.9	0
17976212	18003936	1728.8	0
18003936	18017744	1734.7	0
18017744	18032641	1731.0	0
18032641	18052162	1727.3	0
18052162	1173	1717.6	0
1173	18079469	1707.9	0
18079469	18093757	1722.5	0
18093757	18106101	1731.7	0
18106101	18124461	1723.3	0
18124461	18145069	1717.7	0
18145069	18152756	1723.7	0
18152756	18165927	1729.3	0
18165927	18185223	1732.9	0
18185223	18201043	1749.0	0
18201043	18212297	1729.7	0
18212297	18231384	1778.7	0
18231384	18240184	1750.1	0
18240184	18254337	1721.5	0
18254337	18267632	1729.9	0
18267632	18289410	1731.3	0
18289410	18303991	1717.9	0
18303991	18321335	1724.1	0
18321335	18330649	1722.5	0
18330649	18342573	1716.9	0
18342573	18362372	1722.3	0
18362372	18380221	1723.3	0
18380221	18396323	1735.3	0
18396323	18403473	1717.1	0
18403473	18417839	1740.4	0
18417839	18437077	1716.5	0
18437077	18453707	1717.1	0
18453707	18469613	1708.9	0
18469613	18482067	1716.3	0
18482067	18489534	1721.7	0
18489534	18508784	1712.9	0
18508784	18525504	1725.5	0
18525504	18539334	1724.1	0
18539334	18553700	1731.3	0
18553700	18569279	1780.7	0
18569279	18592499	1718.3	0
18592499	18604058	1721.1	0
18604058	18617945	1723.9	0
18617945	18634362	1722.1	0
18634362	18646824	1729.5	0
18646824	18661085	1723.8	0
18661085	18674365	1718.1	0
18674365	18696691	1738.7	0
18696691	18699539	1727.7	0
18699539	18713546	1716.7	0
18713546	18738080	1715.5	0
18738080	18752488	1729.1	0
18752488	18762001	1728.3	0
18762001	18776460	1722.1	0
18776460	18790093	1727.7	0
18790093	18814486	1728.5	0
18814486	18826810	1729.3	0
18826810	18839199	1730.0	0
18839199	18853386	1730.7	0
18853386	18863061	1728.7	0
18863061	18883726	1728.9	0
18883726	18896526	1725.5	0
18896526	18919695	1713.3	0
18919695	18927696	1712.1	0
18927696	18966991	1724.5	0
18966991	18976819	1714.5	0
18976819	18990495	1713.3	0
18990495	19003225	1722.3	0
19003225	19012402	1729.9	0
19012402	19040170	1717.7	0
19040170	19048756	1716.5	0
19048756	19063108	1722.5	0
19063108	19077717	1722.9	0
19077717	19089759	1730.1	0
19089759	19105874	1718.1	0
19105874	19128012	1722.5	0
19128012	19135346	1723.5	0
19135346	19156688	1714.9	0
19156688	19171209	1714.5	0
19171209	19182412	1728.7	0
19182412	19199819	1724.5	0
19199819	19214111	1724.5	0
19214111	19224512	1722.9	0
19224512	19238991	1717.7	0
19238991	19271069	1715.3	0
19271069	19284268	1721.1	0
19284268	19298342	1726.9	0
19298342	19314328	1723.3	0
19314328	19334113	1718.3	0
19334113	19342884	1720.3	0
19342884	19357384	1722.3	0
19357384	19376138	1719.5	0
19376138	19393118	1719.7	0
19393118	19407466	1716.6	0
19407466	19418257	1713.5	0
19418257	19437731	1713.5	0
19437731	19450435	1718.3	0
19450435	19458105	1728.9	0
19458105	19483484	1722.1	0
19483484	19491691	1725.7	0
19491691	19512283	1729.9	0
19512283	19523614	1731.0	0
19523614	19537322	1732.1	0
19537322	19559930	1722.5	0
19559930	19571565	1716.7	0
19571565	19583263	1716.5	0
19583263	19598861	1725.1	0
19598861	19616497	1729.3	0
19616497	19631202	1723.9	0
19631202	19641493	1722.3	0
19641493	19659740	1711.5	0
19659740	19673191	1722.3	0
19673191	19686553	1713.1	0
19686553	19707729	1712.9	0
19707729	19718767	1715.3	0
19718767	19730818	1717.7	0
19730818	19743939	1712.5	0
19743939	19762782	1710.1	0
19762782	19782360	1713.1	0
19782360	19796748	1707.9	0
19796748	19814083	1731.3	0
19814083	19829069	1732.3	0
19829069	19839596	1706.5	0
19839596	19863471	1727.7	0
19863471	19868240	1728.7	0
19868240	19882969	1724.1	0
19882969	19897230	1727.7	0
19897230	19915303	1725.1	0
19915303	19935215	1718.5	0
19935215	19946417	1726.9	0
19946417	19960818	1732.0	0
19960818	19977627	1737.1	0
19977627	19992515	1724.7	0
19992515	20003403	1722.5	0
20003403	20016788	1728.5	0
20016788	20036761	1718.7	0
20036761	20042335	1742.2	0
20042335	20059964	1727.2	0
20059964	20082786	1712.3	0
20082786	20088233	1720.9	0
20088233	20102660	1724.1	0
20102660	20120801	1729.7	0
20120801	20138043	1730.3	0
20138043	20152894	1711.7	0
20152894	20164493	1717.5	0
20164493	20180250	1717.3	0
20180250	20190407	1717.1	0
20190407	20213301	1711.7	0
20213301	20222707	1724.9	0
20222707	20243831	1722.9	0
20243831	20252240	1726.9	0
20252240	20266451	1720.1	0
20266451	20281816	1722.7	0
20281816	20301280	1711.3	0
20301280	20329695	1715.3	0
20329695	20338931	1723.7	0
20338931	20353730	1711.3	0
20353730	20373069	1725.9	0
20373069	20378669	1729.7	0
20378669	20403659	1721.9	0
20403659	20416469	1728.3	0
20416469	20429394	1713.1	0
20429394	20451141	1712.1	0
20451141	20460241	1722.7	0
20460241	20476724	1712.7	0
20476724	20495275	1721.9	0
20495275	20525691	1717.3	0
20525691	20537208	1715.7	0
20537208	20548670	1717.7	0
20548670	20565664	1725.3	0
20565664	20579143	1734.9	0
20579143	20597157	1713.7	0
20597157	20608260	1712.5	0
20608260	20624089	1728.3	0
20624089	20632028	1727.3	0
20632028	20650319	1723.9	0
20650319	20670492	1726.7	0
20670492	20687413	1716.5	0
20687413	20694299	1738.5	0
20694299	20714521	1732.4	0
20714521	20728073	1726.3	0
20728073	99999999	1729.1	0
