#Processing Run 48344 for polarization tables
#The run table thinks this was a DPERPL2 run
#Corresponding AMO file is :/home/clasg8/rootbeer2.1/dat/pol/amo_tesc_48308.dat
#Coherent Edge positions for TESC events follow:
#Event	Coh Edge	PolPlane(PARA=0,PERP=1,AMO=2,CHANGING=3)
0	164	2109.1	1
164	7189	2109.5	1
7189	20761	2108.9	1
20761	39080	2109.5	1
39080	53463	2109.1	1
53463	74263	2108.5	1
74263	80839	2108.7	1
80839	89578	2109.1	1
89578	107306	2109.1	1
107306	116121	2109.1	1
116121	135216	2108.7	1
135216	148851	2109.1	1
148851	161626	2109.5	1
161626	178057	2109.1	1
178057	188817	2109.1	1
188817	206825	2109.3	1
206825	217758	2108.9	1
217758	231175	2108.9	1
231175	244012	2109.3	1
244012	256744	2109.3	1
256744	277131	2109.3	1
277131	287939	2108.9	1
287939	300907	2109.1	1
300907	314515	2109.3	1
314515	330681	2109.1	1
330681	350930	2109.1	1
350930	357738	2109.1	1
357738	371107	2109.1	1
371107	390128	2109.1	1
390128	397577	2109.3	1
397577	415459	2109.3	1
415459	425667	2109.1	1
425667	439535	2109.1	1
439535	457927	2109.3	1
457927	465903	2109.5	1
465903	485066	2109.3	1
485066	498373	2109.3	1
498373	516005	2109.3	1
516005	525345	2109.1	1
525345	538991	2109.5	1
538991	558862	2109.1	1
558862	565752	2109.3	1
565752	579308	2109.1	1
579308	594377	2109.3	1
594377	613080	2109.3	1
613080	633412	2109.3	1
633412	641263	2108.7	1
641263	651310	2109.1	1
651310	665242	2109.1	1
665242	680976	2109.1	1
680976	695578	2109.1	1
695578	707172	2109.1	1
707172	720590	2109.1	1
720590	734008	2109.1	1
734008	751651	2109.1	1
751651	768044	2108.9	1
768044	776220	2108.9	1
776220	789859	2109.1	1
789859	803256	2109.3	1
803256	821918	2109.3	1
821918	836135	2109.1	1
836135	848379	2109.1	1
848379	862647	2109.3	1
862647	876425	2109.1	1
876425	889948	2109.1	1
889948	905097	2108.9	1
905097	917754	2109.1	1
917754	930100	2108.9	1
930100	950446	2109.3	1
950446	957258	2109.3	1
957258	984181	2108.9	1
984181	990885	2109.1	1
990885	1003896	2109.3	1
1003896	1018676	2109.1	1
1018676	1032102	2109.1	1
1032102	1051207	2109.1	1
1051207	1058050	2108.9	1
1058050	1075999	2109.3	1
1075999	1088931	2109.3	1
1088931	1098895	2109.1	1
1098895	1118941	2108.9	1
1118941	1132592	2109.3	1
1132592	1146320	2109.1	1
1146320	1155566	2109.1	1
1155566	1173336	2109.1	1
1173336	1188116	2108.9	1
1188116	1199964	2109.3	1
1199964	1217047	2109.1	1
1217047	1226906	2109.1	1
1226906	1241907	2108.9	1
1241907	1274390	2108.9	1
1274390	1288081	2108.9	1
1288081	1294948	2109.1	1
1294948	1308481	2108.9	1
1308481	1324072	2109.1	1
1324072	1341939	2108.9	1
1341939	1349104	2108.9	1
1349104	1362716	2109.1	1
1362716	1376399	2109.1	1
1376399	1397070	2108.9	1
1397070	1409972	2109.1	1
1409972	1426572	2108.9	1
1426572	1441477	2108.9	1
1441477	1450661	2108.9	1
1450661	1467919	2108.9	1
1467919	1484605	2109.1	1
1484605	1497630	2109.1	1
1497630	1511749	2109.1	1
1511749	1525474	2109.1	1
1525474	1547231	2109.1	1
1547231	1559715	2109.3	1
1559715	1570145	2108.9	1
1570145	1582143	2108.7	1
1582143	1607486	2108.5	1
1607486	1620004	2109.3	1
1620004	1633378	2109.1	1
1633378	1652882	2109.3	1
1652882	1666720	2109.5	1
1666720	1679908	2109.5	1
1679908	1693342	2109.5	1
1693342	1706397	2109.5	1
1706397	1719925	2109.3	1
1719925	1747214	2109.5	1
1747214	1764288	2109.1	1
1764288	1779159	2109.3	1
1779159	1786239	2109.3	1
1786239	1803705	2109.5	1
1803705	1823725	2109.1	1
1823725	1836165	2109.7	1
1836165	1851048	2109.1	1
1851048	1862341	2108.9	1
1862341	1888951	2109.3	1
1888951	1901852	2109.3	1
1901852	1916752	2109.3	1
1916752	1926615	2109.1	1
1926615	1945779	2109.3	1
1945779	1967444	2109.3	1
1967444	1970614	2108.9	1
1970614	1988887	2108.7	1
1988887	1997580	2109.1	1
1997580	2016479	2109.1	1
2016479	2031554	2108.9	1
2031554	2048422	2108.9	1
2048422	2058578	2109.1	1
2058578	2071975	2109.1	1
2071975	2098981	2109.3	1
2098981	2112641	2108.9	1
2112641	2125708	2108.7	1
2125708	2132914	2109.1	1
2132914	2146584	2109.1	1
2146584	2173989	2109.1	1
2173989	2181351	2109.1	1
2181351	2194289	2108.9	1
2194289	2214196	2109.1	1
2214196	2227003	2108.9	1
2227003	2246567	2108.9	1
2246567	2256457	2108.9	1
2256457	2267145	2109.1	1
2267145	2283893	2108.9	1
2283893	2292752	2108.9	1
2292752	2309536	2109.1	1
2309536	2322735	2109.1	1
2322735	2336229	2109.1	1
2336229	2349598	2108.9	1
2349598	2363149	2109.1	1
2363149	2379747	2109.1	1
2379747	2392844	2108.7	1
2392844	2406072	2109.3	1
2406072	2419465	2109.5	1
2419465	2433890	2109.3	1
2433890	2458065	2109.1	1
2458065	2463153	2109.5	1
2463153	2478519	2108.9	1
2478519	2492206	2109.1	1
2492206	2503693	2108.9	1
2503693	2520392	2109.3	1
2520392	2540078	2109.1	1
2540078	2553020	2109.3	1
2553020	2560592	2109.1	1
2560592	2574320	2108.9	1
2574320	2593973	2109.1	1
2593973	2604858	2108.7	1
2604858	2622023	2109.1	1
2622023	2635501	2109.3	1
2635501	2647440	2108.9	1
2647440	2664347	2108.9	1
2664347	2675984	2108.7	1
2675984	2689491	2108.9	1
2689491	2703047	2109.1	1
2703047	2716472	2108.9	1
2716472	2732901	2108.9	1
2732901	2744346	2109.1	1
2744346	2758228	2109.1	1
2758228	2773604	2109.1	1
2773604	2786077	2108.9	1
2786077	2804046	2109.1	1
2804046	2819662	2109.1	1
2819662	2830323	2109.3	1
2830323	2842634	2109.3	1
2842634	2859059	2109.1	1
2859059	2876312	2109.1	1
2876312	2884957	2109.1	1
2884957	2905003	2109.3	1
2905003	2918550	2108.9	1
2918550	2925974	2109.1	1
2925974	2941103	2109.3	1
2941103	2952072	2109.3	1
2952072	2965780	2109.3	1
2965780	2986261	2109.3	1
2986261	2993322	2109.1	1
2993322	3013244	2109.3	1
3013244	3026808	2109.1	1
3026808	3040367	2109.1	1
3040367	3054190	2109.5	1
3054190	3072138	2108.9	1
3072138	3091360	2109.5	1
3091360	3100587	2108.9	1
3100587	3115427	2109.1	1
3115427	3128071	2109.3	1
3128071	3162103	2108.9	1
3162103	3167305	2108.9	1
3167305	3181770	2109.5	1
3181770	3197860	2108.9	1
3197860	3210783	2108.9	1
3210783	3225320	2109.5	1
3225320	3236429	2109.5	1
3236429	3255308	2109.3	1
3255308	3263396	2109.3	1
3263396	3282894	2109.3	1
3282894	3297546	2109.3	1
3297546	3311132	2108.9	1
3311132	3324670	2109.1	1
3324670	3338335	2108.9	1
3338335	3365857	2108.7	1
3365857	3383444	2108.9	1
3383444	3394998	2109.1	1
3394998	3411873	2109.3	1
3411873	3419000	2109.3	1
3419000	3443243	2109.1	1
3443243	3453215	2108.9	1
3453215	3466962	2109.1	1
3466962	3473822	2108.9	1
3473822	3487483	2108.9	1
3487483	3507821	2109.1	1
3507821	3525258	2108.9	1
3525258	3532329	2109.1	1
3532329	3546549	2108.9	1
3546549	3560183	2108.9	1
3560183	3581819	2108.9	1
3581819	3594694	2109.1	1
3594694	3601819	2109.1	1
3601819	3615627	2109.5	1
3615627	3629201	2109.5	1
3629201	3648363	2109.1	1
3648363	3659935	2109.1	1
3659935	3671519	2109.3	1
3671519	3687483	2109.3	1
3687483	3699333	2109.3	1
3699333	3718334	2109.3	1
3718334	3734497	2109.3	1
3734497	3747035	2109.3	1
3747035	3756115	2109.1	1
3756115	3768980	2109.3	1
3768980	3784842	2109.1	1
3784842	3799122	2108.7	1
3799122	3813470	2108.7	1
3813470	3831407	2108.9	1
3831407	3844910	2108.9	1
3844910	3865399	2108.9	1
3865399	3871382	2108.7	1
3871382	3882682	2108.9	1
3882682	3895858	2109.1	1
3895858	3911241	2109.1	1
3911241	3927168	2109.5	1
3927168	3943329	2109.3	1
3943329	3952958	2109.1	1
3952958	3966117	2109.3	1
3966117	3979557	2109.5	1
3979557	3998826	2109.7	1
3998826	4015477	2109.9	1
4015477	4023529	2109.7	1
4023529	4035930	2109.7	1
4035930	4049102	2109.5	1
4049102	4073619	2109.7	1
4073619	4080493	2109.5	1
4080493	4094106	2109.5	1
4094106	4107251	2109.7	1
4107251	4125848	2109.7	1
4125848	4139059	2109.7	1
4139059	4150651	2109.1	1
4150651	4168616	2109.3	1
4168616	4182115	2109.7	1
4182115	4188929	2109.5	1
4188929	4209018	2109.1	1
4209018	4222535	2109.3	1
4222535	4237537	2109.3	1
4237537	4251258	2109.5	1
4251258	4264008	2109.9	1
4264008	4282942	2109.7	1
4282942	4289671	2109.5	1
4289671	4303070	2109.5	1
4303070	4316703	2109.7	1
4316703	4330297	2109.5	1
4330297	4349740	2109.5	1
4349740	4364414	2109.7	1
4364414	4376038	2109.7	1
4376038	4385161	2109.3	1
4385161	4403997	2109.5	1
4403997	4423332	2109.5	1
4423332	4431420	2109.7	1
4431420	4445041	2109.7	1
4445041	4463194	2109.7	1
4463194	4473823	2109.7	1
4473823	4494486	2109.5	1
4494486	4500081	2109.7	1
4500081	4512848	2109.5	1
4512848	4532542	2109.3	1
4532542	4539237	2109.3	1
4539237	4557341	2109.3	1
4557341	4569731	2109.5	1
4569731	4583429	2109.5	1
4583429	4596417	2110.3	1
4596417	4605883	2134.0	1
4605883	4622529	2132.0	1
4622529	4638723	2126.7	1
4638723	4655459	2124.7	1
4655459	4669093	2123.1	1
4669093	4678126	2121.9	1
4678126	4704185	2118.6	1
4704185	4718075	2117.4	1
4718075	4728395	2117.0	1
4728395	4742990	2116.2	1
4742990	4755454	2115.6	1
4755454	4771065	2115.2	1
4771065	4782853	2114.6	1
4782853	4796624	2114.4	1
4796624	4810037	2113.6	1
4810037	4828127	2113.2	1
4828127	4848025	2113.0	1
4848025	4858473	2110.1	1
4858473	4872449	2109.9	1
4872449	4880286	2109.5	1
4880286	4893091	2109.5	1
4893091	4918262	2109.5	1
4918262	4926424	2109.7	1
4926424	4938645	2109.9	1
4938645	4951930	2110.1	1
4951930	4964330	2110.1	1
4964330	4988433	2110.1	1
4988433	4997798	2109.9	1
4997798	5005951	2109.7	1
5005951	5025346	2110.1	1
5025346	5032681	2110.3	1
5032681	5052923	2109.9	1
5052923	5066443	2110.1	1
5066443	5079932	2110.1	1
5079932	5089444	2109.9	1
5089444	5105020	2109.7	1
5105020	5122001	2109.9	1
5122001	5133089	2109.7	1
5133089	5147206	2109.7	1
5147206	5160666	2109.9	1
5160666	5178398	2109.7	1
5178398	5197952	2109.5	1
5197952	5201388	2109.5	1
5201388	5221255	2109.5	1
5221255	5230368	2109.3	1
5230368	5243541	2109.5	1
5243541	5266308	2109.5	1
5266308	5274424	2109.5	1
5274424	5290528	2109.5	1
5290528	5301200	2109.5	1
5301200	5316947	2109.9	1
5316947	5332991	2109.7	1
5332991	5345744	2109.9	1
5345744	5362771	2109.5	1
5362771	5379980	2109.3	1
5379980	5404076	2109.1	1
5404076	5418099	2109.1	1
5418099	5428500	2108.9	1
5428500	5439299	2109.1	1
5439299	5457809	2109.1	1
5457809	5471415	2109.3	1
5471415	5483809	2109.5	1
5483809	5502492	2109.7	1
5502492	5510207	2109.3	1
5510207	5523689	2109.5	1
5523689	5541617	2109.5	1
5541617	5553679	2109.1	1
5553679	5566112	2109.1	1
5566112	5579712	2109.3	1
5579712	5593386	2109.5	1
5593386	5614133	2109.3	1
5614133	5626474	2109.7	1
5626474	5638555	2109.5	1
5638555	5651630	2109.5	1
5651630	5665965	2109.5	1
5665965	5685283	2109.5	1
5685283	5696186	2109.5	1
5696186	5705001	2109.5	1
5705001	5723465	2109.5	1
5723465	5731801	2109.5	1
5731801	5756813	2109.7	1
5756813	5767577	2109.9	1
5767577	5781256	2109.9	1
5781256	5790891	2109.5	1
5790891	5811519	2109.5	1
5811519	5825014	2109.7	1
5825014	5837311	2109.3	1
5837311	5849728	2109.3	1
5849728	5866104	2109.3	1
5866104	5879340	2109.5	1
5879340	5896594	2109.7	1
5896594	5910799	2109.5	1
5910799	5920042	2109.9	1
5920042	5938174	2109.7	1
5938174	5946770	2109.3	1
5946770	5964511	2109.5	1
5964511	5980632	2109.7	1
5980632	5989114	2109.5	1
5989114	6007636	2109.9	1
6007636	6016786	2109.9	1
6016786	6039137	2109.7	1
6039137	6048850	2110.1	1
6048850	6061797	2109.9	1
6061797	6075148	2109.7	1
6075148	6087174	2109.7	1
6087174	6108978	2109.3	1
6108978	6118838	2109.5	1
6118838	6135609	2109.5	1
6135609	6142772	2109.5	1
6142772	6156306	2109.5	1
6156306	6176054	2109.5	1
6176054	6188557	2109.9	1
6188557	6202600	2109.7	1
6202600	6216036	2109.9	1
6216036	6232766	2109.7	1
6232766	6247033	2109.9	1
6247033	6262644	2109.5	1
6262644	6271477	2109.7	1
6271477	6285088	2109.9	1
6285088	6298484	2109.9	1
6298484	6319000	2109.7	1
6319000	6328218	2109.5	1
6328218	6342903	2109.7	1
6342903	6359831	2109.7	1
6359831	6372964	2109.5	1
6372964	6387782	2109.5	1
6387782	6405154	2109.7	1
6405154	6411847	2109.7	1
6411847	6431527	2109.9	1
6431527	6442990	2109.7	1
6442990	6457666	2109.7	1
6457666	6468337	2109.9	1
6468337	6486929	2109.9	1
6486929	6501519	2109.5	1
6501519	6508768	2109.5	1
6508768	6528955	2109.7	1
6528955	6540044	2109.7	1
6540044	6554303	2109.5	1
6554303	6566451	2109.3	1
6566451	6579602	2109.5	1
6579602	6600379	2109.9	1
6600379	6609657	2109.7	1
6609657	6623247	2109.7	1
6623247	6636911	2109.5	1
6636911	6650430	2109.3	1
6650430	6667153	2109.3	1
6667153	6683298	2109.7	1
6683298	6697817	2109.5	1
6697817	6711422	2109.5	1
6711422	6724841	2109.7	1
6724841	6741309	2109.5	1
6741309	6751906	2109.5	1
6751906	6771987	2109.9	1
6771987	6781542	2109.7	1
6781542	6811108	2109.7	1
6811108	6826887	2109.5	1
6826887	6833594	2109.3	1
6833594	6853347	2109.5	1
6853347	6860948	2109.5	1
6860948	6879724	2109.7	1
6879724	6891174	2109.9	1
6891174	6905417	2109.9	1
6905417	6919754	2109.7	1
6919754	6938160	2109.3	1
6938160	6953928	2109.1	1
6953928	6964408	2109.5	1
6964408	6982755	2109.5	1
6982755	6991637	2109.7	1
6991637	7025019	2109.5	1
7025019	7036844	2109.5	1
7036844	7045703	2109.5	1
7045703	7059830	2109.5	1
7059830	7073399	2109.7	1
7073399	7095627	2109.5	1
7095627	7103205	2109.3	1
7103205	7115779	2109.5	1
7115779	7132158	2109.5	1
7132158	7144431	2109.7	1
7144431	7162797	2109.5	1
7162797	7178665	2110.1	1
7178665	7193151	2109.7	1
7193151	7200050	2109.7	1
7200050	7213646	2109.5	1
7213646	7235643	2109.7	1
7235643	7243166	2109.7	1
7243166	7256699	2109.5	1
7256699	7270172	2109.7	1
7270172	7286230	2109.5	1
7286230	7299744	2109.5	1
7299744	7315093	2109.5	1
7315093	7328722	2109.5	1
7328722	7337611	2109.7	1
7337611	7351876	2109.7	1
7351876	7375834	2109.7	1
7375834	7383454	2110.3	1
7383454	7399819	2109.7	1
7399819	7416934	2109.5	1
7416934	7426384	2109.5	1
7426384	7445547	2109.5	1
7445547	7455457	2109.7	1
7455457	7468425	2109.7	1
7468425	7486229	2109.7	1
7486229	7496870	2109.7	1
7496870	7520427	2110.1	1
7520427	7531457	2109.9	1
7531457	7539505	2109.7	1
7539505	7559054	2109.5	1
7559054	7566128	2109.7	1
7566128	7583800	2109.5	1
7583800	7600260	2109.5	1
7600260	7613903	2109.1	1
7613903	7629291	2109.5	1
7629291	7638421	2109.7	1
7638421	7654949	2109.9	1
7654949	7671118	2109.5	1
7671118	7681204	2109.7	1
7681204	7694493	2109.5	1
7694493	7712196	2109.5	1
7712196	7725846	2109.7	1
7725846	7736341	2109.7	1
7736341	7755154	2109.7	1
7755154	7765074	2109.7	1
7765074	7783910	2109.7	1
7783910	7797581	2109.3	1
7797581	7811745	2109.5	1
7811745	7825279	2109.7	1
7825279	7838825	2109.9	1
7838825	7849199	2109.9	1
7849199	7865835	2109.7	1
7865835	7880060	2109.7	1
7880060	7893163	2109.7	1
7893163	7906150	2109.3	1
7906150	7919487	2109.5	1
7919487	7937910	2109.5	1
7937910	7953017	2109.3	1
7953017	7980294	2109.5	1
7980294	7988710	2109.7	1
7988710	8012488	2109.7	1
8012488	8024460	2109.3	1
8024460	8034459	2109.5	1
8034459	8047918	2109.5	1
8047918	8062137	2109.5	1
8062137	8078875	2109.7	1
8078875	8090136	2109.5	1
8090136	8108501	2109.3	1
8108501	8116542	2109.5	1
8116542	8130136	2109.9	1
8130136	8149996	2109.7	1
8149996	8164227	2109.3	1
8164227	8178437	2109.7	1
8178437	8188747	2109.5	1
8188747	8205768	2109.5	1
8205768	8223448	2109.5	1
8223448	8236405	2109.9	1
8236405	8248373	2109.5	1
8248373	8261691	2109.7	1
8261691	8290583	2109.7	1
8290583	8304274	2109.9	1
8304274	8320847	2109.5	1
8320847	8328389	2109.7	1
8328389	8341517	2109.5	1
8341517	8368420	2109.3	1
8368420	8373220	2109.7	1
8373220	8387387	2109.3	1
8387387	8400990	2109.5	1
8400990	8412557	2109.5	1
8412557	8436505	2109.3	1
8436505	8450315	2109.5	1
8450315	8457111	2109.3	1
8457111	8470895	2109.5	1
8470895	8484549	2109.7	1
8484549	8507460	2109.7	1
8507460	8517481	2109.5	1
8517481	8528168	2109.5	1
8528168	8541918	2109.5	1
8541918	8555675	2109.3	1
8555675	8573823	2109.5	1
8573823	8591284	2109.5	1
8591284	8597850	2109.5	1
8597850	8612518	2109.3	1
8612518	8625895	2109.7	1
8625895	8645083	2109.3	1
8645083	8656966	2109.7	1
8656966	8668632	2109.9	1
8668632	8682372	2109.5	1
8682372	8696070	2109.7	1
8696070	8716358	2109.1	1
8716358	8729868	2109.5	1
8729868	8739954	2109.7	1
8739954	8758355	2110.1	1
8758355	8772219	2109.5	1
8772219	8792738	2109.7	1
8792738	8798263	2109.9	1
8798263	8812022	2109.7	1
8812022	8825550	2109.5	1
8825550	8839287	2109.7	1
8839287	8863334	2109.5	1
8863334	8874570	2109.5	1
8874570	8881817	2109.5	1
8881817	8895999	2109.7	1
8895999	8909584	2109.5	1
8909584	8932759	2109.3	1
8932759	8940826	2109.9	1
8940826	8955954	2109.9	1
8955954	8968262	2109.7	1
8968262	8981476	2109.7	1
8981476	9001462	2109.3	1
9001462	9012736	2109.7	1
9012736	9023677	2109.5	1
9023677	9043314	2109.5	1
9043314	9050961	2109.7	1
9050961	9070472	2109.9	1
9070472	9088856	2109.9	1
9088856	9094063	2109.7	1
9094063	9108009	2109.5	1
9108009	9126765	2109.5	1
9126765	9147694	2109.5	1
9147694	9156306	2109.5	1
9156306	9167947	2109.7	1
9167947	9182075	2109.9	1
9182075	9210072	2109.5	1
9210072	9223584	2109.5	1
9223584	9240943	2109.5	1
9240943	9254864	2109.7	1
9254864	9264305	2109.7	1
9264305	9281445	2109.7	1
9281445	9295545	2109.7	1
9295545	9306837	2109.9	1
9306837	9320856	2109.7	1
9320856	9334587	2109.7	1
9334587	9353781	2109.7	1
9353781	9363433	2109.9	1
9363433	9377090	2109.7	1
9377090	9390407	2109.5	1
9390407	9404143	2109.7	1
9404143	9423677	2109.7	1
9423677	9435033	2110.1	1
9435033	9447811	2109.7	1
9447811	9462098	2109.7	1
9462098	9479989	2109.5	1
9479989	9499066	2109.7	1
9499066	9505767	2109.5	1
9505767	9519332	2109.5	1
9519332	9532915	2109.5	1
9532915	9546531	2109.9	1
9546531	9563336	2109.7	1
9563336	9580489	2109.7	1
9580489	9589841	2109.7	1
9589841	9601981	2110.1	1
9601981	9620789	2109.5	1
9620789	9641292	2109.7	1
9641292	9655037	2109.5	1
9655037	9661815	2109.7	1
9661815	9676824	2109.5	1
9676824	9707721	2109.1	1
9707721	9713194	2109.9	1
9713194	9726907	2110.1	1
9726907	9740556	2109.5	1
9740556	9754562	2109.7	1
9754562	9775109	2109.7	1
9775109	9790908	2109.5	1
9790908	9804538	2109.5	1
9804538	9814346	2109.7	1
9814346	9828562	2109.5	1
9828562	9849100	2109.7	1
9849100	9858842	2109.9	1
9858842	9872467	2109.9	1
9872467	9886133	2109.7	1
9886133	9899729	2109.7	1
9899729	9918100	2109.5	1
9918100	9927083	2109.5	1
9927083	9946660	2109.5	1
9946660	9955461	2109.9	1
9955461	9967901	2109.7	1
9967901	9986323	2109.5	1
9986323	10000698	2109.7	1
10000698	10010757	2109.9	1
10010757	10025651	2110.1	1
10025651	10038556	2109.9	1
10038556	10056478	2109.5	1
10056478	10068862	2109.7	1
10068862	10082531	2109.9	1
10082531	10101655	2109.7	1
10101655	10109551	2109.9	1
10109551	10129931	2109.7	1
10129931	10139761	2109.7	1
10139761	10165691	2109.7	1
10165691	10184097	2109.7	1
10184097	10198512	2109.5	1
10198512	10213724	2109.5	1
10213724	10224140	2109.5	1
10224140	10237717	2110.1	1
10237717	10249407	2109.7	1
10249407	10267148	2109.9	1
10267148	10278535	2109.9	1
10278535	10292145	2109.9	1
10292145	10305882	2109.9	1
10305882	10319512	2109.9	1
10319512	10337503	2109.7	1
10337503	10353397	2109.5	1
10353397	10363276	2109.5	1
10363276	10378051	2109.9	1
10378051	10388727	2110.1	1
10388727	10407098	2109.9	1
10407098	10420690	2109.7	1
10420690	10432287	2109.5	1
10432287	10445725	2109.7	1
10445725	10465875	2109.7	1
10465875	10477717	2109.9	1
10477717	10489231	2109.9	1
10489231	10502796	2109.7	1
10502796	10515470	2109.7	1
10515470	10529217	2109.9	1
10529217	10548472	2109.7	1
10548472	10558223	2109.7	1
10558223	10573370	2109.9	1
10573370	10590218	2109.9	1
10590218	10600257	2110.1	1
10600257	10624176	2109.9	1
10624176	10630924	2109.7	1
10630924	10644490	2109.9	1
10644490	10664232	2109.7	1
10664232	10671498	2109.7	1
10671498	10691952	2110.1	1
10691952	10700278	2109.9	1
10700278	10718954	2110.1	1
10718954	10728073	2109.7	1
10728073	10742518	2109.1	1
10742518	10766796	2109.5	1
10766796	10773163	2109.5	1
10773163	10789531	2109.7	1
10789531	10798501	2110.1	1
10798501	10814467	2110.3	1
10814467	10830039	2110.3	1
10830039	10846878	2109.7	1
10846878	10854381	2109.9	1
10854381	10868772	2109.5	1
10868772	10886810	2109.7	1
10886810	10903598	2109.7	1
10903598	10912062	2109.9	1
10912062	10925120	2109.9	1
10925120	10938617	2109.5	1
10938617	10955327	2109.9	1
10955327	10971480	2109.9	1
10971480	10984565	2109.9	1
10984565	10997790	2109.7	1
10997790	11022958	2110.1	1
11022958	11041365	2109.9	1
11041365	11050356	2109.9	1
11050356	11070833	2109.7	1
11070833	11077540	2110.1	1
11077540	11091188	2110.1	1
11091188	11110911	2109.7	1
11110911	11121257	2109.7	1
11121257	11136000	2110.1	1
11136000	11149115	2109.7	1
11149115	11166610	2109.7	1
11166610	11185240	2110.1	1
11185240	11191929	2110.1	1
11191929	11205437	2110.1	1
11205437	11225616	2109.9	1
11225616	11238428	2110.3	1
11238428	11252948	2109.9	1
11252948	11266631	2109.7	1
11266631	11275509	2109.7	1
11275509	11288030	2109.7	1
11288030	11302957	2109.7	1
11302957	11325632	2109.9	1
11325632	11335467	2110.1	1
11335467	11348991	2109.5	1
11348991	11361775	2109.9	1
11361775	11377812	2110.1	1
11377812	11394607	2109.7	1
11394607	11406102	2109.7	1
11406102	11423689	2109.7	1
11423689	11436950	2109.5	1
11436950	11444238	2109.5	1
11444238	11470963	2109.5	1
11470963	11475193	2109.9	1
11475193	11489307	2110.1	1
11489307	11501102	2109.7	1
11501102	11520069	2109.7	1
11520069	11534924	2109.7	1
11534924	11546200	2109.9	1
11546200	11559850	2109.7	1
11559850	11572607	2110.1	1
11572607	11590167	2109.9	1
11590167	11605782	2109.7	1
11605782	11615352	2109.9	1
11615352	11628038	2109.5	1
11628038	11647690	2109.9	1
11647690	11655651	2109.7	1
11655651	11674430	2109.5	1
11674430	11687759	2109.9	1
11687759	11702054	2109.7	1
11702054	11712739	2109.7	1
11712739	11725599	2110.1	1
11725599	11745576	2109.9	1
11745576	11761791	2110.1	1
11761791	11774466	2110.1	1
11774466	11783323	2109.7	1
11783323	11796779	2109.7	1
11796779	11819179	2109.9	1
11819179	11828001	2109.7	1
11828001	11839061	2110.1	1
11839061	11852790	2109.9	1
11852790	11871594	2109.7	1
11871594	11887110	2109.9	1
11887110	11898365	2109.5	1
11898365	11915216	2109.5	1
11915216	11925287	2109.9	1
11925287	11939409	2109.9	1
11939409	11957024	2110.1	1
11957024	11973507	2109.9	1
11973507	11981008	2109.7	1
11981008	12000626	2110.1	1
12000626	12014318	2110.3	1
12014318	12028060	2110.1	1
12028060	12044902	2109.7	1
12044902	12055868	2109.7	1
12055868	12066093	2110.1	1
12066093	12079326	2109.9	1
12079326	12096516	2109.5	1
12096516	12109850	2109.7	1
12109850	12123360	2109.9	1
12123360	12141335	2109.5	1
12141335	12150685	2109.5	1
12150685	12169370	2109.9	1
12169370	12185011	2110.1	1
12185011	12198177	2110.1	1
12198177	12206491	2109.9	1
12206491	12223801	2110.1	1
12223801	12239677	2109.9	1
12239677	12258654	2109.9	1
12258654	12268548	2110.1	1
12268548	12278520	2109.9	1
12278520	12296507	2109.7	1
12296507	12312514	2110.1	1
12312514	12322217	2110.1	1
12322217	12340825	2109.9	1
12340825	12353271	2110.1	1
12353271	12368012	2110.1	1
12368012	12381691	2109.7	1
12381691	12393976	2110.1	1
12393976	12412077	2110.1	1
12412077	12423025	2109.7	1
12423025	12433536	2109.9	1
12433536	12452544	2109.7	1
12452544	12463282	2109.9	1
12463282	12482529	2109.5	1
12482529	12490121	2109.9	1
12490121	12509804	2109.9	1
12509804	12523704	2109.9	1
12523704	12538141	2109.7	1
12538141	12546954	2109.9	1
12546954	12559760	2109.9	1
12559760	12573095	2109.9	1
12573095	12592338	2110.1	1
12592338	12609599	2109.9	1
12609599	12624242	2109.9	1
12624242	12635401	2110.3	1
12635401	12650426	2110.1	1
12650426	12667767	2109.9	1
12667767	12676523	2109.9	1
12676523	12694861	2109.9	1
12694861	12702922	2109.9	1
12702922	12716287	2109.9	1
12716287	12735328	2109.9	1
12735328	12746830	2109.7	1
12746830	12758547	2109.7	1
12758547	12772511	2109.9	1
12772511	12785545	2109.7	1
12785545	12804257	2109.9	1
12804257	12817981	2109.5	1
12817981	12835845	2109.7	1
12835845	12844709	2109.7	1
12844709	12862469	2110.1	1
12862469	12876642	2110.1	1
12876642	12885978	2110.1	1
12885978	12899604	2110.1	1
12899604	12919464	2109.7	1
12919464	12933839	2109.5	1
12933839	12952252	2109.5	1
12952252	12968276	2109.7	1
12968276	12995873	2128.8	1
12995873	13009213	2123.7	1
13009213	13022627	2122.9	1
13022627	13040959	2121.7	1
13040959	13052341	2118.0	1
13052341	13069887	2117.6	1
13069887	13079057	2117.0	1
13079057	13092612	2116.4	1
13092612	13113666	2116.0	1
13113666	13124443	2115.2	1
13124443	13138036	2114.6	1
13138036	13149685	2113.8	1
13149685	13162618	2113.8	1
13162618	13186247	2113.2	1
13186247	13193042	2113.4	1
13193042	13205891	2113.2	1
13205891	13219486	2113.2	1
13219486	13239537	2113.0	1
13239537	13253188	2113.0	1
13253188	13263323	2113.0	1
13263323	13276543	2110.5	1
13276543	13291506	2110.5	1
13291506	13305175	2110.5	1
13305175	13322553	2110.5	1
13322553	13334992	2110.1	1
13334992	13348582	2109.9	1
13348582	13365841	2109.9	1
13365841	13379368	2109.9	1
13379368	14184179	2110.1	1
14184179	14202977	2110.3	1
14202977	14214152	2109.9	1
14214152	14227859	2109.9	1
14227859	14245550	2109.7	1
14245550	14258897	2110.3	1
14258897	14272170	2109.9	1
14272170	14291916	2109.9	1
14291916	14316501	2109.9	1
14316501	14326393	2109.9	1
14326393	14339627	2109.7	1
14339627	14353387	2109.9	1
14353387	14370435	2110.1	1
14370435	14384562	2110.1	1
14384562	14396630	2110.1	1
14396630	14410915	2109.9	1
14410915	14425077	2110.1	1
14425077	14436758	2109.7	1
14436758	14459913	2109.9	1
14459913	14472521	2109.9	1
14472521	14484525	2109.9	1
14484525	14493598	2109.7	1
14493598	14511817	2109.7	1
14511817	14528753	2109.9	1
14528753	14537657	2110.1	1
14537657	14551434	2110.1	1
14551434	14564408	2110.1	1
14564408	14581624	2109.9	1
14581624	14601573	2110.3	1
14601573	14608319	2110.1	1
14608319	14622055	2109.9	1
14622055	14635725	2109.9	1
14635725	14649293	2109.9	1
14649293	14667111	2110.1	1
14667111	14683281	2110.1	1
14683281	14697001	2109.9	1
14697001	14707000	2110.1	1
14707000	14717652	2110.3	1
14717652	14737628	2110.1	1
14737628	14749879	2110.5	1
14749879	14763332	2110.1	1
14763332	14778448	2109.5	1
14778448	14790876	2109.7	1
14790876	14807690	2109.9	1
14807690	14824362	2110.3	1
14824362	14837721	2110.1	1
14837721	14846525	2109.9	1
14846525	14859972	2109.9	1
14859972	14879106	2110.1	1
14879106	14896402	2110.3	1
14896402	14909992	2110.3	1
14909992	14921338	2109.9	1
14921338	14931652	2109.9	1
14931652	14955575	2109.7	1
14955575	14962341	2110.1	1
14962341	14975342	2110.5	1
14975342	14988767	2110.3	1
14988767	15008755	2110.1	1
15008755	15023040	2110.3	1
15023040	15034170	2109.7	1
15034170	15051266	2109.9	1
15051266	15058608	2109.9	1
15058608	15078656	2109.9	1
15078656	15092208	2110.1	1
15092208	15104480	2112.8	1
15104480	15117854	2110.3	1
15117854	15130704	2109.9	1
15130704	15144266	2110.1	1
15144266	15162289	2109.9	1
15162289	15174125	2109.9	1
15174125	15192312	2110.3	1
15192312	15201531	2110.1	1
15201531	15218979	2109.7	1
15218979	15235843	2109.9	1
15235843	15249327	2110.1	1
15249327	15262968	2109.9	1
15262968	15276631	2109.9	1
15276631	15303713	2110.3	1
15303713	15321278	2112.8	1
15321278	15337179	2109.9	1
15337179	15343279	2110.1	1
15343279	15357809	2110.1	1
15357809	15379511	2110.1	1
15379511	15387127	2110.1	1
15387127	15400753	2110.3	1
15400753	15412207	2109.9	1
15412207	15425756	2110.1	1
15425756	15450216	2109.9	1
15450216	15458645	2109.9	1
15458645	15472297	2110.1	1
15472297	15484063	2109.9	1
15484063	15501783	2110.1	1
15501783	15517047	2110.3	1
15517047	15531875	2110.3	1
15531875	15541650	2110.3	1
15541650	15555176	2110.1	1
15555176	15572302	2110.1	1
15572302	15588761	2110.1	1
15588761	15603957	2110.1	1
15603957	15616471	2109.9	1
15616471	15630218	2110.3	1
15630218	15638943	2110.5	1
15638943	15657368	2110.3	1
15657368	15674558	2110.3	1
15674558	15682456	2110.1	1
15682456	15699832	2110.7	1
15699832	15709751	2110.3	1
15709751	15729430	2109.7	1
15729430	15745685	2109.9	1
15745685	15763157	2109.9	1
15763157	15783239	2157.2	1
15783239	15793394	2152.1	1
15793394	15809980	2144.9	1
15809980	15818725	2140.1	1
15818725	15831374	2135.2	1
15831374	15849881	2133.0	1
15849881	15863163	2131.0	1
15863163	15883366	2126.5	1
15883366	15888166	2124.3	1
15888166	15901502	2123.3	1
15901502	15916894	2122.1	1
15916894	15928573	2121.1	1
15928573	15945605	2118.2	1
15945605	15957497	2117.4	1
15957497	15971029	2116.8	1
15971029	15984557	2116.6	1
15984557	15998199	2116.4	1
15998199	16018531	2115.4	1
16018531	16032041	2115.0	1
16032041	16056700	2114.8	1
16056700	16069519	2114.2	1
16069519	16086757	2114.0	1
16086757	16103276	2113.4	1
16103276	16113313	2113.4	1
16113313	16130326	2113.6	1
16130326	16139247	2113.4	1
16139247	16160142	2113.4	1
16160142	16167857	2113.6	1
16167857	16187429	2113.2	1
16187429	16200446	2113.2	1
16200446	16209636	2110.1	1
16209636	16226606	2110.1	1
16226606	16242826	2113.0	1
16242826	16253273	2113.2	1
16253273	16266424	2113.0	1
16266424	16282878	2113.0	1
16282878	16304648	2112.8	1
16304648	16315441	2110.3	1
16315441	16329617	2113.0	1
16329617	16336473	2110.3	1
16336473	16350123	2110.3	1
16350123	16368553	2113.0	1
16368553	16382285	2113.4	1
16382285	16395477	2113.0	1
16395477	16406982	2110.3	1
16406982	16420609	2110.3	1
16420609	16438058	2110.1	1
16438058	16452648	2110.1	1
16452648	16464253	2113.0	1
16464253	16479360	2109.9	1
16479360	16492903	2110.1	1
16492903	16513138	2109.9	1
16513138	16526726	2110.1	1
16526726	16535084	2113.0	1
16535084	16553000	2113.4	1
16553000	16567221	2113.2	1
16567221	16581560	2112.8	1
16581560	16593493	2110.1	1
16593493	16607880	2110.3	1
16607880	16619428	2112.8	1
16619428	16632374	2110.3	1
16632374	16655720	2110.3	1
16655720	16667660	2110.3	1
16667660	16677572	2110.1	1
16677572	16689302	2110.5	1
16689302	16708808	2110.1	1
16708808	16723326	2112.8	1
16723326	16736985	2113.0	1
16736985	16754264	2110.3	1
16754264	16763300	2110.3	1
16763300	16797685	2113.2	1
16797685	16808964	2110.3	1
16808964	16818598	2113.0	1
16818598	16831527	2112.8	1
16831527	16845808	2113.0	1
16845808	16866059	2113.0	1
16866059	16879775	2112.8	1
16879775	16886554	2112.8	1
16886554	16906485	2113.2	1
16906485	16919580	2113.0	1
16919580	16933997	2113.0	1
16933997	16948285	2113.0	1
16948285	16958544	2112.8	1
16958544	16978132	2110.1	1
16978132	16987370	2112.8	1
16987370	17005385	2113.2	1
17005385	17015264	2110.3	1
17015264	17029187	2113.0	1
17029187	17042702	2110.3	1
17042702	17056233	2110.5	1
17056233	17073620	2112.8	1
17073620	17090934	2113.0	1
17090934	17098602	2113.0	1
17098602	17117465	2110.3	1
17117465	17131166	2112.8	1
17131166	17153460	2113.2	1
17153460	17158305	2112.8	1
17158305	17175174	2110.3	1
17175174	17185626	2110.3	1
17185626	17198534	2110.3	1
17198534	17216073	2110.3	1
17216073	17228182	2112.8	1
17228182	17241710	2112.8	1
17241710	17260174	2112.8	1
17260174	17272876	2110.5	1
17272876	17288467	2110.1	1
17288467	17296998	2110.3	1
17296998	17315733	2112.8	1
17315733	17325746	2112.8	1
17325746	17339767	2113.0	1
17339767	17356555	2113.2	1
17356555	17369133	2113.0	1
17369133	17382641	2112.8	1
17382641	17396138	2112.8	1
17396138	17409849	2112.8	1
17409849	17428078	2112.8	1
17428078	17439428	2112.8	1
17439428	17458168	2110.5	1
17458168	17470692	2113.0	1
17470692	17484294	2113.0	1
17484294	17503827	2110.3	1
17503827	17527293	2110.3	1
17527293	17538081	2113.2	1
17538081	17551912	2113.2	1
17551912	17568624	2112.8	1
17568624	17585748	2110.1	1
17585748	17598528	2110.3	1
17598528	17612033	2110.3	1
17612033	17619636	2113.2	1
17619636	17638030	2112.8	1
17638030	17650605	2113.2	1
17650605	17670711	2112.8	1
17670711	17678311	2110.3	1
17678311	17691837	2112.8	1
17691837	17708663	2110.3	1
17708663	17721386	2113.0	1
17721386	17738877	2112.8	1
17738877	17752294	2110.3	1
17752294	17767712	2113.2	1
17767712	17781630	2112.8	1
17781630	17792697	2113.0	1
17792697	17805751	2112.8	1
17805751	17816791	2112.8	1
17816791	17835581	2113.0	1
17835581	17853201	2113.2	1
17853201	17862100	2112.8	1
17862100	17877022	2110.3	1
17877022	17889453	2113.0	1
17889453	17906586	2113.0	1
17906586	17920634	2113.0	1
17920634	17931726	2112.8	1
17931726	17945056	2113.0	1
17945056	17957293	2113.0	1
17957293	17970840	2113.0	1
17970840	17989652	2110.3	1
17989652	18003589	2110.3	1
18003589	18015606	2110.3	1
18015606	18029349	2113.2	1
18029349	18042442	2113.0	1
18042442	18058926	2113.0	1
18058926	18073313	2113.0	1
18073313	18083174	2113.0	1
18083174	18099740	2113.2	1
18099740	18113289	2110.3	1
18113289	18131371	2110.3	1
18131371	18144955	2113.0	1
18144955	18161014	2113.0	1
18161014	18169482	2113.2	1
18169482	18188096	2113.0	1
18188096	18202636	2112.8	1
18202636	18218639	2113.0	1
18218639	18229012	2112.8	1
18229012	18240805	2112.8	1
18240805	18254431	2112.8	1
18254431	18276605	2110.1	1
18276605	18284939	2113.2	1
18284939	18302781	2113.2	1
18302781	18316453	2113.2	1
18316453	18324332	2113.0	1
18324332	18356841	2109.9	1
18356841	18372695	2110.1	1
18372695	18386159	2110.3	1
18386159	18397543	2110.3	1
18397543	18413081	2110.1	1
18413081	18426732	2110.3	1
18426732	18440362	2112.8	1
18440362	18453826	2110.1	1
18453826	18471010	2110.1	1
18471010	18486670	2110.3	1
18486670	18503074	2110.3	1
18503074	18515373	2110.3	1
18515373	18528058	2112.8	1
18528058	18541692	2113.0	1
18541692	18555167	2113.2	1
18555167	18566438	2113.0	1
18566438	18580690	2110.3	1
18580690	18595844	2113.0	1
18595844	18607644	2110.3	1
18607644	18626566	2110.3	1
18626566	18642426	2113.0	1
18642426	18650170	2110.3	1
18650170	18669259	2113.0	1
18669259	18677359	2112.8	1
18677359	18701473	2112.8	1
18701473	18711203	2113.0	1
18711203	18722010	2112.8	1
18722010	18735468	2110.3	1
18735468	18749651	2113.0	1
18749651	18766752	2110.3	1
18766752	18778767	2110.3	1
18778767	18792994	2110.5	1
18792994	18804897	2110.3	1
18804897	18825029	2113.0	1
18825029	18842753	2110.3	1
18842753	18847620	2113.0	1
18847620	18854308	2141.3	1
18854308	18873285	2135.6	1
18873285	18883167	2134.0	1
18883167	18900219	2131.2	1
18900219	18910127	2125.9	1
18910127	18923618	2124.9	1
18923618	18942513	2123.3	1
18942513	18950569	2122.5	1
18950569	18974274	2121.1	1
18974274	18980602	2117.6	1
18980602	18998524	2117.0	1
18998524	19012126	2116.8	1
19012126	19024818	2116.4	1
19024818	19049437	2115.8	1
19049437	19052456	2115.0	1
19052456	19070059	2114.8	1
19070059	19082222	2114.4	1
19082222	19093908	2114.0	1
19093908	19112150	2113.6	1
19112150	19128313	2113.4	1
19128313	19141909	2113.4	1
19141909	19155631	2113.2	1
19155631	19162564	2113.4	1
19162564	19180943	2113.4	1
19180943	19189513	2113.4	1
19189513	19209542	2113.2	1
19209542	19221571	2113.4	1
19221571	19230757	2113.2	1
19230757	19249481	2113.0	1
19249481	19269780	2113.4	1
19269780	19283193	2113.4	1
19283193	19290861	2110.3	1
19290861	19311353	2112.8	1
19311353	19324390	2113.0	1
19324390	19334071	2113.4	1
19334071	19348768	2113.4	1
19348768	19362723	2113.2	1
19362723	19376838	2113.2	1
19376838	19393150	2110.3	1
19393150	19410181	2113.0	1
19410181	19424433	2110.3	1
19424433	19434747	2110.3	1
19434747	19448284	2109.9	1
19448284	19466048	2110.3	1
19466048	19477000	2110.1	1
19477000	19489963	2112.8	1
19489963	19503128	2112.8	1
19503128	19517301	2113.0	1
19517301	19535157	2112.8	1
19535157	19549723	2112.8	1
19549723	19559768	2113.0	1
19559768	19579165	2113.2	1
19579165	19592874	2113.4	1
19592874	19609435	2114.0	1
19609435	19616135	2113.4	1
19616135	19634542	2113.2	1
19634542	19649208	2113.4	1
19649208	19657803	2113.6	1
19657803	19673536	2113.2	1
19673536	19686820	2113.6	1
19686820	19699859	2113.4	1
19699859	19713139	2113.4	1
19713139	19724295	2113.0	1
19724295	19750188	2113.4	1
19750188	19755726	2113.4	1
19755726	19770169	2113.6	1
19770169	19783600	2113.8	1
19783600	19802895	2113.6	1
19802895	19815845	2113.2	1
19815845	19825584	2113.8	1
19825584	19843203	2113.6	1
19843203	19855880	2113.4	1
19855880	19869337	2113.4	1
19869337	19883680	2113.4	1
19883680	19894303	2113.4	1
19894303	19913125	2113.4	1
19913125	19921257	2113.4	1
19921257	19933534	2113.6	1
19933534	19955820	2113.6	1
19955820	19963655	2113.6	1
19963655	19982718	2113.4	1
19982718	19996069	2113.4	1
19996069	20008165	2113.6	1
20008165	20022980	2113.8	1
20022980	20034468	2113.6	1
20034468	20046483	2113.4	1
20046483	20060918	2113.4	1
20060918	20077253	2113.6	1
20077253	20091018	2113.6	1
20091018	20106930	2113.6	1
20106930	20117465	2113.8	1
20117465	20133349	2113.6	1
20133349	20144245	2113.6	1
20144245	20161729	2113.2	1
20161729	20171730	2113.4	1
20171730	20184233	2113.4	1
20184233	20197725	2113.6	1
20197725	20217016	2113.4	1
20217016	20232487	2113.6	1
20232487	20242508	2113.4	1
20242508	20256535	2113.8	1
20256535	20268746	2113.8	1
20268746	20281921	2113.6	1
20281921	20301015	2113.6	1
20301015	20311618	2113.4	1
20311618	20324972	2113.6	1
20324972	20338413	2113.4	1
20338413	20351930	2113.6	1
20351930	20368034	2113.4	1
20368034	20382062	2113.8	1
20382062	20398807	2114.4	1
20398807	20406713	2114.2	1
20406713	20420600	2113.8	1
20420600	20444824	2113.8	1
20444824	20452526	2113.6	1
20452526	20465842	2113.4	1
20465842	20478317	2114.0	1
20478317	21283710	2114.0	1
21283710	21299982	2113.8	1
21299982	21314854	2113.8	1
21314854	21324585	2114.8	1
21324585	21341512	2114.4	1
21341512	21373374	2114.4	1
21373374	21383167	2113.4	1
21383167	21391284	2113.2	1
21391284	21404991	2113.8	1
21404991	21418094	2113.8	1
21418094	21440898	2113.4	1
21440898	21448482	2113.0	1
21448482	21460923	2113.2	1
21460923	21476803	2113.6	1
21476803	21493135	2113.6	1
21493135	21509500	2113.4	1
21509500	21523261	2113.6	1
21523261	21534408	2113.4	1
21534408	21547982	2114.0	1
21547982	21558695	2113.8	1
21558695	21574802	2113.6	1
21574802	21588167	2113.6	1
21588167	21601608	2113.8	1
21601608	21613532	2113.6	1
21613532	21628194	2113.6	1
21628194	21647149	2113.8	1
21647149	21658550	2113.6	1
21658550	21675301	2113.6	1
21675301	21688792	2113.6	1
21688792	21695870	2114.2	1
21695870	21715479	2113.6	1
21715479	21726756	2114.0	1
21726756	21740293	2113.8	1
21740293	21758411	2113.6	1
21758411	21771944	2114.0	1
21771944	21788421	2113.8	1
21788421	21802055	2114.0	1
21802055	21815520	2114.0	1
21815520	21823445	2113.8	1
21823445	21837012	2113.6	1
21837012	21853741	2113.6	1
21853741	21864694	2114.0	1
21864694	21876041	2113.8	1
21876041	21896131	2113.8	1
21896131	21904321	2114.2	1
21904321	21924874	2113.8	1
21924874	21940822	2113.8	1
21940822	21951191	2113.6	1
21951191	21967421	2113.4	1
21967421	21977755	2113.6	1
21977755	21994910	2113.6	1
21994910	22007801	2113.8	1
22007801	22018292	2113.2	1
22018292	22037908	2113.2	1
22037908	22050604	2113.6	1
22050604	22070655	2113.8	1
22070655	22075779	2113.8	1
22075779	22091634	2113.6	1
22091634	22107429	2113.8	1
22107429	22115821	2113.4	1
22115821	22139009	2113.4	1
22139009	22151185	2113.4	1
22151185	22164917	2113.4	1
22164917	22173383	2113.0	1
22173383	22187365	2113.2	1
22187365	22211916	2113.0	1
22211916	22216625	2113.2	1
22216625	22231313	2113.2	1
22231313	99999999	2113.4	1
