#Processing Run 48590 for polarization tables
#The run table thinks this was a DPERPL2 run
#Corresponding AMO file is :/home/clasg8/rootbeer2.1/dat/pol/amo_tesc_48579.dat
#Coherent Edge positions for TESC events follow:
#Event	Coh Edge	PolPlane(PARA=0,PERP=1,AMO=2,CHANGING=3)
0	729970	1686.5	1
729970	739704	1689.5	1
739704	753369	1688.9	1
753369	772360	1687.1	1
772360	784957	1686.5	1
784957	800029	1686.3	1
800029	815828	1687.5	1
815828	824368	1691.3	1
824368	838254	1690.3	1
838254	852228	1688.7	1
852228	871175	1687.5	1
871175	890192	1688.3	1
890192	902201	1688.5	1
902201	912954	1688.1	1
912954	929419	1685.3	1
929419	950389	1686.7	1
950389	956474	1685.9	1
956474	975440	1687.1	1
975440	989026	1686.3	1
989026	1002700	1688.5	1
1002700	1017463	1689.3	1
1017463	1031809	1691.9	1
1031809	1045631	1692.1	1
1045631	1057036	1688.7	1
1057036	1073216	1689.5	1
1073216	1092323	1690.3	1
1092323	1107468	1690.5	1
1107468	1118546	1689.7	1
1118546	1133814	1687.3	1
1133814	1149265	1689.9	1
1149265	1163883	1689.5	1
1163883	1177642	1691.5	1
1177642	1191583	1690.1	1
1191583	1200628	1689.5	1
1200628	1219456	1687.9	1
1219456	1240172	1688.5	1
1240172	1246172	1688.1	1
1246172	1260927	1688.1	1
1260927	1273060	1688.3	1
1273060	1286017	1687.5	1
1286017	1308534	1688.3	1
1308534	1317403	1686.9	1
1317403	1336633	1686.9	1
1336633	1349611	1686.5	1
1349611	1363413	1686.3	1
1363413	1382551	1684.2	1
1382551	1390699	1689.7	1
1390699	1401859	1689.5	1
1401859	1422043	1691.5	1
1422043	1432282	1690.5	1
1432282	1447882	1689.5	1
1447882	1456451	1689.5	1
1456451	1471420	1689.3	1
1471420	1485245	1689.1	1
1485245	1497626	1689.3	1
1497626	1520579	1689.7	1
1520579	1532692	1690.1	1
1532692	1552179	1688.3	1
1552179	1568713	1689.9	1
1568713	1580057	1688.9	1
1580057	1598670	1687.9	1
1598670	1609780	1688.7	1
1609780	1621055	1687.1	1
1621055	1634102	1687.1	1
1634102	1648433	1685.3	1
1648433	1667710	1685.7	1
1667710	1682443	1690.7	1
1682443	1694704	1688.3	1
1694704	1711589	1688.5	1
1711589	1726104	1689.7	1
1726104	1745180	1690.3	1
1745180	1750976	1690.1	1
1750976	1767821	1686.5	1
1767821	1782024	1687.9	1
1782024	1792706	1687.1	1
1792706	1815688	1687.7	1
1815688	1827257	1688.9	1
1827257	1838641	1690.1	1
1838641	1852235	1689.3	1
1852235	1863371	1690.3	1
1863371	1880424	1688.9	1
1880424	1894864	1689.7	1
1894864	1908459	1691.5	1
1908459	1922580	1693.1	1
1922580	1940244	1688.1	1
1940244	1958706	1688.7	1
1958706	1967760	1686.9	1
1967760	1984768	1687.1	1
1984768	1998976	1689.5	1
1998976	2011491	1687.9	1
2011491	2030063	1688.5	1
2030063	2044440	1686.1	1
2044440	2058403	1685.5	1
2058403	2068377	1685.9	1
2068377	2085182	1685.9	1
2085182	2103365	1688.9	1
2103365	2111862	1689.3	1
2111862	2125381	1689.5	1
2125381	2139910	1688.7	1
2139910	2156291	1687.7	1
2156291	2177470	1688.3	1
2177470	2186830	1685.9	1
2186830	2202315	1687.3	1
2202315	2216600	1687.9	1
2216600	2231117	1689.3	1
2231117	2244329	1688.3	1
2244329	2257155	1688.9	1
2257155	2272955	1689.7	1
2272955	2288169	1689.5	1
2288169	2301780	1688.7	1
2301780	2329785	1690.3	1
2329785	2338907	1686.3	1
2338907	2357180	1687.3	1
2357180	2371459	1689.3	1
2371459	2389467	1691.1	1
2389467	2403950	1687.5	1
2403950	2420410	1687.3	1
2420410	2431958	1689.5	1
2431958	2441591	1687.7	1
2441591	2462484	1688.3	1
2462484	2476692	1687.7	1
2476692	2486869	1687.7	1
2486869	2499024	1687.7	1
2499024	2518606	1689.1	1
2518606	2539591	1689.9	1
2539591	2546669	1689.9	1
2546669	2562041	1692.5	1
2562041	2573836	1689.3	1
2573836	2587506	1688.5	1
2587506	2608649	1687.1	1
2608649	2619403	1685.1	1
2619403	2633688	1689.5	1
2633688	2651331	1688.3	1
2651331	2664071	1690.9	1
2664071	2680017	1688.5	1
2680017	2692027	1686.3	1
2692027	2708874	1688.1	1
2708874	2721008	1688.5	1
2721008	2734206	1687.7	1
2734206	2751053	1686.5	1
2751053	2768882	1686.5	1
2768882	2779912	1688.3	1
2779912	2790000	1687.9	1
2790000	2807820	1689.7	1
2807820	2821173	1690.1	1
2821173	2834442	1689.1	1
2834442	2848868	1688.9	1
2848868	2866877	1689.3	1
2866877	2880760	1689.7	1
2880760	2897744	1688.5	1
2897744	2907511	1689.5	1
2907511	2922134	1686.7	1
2922134	2939211	1686.7	1
2939211	2949850	1688.7	1
2949850	2969238	1688.3	1
2969238	2985079	1688.1	1
2985079	2999428	1687.9	1
2999428	3012905	1687.7	1
3012905	3027229	1686.5	1
3027229	3045752	1687.3	1
3045752	3052701	1687.7	1
3052701	3070717	1687.1	1
3070717	3080098	1688.7	1
3080098	3097637	1688.7	1
3097637	3115165	1686.1	1
3115165	3123785	1687.7	1
3123785	3137140	1689.5	1
3137140	3152320	1690.7	1
3152320	3167541	1688.5	1
3167541	3188781	1687.3	1
3188781	3197333	1689.3	1
3197333	3211305	1686.7	1
3211305	3229635	1688.5	1
3229635	3238959	1686.9	1
3238959	3262655	1687.3	1
3262655	3270937	1687.9	1
3270937	3284899	1690.7	1
3284899	3298063	1687.3	1
3298063	3306037	1686.5	1
3306037	3330392	1685.7	1
3330392	3346480	1687.9	1
3346480	3357550	1688.5	1
3357550	3376029	1688.9	1
3376029	3389741	1689.7	1
3389741	3406383	1688.9	1
3406383	3414900	1687.9	1
3414900	3431561	1689.7	1
3431561	3443052	1689.1	1
3443052	3455066	1687.3	1
3455066	3473178	1688.5	1
3473178	3486558	1689.3	1
3486558	3500110	1689.1	1
3500110	3514459	1689.3	1
3514459	3533052	1688.7	1
3533052	3551185	1687.1	1
3551185	3557784	1689.5	1
3557784	3571982	1689.5	1
3571982	3584687	1687.7	1
3584687	3604189	1687.1	1
3604189	3624143	1689.7	1
3624143	3630442	1688.9	1
3630442	3649141	1689.9	1
3649141	3662106	1689.1	1
3662106	3674443	1688.3	1
3674443	3689616	1687.1	1
3689616	3704275	1686.3	1
3704275	3713993	1687.1	1
3713993	3728008	1688.3	1
3728008	3740373	1689.3	1
3740373	3762034	1689.1	1
3762034	3775317	1687.5	1
3775317	3793121	1685.9	1
3793121	3808357	1686.9	1
3808357	3822321	1687.5	1
3822321	3840814	1687.5	1
3840814	3850308	1690.7	1
3850308	3863196	1687.1	1
3863196	3879463	1689.1	1
3879463	3893881	1685.5	1
3893881	3909483	1687.1	1
3909483	3926115	1687.9	1
3926115	3934289	1688.3	1
3934289	3953921	1687.9	1
3953921	3961955	1686.7	1
3961955	3987624	1687.9	1
3987624	3997342	1687.3	1
3997342	4011335	1689.3	1
4011335	4023969	1685.9	1
4023969	4035275	1688.3	1
4035275	4054165	1686.5	1
4054165	4066356	1687.3	1
4066356	4084169	1689.7	1
4084169	4097695	1687.9	1
4097695	4111285	1688.1	1
4111285	4128994	1688.5	1
4128994	4137409	1687.3	1
4137409	4157161	1688.7	1
4157161	4165589	1689.9	1
4165589	4184812	1687.9	1
4184812	4196577	1687.7	1
4196577	4206903	1688.1	1
4206903	4222314	1686.7	1
4222314	4234307	1687.9	1
4234307	4253335	1688.9	1
4253335	4277175	1686.9	1
4277175	4288554	1685.3	1
4288554	4296460	1685.3	1
4296460	4315812	1687.7	1
4315812	4329730	1688.5	1
4329730	4343711	1689.3	1
4343711	4359221	1689.3	1
4359221	4372371	1687.7	1
4372371	4382263	1687.1	1
4382263	4414283	1689.5	1
4414283	4431062	1687.3	1
4431062	4442355	1687.5	1
4442355	4458504	1688.9	1
4458504	4469455	1686.5	1
4469455	4495347	1688.1	1
4495347	4500239	1689.1	1
4500239	4518445	1688.3	1
4518445	4528265	1689.5	1
4528265	4542574	1688.9	1
4542574	4560099	1687.7	1
4560099	4573939	1685.9	1
4573939	4587959	1688.5	1
4587959	4600699	1688.7	1
4600699	4615265	1686.9	1
4615265	4631610	1687.1	1
4631610	4642997	1690.7	1
4642997	4656985	1689.1	1
4656985	4671459	1688.7	1
4671459	4692023	1688.5	1
4692023	4707645	1686.9	1
4707645	4719958	1685.5	1
4719958	4731003	1689.5	1
4731003	4743076	1688.9	1
4743076	4760887	1686.9	1
4760887	4775075	1683.0	1
4775075	4792573	1685.1	1
4792573	4803049	1686.9	1
4803049	4818436	1688.3	1
4818436	4832413	1690.9	1
4832413	4850545	1690.5	1
4850545	4865656	1687.7	1
4865656	4880418	1687.5	1
4880418	4887371	1687.9	1
4887371	4908263	1688.9	1
4908263	4922246	1690.3	1
4922246	4934191	1690.7	1
4934191	4946497	1689.5	1
4946497	4965913	1690.1	1
4965913	4974961	1686.3	1
4974961	4995082	1688.5	1
4995082	5004990	1688.3	1
5004990	5020187	1687.7	1
5020187	5037471	1686.9	1
5037471	5048199	1688.9	1
5048199	5070214	1687.5	1
5070214	5082937	1688.7	1
5082937	5096192	1689.5	1
5096192	5103481	1687.9	1
5103481	5122630	1689.9	1
5122630	5138107	1686.3	1
5138107	5149870	1686.9	1
5149870	5167868	1689.7	1
5167868	5178641	1690.3	1
5178641	5192820	1687.5	1
5192820	5214999	1687.9	1
5214999	5226056	1687.9	1
5226056	5236404	1688.3	1
5236404	5254426	1687.1	1
5254426	5264456	1683.6	1
5264456	5284159	1686.1	1
5284159	5299962	1687.9	1
5299962	5309689	1688.9	1
5309689	5326950	1689.3	1
5326950	5340869	1689.5	1
5340869	5354550	1687.9	1
5354550	5367974	1688.5	1
5367974	5384169	1688.3	1
5384169	5394787	1690.1	1
5394787	5408490	1685.5	1
5408490	5431305	1687.5	1
5431305	5443548	1689.3	1
5443548	5458657	1688.3	1
5458657	5472979	1690.9	1
5472979	5481057	1690.9	1
5481057	5505325	1687.9	1
5505325	5513781	1687.9	1
5513781	5526565	1688.9	1
5526565	5540402	1686.9	1
5540402	5557906	1685.7	1
5557906	5582639	1686.5	1
5582639	5598397	1709.5	1
5598397	5614956	1707.9	1
5614956	5628630	1702.1	1
5628630	5641813	1700.1	1
5641813	5654802	1696.4	1
5654802	5674758	1697.4	1
5674758	5681761	1695.2	1
5681761	5695523	1695.2	1
5695523	5715988	1693.8	1
5715988	5729920	1692.3	1
5729920	5748574	1693.8	1
5748574	5755958	1691.9	1
5755958	5770403	1689.7	1
5770403	5784610	1689.7	1
5784610	5797099	1690.1	1
5797099	5814801	1690.5	1
5814801	5832506	1692.1	1
5832506	5842926	1689.9	1
5842926	5860922	1690.1	1
5860922	5876142	1692.3	1
5876142	5889491	1689.3	1
5889491	5899378	1691.3	1
5899378	5913207	1689.1	1
5913207	5926541	1689.9	1
5926541	5940339	1690.1	1
5940339	5968023	1691.7	1
5968023	5976225	1690.5	1
5976225	5987386	1687.3	1
5987386	6004884	1690.5	1
6004884	6018443	1689.7	1
6018443	6039920	1689.1	1
6039920	6052049	1689.9	1
6052049	6060042	1689.1	1
6060042	6078391	1687.3	1
6078391	6093906	1690.1	1
6093906	6109815	1690.5	1
6109815	6122593	1691.3	1
6122593	6133219	1689.9	1
6133219	6150690	1688.5	1
6150690	6160286	1689.9	1
6160286	6181499	1688.7	1
6181499	6192538	1687.1	1
6192538	6206497	1685.5	1
6206497	6220496	1688.9	1
6220496	6232814	1689.3	1
6232814	6260118	1688.5	1
6260118	6269173	1687.9	1
6269173	6278132	1691.3	1
6278132	6292750	1690.1	1
6292750	6310338	1686.9	1
6310338	6324412	1688.5	1
6324412	6336758	1688.1	1
6336758	6351267	1688.5	1
6351267	6364599	1689.5	1
6364599	6378970	1688.1	1
6378970	6397703	1687.9	1
6397703	6413409	1689.3	1
6413409	6422369	1690.5	1
6422369	6442973	1690.7	1
6442973	6450822	1688.1	1
6450822	6470484	1686.3	1
6470484	6478452	1686.7	1
6478452	6492643	1686.1	1
6492643	6506354	1686.9	1
6506354	6527037	1689.3	1
6527037	6541531	1687.9	1
6541531	6558604	1689.7	1
6558604	6569016	1690.5	1
6569016	6587968	1692.3	1
6587968	6597015	1691.3	1
6597015	6618959	1687.9	1
6618959	6627808	1687.7	1
6627808	6644918	1689.3	1
6644918	6658319	1689.9	1
6658319	6666122	1689.9	1
6666122	6687179	1689.9	1
6687179	6702304	1690.7	1
6702304	6713687	1690.9	1
6713687	6730088	1686.5	1
6730088	6742312	1686.1	1
6742312	6760612	1688.1	1
6760612	6773867	1686.1	1
6773867	6783436	1688.5	1
6783436	6797369	1690.9	1
6797369	6811217	1690.9	1
6811217	6832103	1688.9	1
6832103	6845112	1688.9	1
6845112	6855955	1686.5	1
6855955	6874446	1686.1	1
6874446	6884307	1687.7	1
6884307	6902513	1687.1	1
6902513	6923117	1689.7	1
6923117	6934899	1690.7	1
6934899	6944779	1691.3	1
6944779	6960200	1690.5	1
6960200	6978256	1686.9	1
6978256	6994312	1687.1	1
6994312	7005690	1687.9	1
7005690	7022370	1690.7	1
7022370	7035530	1694.4	1
7035530	7049332	1689.9	1
7049332	7062006	1689.7	1
7062006	7076124	1690.3	1
7076124	7089997	1689.3	1
7089997	7103925	1690.9	1
7103925	7123254	1691.3	1
7123254	7139576	1690.1	1
7139576	7147455	1690.7	1
7147455	7164481	1689.1	1
7164481	7178756	1689.5	1
7178756	7199268	1688.7	1
7199268	7208017	1689.7	1
7208017	7223592	1690.5	1
7223592	7231571	1690.9	1
7231571	7251608	1692.7	1
7251608	7270212	1689.7	1
7270212	7279315	1689.5	1
7279315	7288346	1692.3	1
7288346	7302558	1690.9	1
7302558	7320873	1688.1	1
7320873	7340082	1688.7	1
7340082	7348203	1691.7	1
7348203	7367562	1689.3	1
7367562	7381547	1689.1	1
7381547	7389858	1692.1	1
7389858	7413122	1685.5	1
7413122	7422061	1690.7	1
7422061	7435753	1688.3	1
7435753	7449856	1686.3	1
7449856	7462388	1685.5	1
7462388	7487501	1687.1	1
7487501	7501584	1689.3	1
7501584	7513736	1691.3	1
7513736	7526586	1689.9	1
7526586	7539841	1692.1	1
7539841	7557854	1693.4	1
7557854	7563963	1688.5	1
7563963	7583774	1689.9	1
7583774	7598223	1689.5	1
7598223	7606575	1688.3	1
7606575	7625470	1690.7	1
7625470	7638297	1689.9	1
7638297	7654741	1691.1	1
7654741	7668668	1689.9	1
7668668	7679074	1691.7	1
7679074	7702950	1691.3	1
7702950	7713776	1692.8	1
7713776	7727686	1689.5	1
7727686	7737298	1690.9	1
7737298	7755395	1689.5	1
7755395	7772325	1692.3	1
7772325	7786545	1689.9	1
7786545	7797299	1689.9	1
7797299	7809822	1689.3	1
7809822	7829509	1690.5	1
7829509	7850482	1690.7	1
7850482	7857079	1688.3	1
7857079	7870544	1686.3	1
7870544	7887059	1686.7	1
7887059	7901017	1690.3	1
7901017	7921346	1688.9	1
7921346	7933029	1689.5	1
7933029	7946761	1689.9	1
7946761	7959340	1690.1	1
7959340	7967897	1689.5	1
7967897	7988859	1691.9	1
7988859	8004019	1686.1	1
8004019	8015742	1686.9	1
8015742	8029417	1686.1	1
8029417	8044755	1688.5	1
8044755	8062292	1688.9	1
8062292	8077536	1690.7	1
8077536	8087572	1690.7	1
8087572	8101506	1689.1	1
8101506	8119196	1692.1	1
8119196	8134869	1692.6	1
8134869	8148335	1690.1	1
8148335	8159537	1690.3	1
8159537	8173134	1688.5	1
8173134	8190107	1689.1	1
8190107	8203353	1690.5	1
8203353	8218331	1691.9	1
8218331	8232848	1689.5	1
8232848	8243098	1689.7	1
8243098	8261123	1689.5	1
8261123	8282215	1690.9	1
8282215	8295985	1689.5	1
8295985	8308015	1689.5	1
8308015	8317654	1689.5	1
8317654	8337543	1690.9	1
8337543	8351304	1692.9	1
8351304	8365755	1689.3	1
8365755	8375640	1690.9	1
8375640	8392211	1691.9	1
8392211	8402508	1691.6	1
8402508	8426725	1691.1	1
8426725	8434109	1688.5	1
8434109	8447745	1688.1	1
8447745	8462047	1688.1	1
8462047	8474975	1692.7	1
8474975	8501974	1695.4	1
8501974	8507755	1690.7	1
8507755	8521239	1692.1	1
8521239	8538953	1691.3	1
8538953	8552510	1689.7	1
8552510	8568545	1690.5	1
8568545	8581032	1689.1	1
8581032	8594425	1687.7	1
8594425	8608963	1690.7	1
8608963	8616265	1690.7	1
8616265	8641554	1690.7	1
8641554	8651603	1691.7	1
8651603	8669544	1691.9	1
8669544	8678387	1693.0	1
8678387	8697034	1693.0	1
8697034	8711501	1692.7	1
8711501	8728336	1690.1	1
8728336	8738649	1690.3	1
8738649	8753491	1688.5	1
8753491	8766823	1691.1	1
8766823	8788824	1690.7	1
8788824	8802715	1690.5	1
8802715	8813900	1692.6	1
8813900	8827949	1691.3	1
8827949	8837654	1692.3	1
8837654	8857289	1691.5	1
8857289	8872775	1691.1	1
8872775	8882180	1694.0	1
8882180	8900019	1692.2	1
8900019	8910419	1692.1	1
8910419	8928656	1692.1	1
8928656	8941423	1689.5	1
8941423	8958249	1691.7	1
8958249	8971541	1694.0	1
8971541	8985032	1691.3	1
8985032	9010427	1689.3	1
9010427	9016950	1691.1	1
9016950	9025891	1691.3	1
9025891	9045734	1692.8	1
9045734	9057029	1689.3	1
9057029	9071228	1689.3	1
9071228	9080545	1691.9	1
9080545	9094410	1690.9	1
9094410	9113682	1694.2	1
9113682	9128599	1689.1	1
9128599	9150297	1689.3	1
9150297	9157419	1688.5	1
9157419	9174294	1690.7	1
9174294	9184474	1692.4	1
9184474	9203719	1691.9	1
9203719	9218242	1695.0	1
9218242	9230161	1692.1	1
9230161	9242160	1689.7	1
9242160	9255963	1689.5	1
9255963	9276121	1694.8	1
9276121	9294938	1692.5	1
9294938	9305902	1689.7	1
9305902	9317318	1690.9	1
9317318	9329816	1691.3	1
9329816	9345564	1691.9	1
9345564	9361120	1696.0	1
9361120	9380218	1690.9	1
9380218	9387657	1691.9	1
9387657	9406478	1690.3	1
9406478	9422029	1690.9	1
9422029	9436070	1691.7	1
9436070	9442665	1689.7	1
9442665	9456714	1693.2	1
9456714	9475787	1692.9	1
9475787	9484248	1691.3	1
9484248	9504525	1691.5	1
9504525	9513910	1694.6	1
9513910	9532957	1694.6	1
9532957	9546970	1691.5	1
9546970	9561086	1692.3	1
9561086	9581596	1692.3	1
9581596	9595408	1694.0	1
9595408	9605527	1692.7	1
9605527	9618834	1693.6	1
9618834	9632757	1693.2	1
9632757	9651509	1692.7	1
9651509	9665454	1690.3	1
9665454	9677152	1690.7	1
9677152	9690691	1692.1	1
9690691	9703912	1692.3	1
9703912	9723033	1691.1	1
9723033	9734076	1692.3	1
9734076	9752272	1692.5	1
9752272	9762496	1694.2	1
9762496	9776770	1691.1	1
9776770	9799749	1693.8	1
9799749	9809745	1691.5	1
9809745	9825142	1690.7	1
9825142	9836984	1691.9	1
9836984	9852604	1693.4	1
9852604	9873708	1690.7	1
9873708	9883557	1692.3	1
9883557	9893050	1692.5	1
9893050	9908610	1693.0	1
9908610	9921769	1694.6	1
9921769	9942125	1692.8	1
9942125	9955074	1690.3	1
9955074	9969266	1691.3	1
9969266	9983309	1688.7	1
9983309	9991723	1691.5	1
9991723	10012368	1691.9	1
10012368	10027163	1691.3	1
10027163	10041030	1692.4	1
10041030	10053680	1692.7	1
10053680	10069128	1692.3	1
10069128	10090636	1692.1	1
10090636	10101916	1688.9	1
10101916	10110791	1689.1	1
10110791	10128007	1689.1	1
10128007	10138832	1688.5	1
10138832	10163105	1690.3	1
10163105	10170068	1691.9	1
10170068	10187774	1690.9	1
10187774	10201161	1690.5	1
10201161	10215800	1691.5	1
10215800	10233719	1691.9	1
10233719	10242560	1692.5	1
10242560	10256325	1692.6	1
10256325	10270102	1693.4	1
10270102	10284001	1693.2	1
10284001	10305841	1693.4	1
10305841	10319000	1693.3	1
10319000	10328912	1690.9	1
10328912	10346898	1692.5	1
10346898	10360641	1691.9	1
10360641	10379608	1690.1	1
10379608	10388318	1687.7	1
10388318	10400809	1692.5	1
10400809	10419623	1691.7	1
10419623	10429964	1692.1	1
10429964	10446991	1693.4	1
10446991	10464677	1693.6	1
10464677	10473783	1694.0	1
10473783	10490779	1693.8	1
10490779	10500911	1693.0	1
10500911	10519830	1691.9	1
10519830	10529666	1690.5	1
10529666	10542171	1692.1	1
10542171	10556862	1690.7	1
10556862	10574431	1691.5	1
10574431	10592224	1691.3	1
10592224	10606044	1693.2	1
10606044	10622908	1693.4	1
10622908	10633426	1692.8	1
10633426	10646814	1692.7	1
10646814	10666214	1690.5	1
10666214	10681897	1692.5	1
10681897	10695884	1691.1	1
10695884	10711164	1693.4	1
10711164	10725505	1692.7	1
10725505	10738868	1691.7	1
10738868	10751010	1692.8	1
10751010	10771143	1694.9	1
10771143	10781313	1692.1	1
10781313	10793120	1690.5	1
10793120	10814652	1688.5	1
10814652	10825776	1688.1	1
10825776	10840446	1691.1	1
10840446	10853662	1691.1	1
10853662	10865120	1691.3	1
10865120	10884041	1691.1	1
10884041	10900429	1691.7	1
10900429	10913890	1690.7	1
10913890	10928537	1691.9	1
10928537	10937906	1692.3	1
10937906	10961731	1693.4	1
10961731	10969849	1692.3	1
10969849	10981988	1691.9	1
10981988	10996240	1690.7	1
10996240	11014470	1692.5	1
11014470	11031947	1691.7	1
11031947	11044799	1690.7	1
11044799	11058682	1690.5	1
11058682	11067166	1692.8	1
11067166	11085524	1689.1	1
11085524	11107044	1689.9	1
11107044	11113496	1693.6	1
11113496	11130188	1696.6	1
11130188	11144380	1690.9	1
11144380	11158460	1690.1	1
11158460	11171896	1691.9	1
11171896	11186641	1691.5	1
11186641	11200595	1691.3	1
11200595	11211176	1691.3	1
11211176	11228250	1692.9	1
11228250	11253211	1689.3	1
11253211	11261582	1689.5	1
11261582	11275597	1690.7	1
11275597	11285153	1690.3	1
11285153	11298942	1688.5	1
11298942	11323200	1687.9	1
11323200	11331312	1693.6	1
11331312	11346972	1692.6	1
11346972	11360080	1690.5	1
11360080	11373913	1687.1	1
11373913	11389022	1690.5	1
11389022	11401891	1691.3	1
11401891	11415882	1690.7	1
11415882	11430008	1690.3	1
11430008	11446596	1689.9	1
11446596	11465125	1691.1	1
11465125	11474650	1692.5	1
11474650	11487142	1691.5	1
11487142	11507056	1689.5	1
11507056	11514509	1687.7	1
11514509	11540360	1690.7	1
11540360	11548649	1690.7	1
11548649	11566244	1691.7	1
11566244	11579162	1692.2	1
11579162	11588812	1690.5	1
11588812	11610431	1692.9	1
11610431	11623820	1690.1	1
11623820	11631919	1689.9	1
11631919	11652140	1688.7	1
11652140	11663675	1689.5	1
11663675	11681715	1689.9	1
11681715	11697612	1688.5	1
11697612	11705545	1691.5	1
11705545	11721117	1691.1	1
11721117	11733176	1690.3	1
11733176	11757800	1691.7	1
11757800	11764868	1689.9	1
11764868	11781953	1687.5	1
11781953	11792257	1689.5	1
11792257	11805976	1689.7	1
11805976	11827834	1693.2	1
11827834	11841667	1688.5	1
11841667	11855879	1689.5	1
11855879	11869698	1690.5	1
11869698	11883020	1690.7	1
11883020	11901153	1688.3	1
11901153	11915175	1689.7	1
11915175	11925063	1687.7	1
11925063	11939632	1688.9	1
11939632	11951154	1688.5	1
11951154	11971848	1691.3	1
11971848	11981911	1689.7	1
11981911	11996217	1688.9	1
11996217	12015336	1690.5	1
12015336	12029944	1690.9	1
12029944	12039189	1691.3	1
12039189	12056216	1688.7	1
12056216	12068928	1689.7	1
12068928	12082731	1689.5	1
12082731	12093051	1689.1	1
12093051	12119392	1690.5	1
12119392	12143883	1692.7	1
12143883	12157780	1714.1	1
12157780	12166727	1710.7	1
12166727	12186803	1709.9	1
12186803	12200447	1706.3	1
12200447	12221636	1699.7	1
12221636	12226435	1701.7	1
12226435	12239820	1702.9	1
12239820	12251234	1697.6	1
12251234	12270006	1696.6	1
12270006	12281584	1694.0	1
12281584	12292441	1693.0	1
12292441	12311792	1693.4	1
12311792	12325732	1693.2	1
12325732	12338529	1693.8	1
12338529	12351956	1692.3	1
12351956	12366917	1691.5	1
12366917	12381426	1690.1	1
12381426	12395339	1690.9	1
12395339	12407873	1691.3	1
12407873	12430324	1691.1	1
12430324	12441667	1690.1	1
12441667	12458117	1689.9	1
12458117	12470357	1690.1	1
12470357	12484111	1690.9	1
12484111	12501898	1688.9	1
12501898	12510745	1690.1	1
12510745	12524524	1692.7	1
12524524	12541543	1690.9	1
12541543	12555531	1690.9	1
12555531	12570361	1690.1	1
12570361	12582974	1687.5	1
12582974	12597173	1689.9	1
12597173	12614940	1690.9	1
12614940	12629681	1691.7	1
12629681	12645941	1692.5	1
12645941	12659894	1691.9	1
12659894	12672973	1692.9	1
12672973	12687527	1691.7	1
12687527	12701362	1687.5	1
12701362	12715316	1689.7	1
12715316	12728844	1688.3	1
12728844	12743498	1691.1	1
12743498	12757277	1690.3	1
12757277	12768006	1691.5	1
12768006	12787461	1689.1	1
12787461	12799306	1689.7	1
12799306	12812975	1689.9	1
12812975	12827867	1692.3	1
12827867	12846282	1689.5	1
12846282	12864110	1686.1	1
12864110	12876421	1689.1	1
12876421	12888337	1691.3	1
12888337	12904376	1691.3	1
12904376	12918277	1696.0	1
12918277	12932038	1694.6	1
12932038	12946384	1689.1	1
12946384	12960158	1689.7	1
12960158	12973851	1690.1	1
12973851	12989611	1689.9	1
12989611	13010332	1687.1	1
13010332	13022112	1688.7	1
13022112	13035242	1689.5	1
13035242	13042929	1690.5	1
13042929	13063729	1691.1	1
13063729	13077709	1691.3	1
13077709	13088907	1690.3	1
13088907	13103253	1690.9	1
13103253	13119840	1687.5	1
13119840	13131212	1688.3	1
13131212	13151445	1688.5	1
13151445	13165396	1691.9	1
13165396	13179440	1691.5	1
13179440	13196268	1689.9	1
13196268	13210291	1689.7	1
13210291	13222265	1691.5	1
13222265	13235887	1689.5	1
13235887	13252270	1690.3	1
13252270	13266310	1689.1	1
13266310	13280161	1689.1	1
13280161	13293895	1688.5	1
13293895	13307280	1688.5	1
13307280	13321754	1688.5	1
13321754	13334206	1687.9	1
13334206	13350379	1690.9	1
13350379	13364019	1691.5	1
13364019	13381747	1690.7	1
13381747	13389976	1690.5	1
13389976	13403511	1689.5	1
13403511	13417534	1687.3	1
13417534	13440816	1689.3	1
13440816	13452343	1690.3	1
13452343	13468861	1689.9	1
13468861	13480843	1688.9	1
13480843	13496622	1689.3	1
13496622	13517513	1688.3	1
13517513	13530253	1689.1	1
13530253	13538580	1688.5	1
13538580	13552460	1684.9	1
13552460	13571151	1687.5	1
13571151	13589847	1689.7	1
13589847	13601924	1690.3	1
13601924	13612570	1686.9	1
13612570	13629673	1688.3	1
13629673	13643148	1688.3	1
13643148	13662070	1689.7	1
13662070	13673601	1691.1	1
13673601	13684990	1687.7	1
13684990	13701074	1687.9	1
13701074	13714889	1688.1	1
13714889	13729292	1687.9	1
13729292	13742172	1689.3	1
13742172	13760004	1689.9	1
13760004	13775275	1690.5	1
13775275	13787604	1690.7	1
13787604	13804063	1689.3	1
13804063	13810825	1688.7	1
13810825	13824397	1691.1	1
13824397	13838482	1687.3	1
13838482	13855981	1687.7	1
13855981	13879566	1688.9	1
13879566	13892449	1688.3	1
13892449	13901372	1690.3	1
13901372	13920452	1689.3	1
13920452	13928914	1688.9	1
13928914	13945103	1688.3	1
13945103	13964394	1689.9	1
13964394	13976533	1687.3	1
13976533	13985334	1689.7	1
13985334	14000018	1687.9	1
14000018	14019567	1690.5	1
14019567	14032645	1689.3	1
14032645	14046058	1688.3	1
14046058	14058228	1686.9	1
14058228	14075694	1690.7	1
14075694	14095920	1688.7	1
14095920	14108030	1685.7	1
14108030	14116796	1688.3	1
14116796	14136727	1689.5	1
14136727	14151913	1687.9	1
14151913	14165989	1688.7	1
14165989	14180185	1689.3	1
14180185	14189814	1689.9	1
14189814	14208635	1688.7	1
14208635	14221959	1688.9	1
14221959	14236861	1689.3	1
14236861	14251336	1689.1	1
14251336	14262086	1690.3	1
14262086	14275775	1689.3	1
14275775	14289955	1690.3	1
14289955	14307736	1689.7	1
14307736	14321216	1689.1	1
14321216	14328267	1691.3	1
14328267	14342525	1688.9	1
14342525	14362001	1690.5	1
14362001	14376512	1687.9	1
14376512	14388464	1690.1	1
14388464	14401086	1689.7	1
14401086	14418155	1690.9	1
14418155	14428768	1688.3	1
14428768	14447453	1689.3	1
14447453	14466575	1689.1	1
14466575	14479114	1689.9	1
14479114	14493811	1685.2	1
14493811	14506282	1690.1	1
14506282	14523725	1688.5	1
14523725	14536641	1687.5	1
14536641	14550347	1689.1	1
14550347	14559646	1689.5	1
14559646	14573914	1688.9	1
14573914	14599525	1688.3	1
14599525	14609621	1692.5	1
14609621	14619752	1687.7	1
14619752	14634584	1690.7	1
14634584	14649386	1688.3	1
14649386	14669338	1688.3	1
14669338	14676455	1688.1	1
14676455	14695622	1690.7	1
14695622	14708343	1688.9	1
14708343	14718688	1689.1	1
14718688	14742192	1688.7	1
14742192	14749940	1686.9	1
14749940	14763642	1690.7	1
14763642	14780798	1689.9	1
14780798	14792081	1689.7	1
14792081	14812513	1687.3	1
14812513	14828688	1690.7	1
14828688	14841450	1688.5	1
14841450	14856823	1691.1	1
14856823	14864227	1691.5	1
14864227	14888415	1690.1	1
14888415	14899087	1691.3	1
14899087	14913837	1685.7	1
14913837	14926622	1690.3	1
14926622	14940742	1687.7	1
14940742	14957136	1687.7	1
14957136	14967599	1689.1	1
14967599	14981435	1689.7	1
14981435	14997065	1690.5	1
14997065	15011423	1688.1	1
15011423	15030695	1688.5	1
15030695	15040434	1688.9	1
15040434	15051349	1689.5	1
15051349	15069794	1689.9	1
15069794	15084297	1688.9	1
15084297	15100782	1688.3	1
15100782	15114312	1690.1	1
15114312	15125952	1688.7	1
15125952	15144226	1690.1	1
15144226	15156693	1689.7	1
15156693	15175095	1688.5	1
15175095	15184245	1689.9	1
15184245	15203832	1688.5	1
15203832	15218095	1687.7	1
15218095	15228201	1687.9	1
15228201	15246243	1690.3	1
15246243	15259493	1689.5	1
15259493	15274021	1690.5	1
15274021	15281797	1690.7	1
15281797	15300146	1690.9	1
15300146	15320603	1689.9	1
15320603	15326869	1690.5	1
15326869	15340916	1689.5	1
15340916	15358383	1686.1	1
15358383	15370445	1686.5	1
15370445	15389525	1688.7	1
15389525	15400470	1690.1	1
15400470	15414136	1689.3	1
15414136	15430098	1688.9	1
15430098	15445354	1688.9	1
15445354	15462444	1688.5	1
15462444	15478534	1689.3	1
15478534	15489671	1687.7	1
15489671	15504762	1690.5	1
15504762	15518806	1687.5	1
15518806	15528325	1689.9	1
15528325	15547365	1687.9	1
15547365	15559915	1686.9	1
15559915	15573146	1689.7	1
15573146	15588839	1688.5	1
15588839	15606389	1686.9	1
15606389	15630985	1688.9	1
15630985	15649247	1688.3	1
15649247	15659827	1688.7	1
15659827	15676431	1687.7	1
15676431	15691138	1689.3	1
15691138	15705417	1692.3	1
15705417	15722090	1691.9	1
15722090	15735900	1690.1	1
15735900	15757631	1691.9	1
15757631	15768253	1685.9	1
15768253	15784605	1686.5	1
15784605	15795561	1688.7	1
15795561	15806106	1690.1	1
15806106	15823445	1690.1	1
15823445	15853887	1689.7	1
15853887	15861198	1689.9	1
15861198	15881506	1690.1	1
15881506	15894093	1688.1	1
15894093	15908259	1689.7	1
15908259	15924830	1688.5	1
15924830	15938206	1690.1	1
15938206	15952483	1690.9	1
15952483	15969846	1691.1	1
15969846	15979985	1689.9	1
15979985	15997845	1690.3	1
15997845	16011994	1687.5	1
16011994	16021327	1686.7	1
16021327	16044550	1688.5	1
16044550	16055277	1686.5	1
16055277	16069197	1689.3	1
16069197	16083439	1687.7	1
16083439	16095726	1690.5	1
16095726	16116658	1690.3	1
16116658	16124279	1690.3	1
16124279	16141868	1688.9	1
16141868	16151938	1686.7	1
16151938	16170837	1686.5	1
16170837	16182987	1689.5	1
16182987	16199773	1688.1	1
16199773	16214034	1687.9	1
16214034	16221084	1689.3	1
16221084	16237510	1689.5	1
16237510	16259178	1689.1	1
16259178	16268516	1689.7	1
16268516	16284566	1690.9	1
16284566	16298028	1690.1	1
16298028	16311804	1690.5	1
16311804	16332221	1687.9	1
16332221	16339946	1688.1	1
16339946	16359559	1685.9	1
16359559	16371687	1689.5	1
16371687	16382079	1687.1	1
16382079	16401755	1687.9	1
16401755	16417044	1688.5	1
16417044	16429445	1689.5	1
16429445	16440484	1691.7	1
16440484	16461768	1688.3	1
16461768	16471250	1719.5	1
16471250	16492106	1715.7	1
16492106	16500034	1709.7	1
16500034	16516134	1705.3	1
16516134	16529744	1704.9	1
16529744	16543455	1703.9	1
16543455	16568322	1697.2	1
16568322	16577361	1693.0	1
16577361	16591540	1692.0	1
16591540	16602980	1694.4	1
16602980	16613028	1691.9	1
16613028	16636062	1725.1	1
16636062	16645550	1716.7	1
16645550	16657619	1713.1	1
16657619	16671754	1711.9	1
16671754	16690722	1707.7	1
16690722	16709167	1704.5	1
16709167	16722518	1701.9	1
16722518	16730782	1697.8	1
16730782	16743638	1697.2	1
16743638	16763188	1696.2	1
16763188	16779398	1693.0	1
16779398	16792428	1694.2	1
16792428	16802851	1694.6	1
16802851	16820146	1693.2	1
16820146	16831949	1693.2	1
16831949	16849897	1692.4	1
16849897	16862456	1692.8	1
16862456	16876285	1691.1	1
16876285	16895772	1692.3	1
16895772	16908911	1689.5	1
16908911	16921933	1690.1	1
16921933	16932563	1691.3	1
16932563	16952456	1690.3	1
16952456	16966117	1689.5	1
16966117	16974365	1692.1	1
16974365	16998271	1692.6	1
16998271	17004968	1691.9	1
17004968	17022151	1690.5	1
17022151	17036004	1688.7	1
17036004	17050150	1687.3	1
17050150	17070377	1688.5	1
17070377	17082444	1689.3	1
17082444	17096037	1688.3	1
17096037	17105944	1687.3	1
17105944	17121123	1689.1	1
17121123	17144211	1690.5	1
17144211	17154586	1689.5	1
17154586	17168366	1691.3	1
17168366	17178606	1690.3	1
17178606	17196181	1685.1	1
17196181	17216694	1685.9	1
17216694	17222712	1689.7	1
17222712	17236996	1690.5	1
17236996	17251283	1689.3	1
17251283	17265179	1690.7	1
17265179	17287098	1691.9	1
17287098	17299823	1690.7	1
17299823	17308220	1689.7	1
17308220	17327370	1688.5	1
17327370	17341240	1685.3	1
17341240	17364663	1690.3	1
17364663	17373271	1690.3	1
17373271	17382474	1691.3	1
17382474	17399470	1690.1	1
17399470	17413473	1691.5	1
17413473	17434562	1692.1	1
17434562	17445401	1690.3	1
17445401	17454976	1690.7	1
17454976	17468862	1689.3	1
17468862	17489473	1691.3	1
17489473	17501705	1690.7	1
17501705	17512249	1688.9	1
17512249	17531486	1690.3	1
17531486	17544565	1691.3	1
17544565	17553109	1690.5	1
17553109	17577336	1689.5	1
17577336	17586991	1690.9	1
17586991	17601793	1690.7	1
17601793	17616631	1690.9	1
17616631	17630474	1691.1	1
17630474	17655910	1689.1	1
17655910	17665687	1690.5	1
17665687	17677469	1690.3	1
17677469	17696330	1689.7	1
17696330	17705801	1686.9	1
17705801	17724998	1692.3	1
17724998	17731486	1690.5	1
17731486	17744970	1687.7	1
17744970	17758907	1688.1	1
17758907	17771773	1690.7	1
17771773	17796413	1689.9	1
17796413	17807322	1691.5	1
17807322	17817058	1689.9	1
17817058	17835287	1690.1	1
17835287	17849437	1689.3	1
17849437	17864401	1691.5	1
17864401	17876945	1690.5	1
17876945	17894277	1687.7	1
17894277	17908179	1689.5	1
17908179	17922053	1690.1	1
17922053	17935713	1690.5	1
17935713	17956949	1689.5	1
17956949	17966354	1690.5	1
17966354	17975711	1690.5	1
17975711	17991826	1689.7	1
17991826	18012704	1689.5	1
18012704	18025644	1687.3	1
18025644	18040888	1688.9	1
18040888	18047801	1687.5	1
18047801	18061835	1690.7	1
18061835	18087043	1690.5	1
18087043	18092007	1689.7	1
18092007	18110402	1690.7	1
18110402	18120311	1688.5	1
18120311	18139063	1690.5	1
18139063	18159491	1689.3	1
18159491	18171930	1688.1	1
18171930	18183181	1716.7	1
18183181	18197039	1712.9	1
18197039	18215303	1711.5	1
18215303	18229747	1705.3	1
18229747	18245664	1723.3	1
18245664	18260229	1715.5	1
18260229	18275796	1713.3	1
18275796	18289479	1711.5	1
18289479	18301160	1706.1	1
18301160	18318994	1708.5	1
18318994	18324422	1705.3	1
18324422	18349637	1699.7	1
18349637	18362700	1695.2	1
18362700	18372728	1696.0	1
18372728	18386318	1692.8	1
18386318	18400205	1693.8	1
18400205	18416939	1695.2	1
18416939	18427812	1694.6	1
18427812	18447029	1694.6	1
18447029	18455239	1692.8	1
18455239	18475105	1691.7	1
18475105	18488311	1690.1	1
18488311	18501512	1691.5	1
18501512	18514353	1691.7	1
18514353	18526927	1692.8	1
18526927	18546315	1691.7	1
18546315	18561914	1691.7	1
18561914	18579145	1692.1	1
18579145	18591048	1690.1	1
18591048	18601729	1689.5	1
18601729	18618958	1689.7	1
18618958	18639803	1690.1	1
18639803	18646194	1690.7	1
18646194	18660158	1691.9	1
18660158	18678297	1688.1	1
18678297	18690318	1690.3	1
18690318	18706080	1690.3	1
18706080	18717604	1689.9	1
18717604	18734181	1688.9	1
18734181	18745516	1691.1	1
18745516	18759214	1688.1	1
18759214	18782937	1686.5	1
18782937	18795485	1690.5	1
18795485	18810769	1689.1	1
18810769	18823890	1690.1	1
18823890	18835154	1688.9	1
18835154	18852435	1691.5	1
18852435	18866237	1689.5	1
18866237	18884981	1688.9	1
18884981	18898209	1688.3	1
18898209	18908017	1688.9	1
18908017	18929143	1689.1	1
18929143	18940479	1687.9	1
18940479	18949423	1689.5	1
18949423	18963406	1689.9	1
18963406	18980009	1690.7	1
18980009	19002523	1689.3	1
19002523	19010894	1687.7	1
19010894	19026386	1688.9	1
19026386	19038949	1688.5	1
19038949	19052458	1688.1	1
19052458	19068050	1686.9	1
19068050	19079341	1689.1	1
19079341	19093412	1688.9	1
19093412	19110118	1689.1	1
19110118	19123155	1689.5	1
19123155	19140374	1689.9	1
19140374	19152969	1689.7	1
19152969	19171502	1690.7	1
19171502	19181104	1687.3	1
19181104	19195263	1688.9	1
19195263	19214003	1687.9	1
19214003	19229850	1689.1	1
19229850	19243883	1690.7	1
19243883	19258006	1689.9	1
19258006	19271940	1689.9	1
19271940	19287726	1688.3	1
19287726	19299601	1689.7	1
19299601	19308075	1689.3	1
19308075	19321342	1688.7	1
19321342	19337741	1686.5	1
19337741	19364711	1689.7	1
19364711	19371460	1689.7	1
19371460	19391247	1689.5	1
19391247	19405277	1691.3	1
19405277	19417452	1688.7	1
19417452	19432048	1690.5	1
19432048	19447404	1690.3	1
19447404	19461416	1690.7	1
19461416	19475447	1688.5	1
19475447	19489221	1688.3	1
19489221	19505784	1690.9	1
19505784	19521086	1690.3	1
19521086	19530656	1689.9	1
19530656	19544730	1689.9	1
19544730	19563415	1691.9	1
19563415	19581753	1693.1	1
19581753	19593996	1689.5	1
19593996	19605784	1688.9	1
19605784	19622065	1688.5	1
19622065	19636315	1687.7	1
19636315	19654784	1689.7	1
19654784	19665935	1690.3	1
19665935	19680100	1692.3	1
19680100	19691493	1691.7	1
19691493	99999999	1690.7	1
