#Processing Run 48482 for polarization tables
#The run table thinks this was a DPERPL2 run
#Corresponding AMO file is :/home/clasg8/rootbeer2.1/dat/pol/amo_tesc_48461.dat
#Coherent Edge positions for TESC events follow:
#Event	Coh Edge	PolPlane(PARA=0,PERP=1,AMO=2,CHANGING=3)
0	11463	1481.2	1
11463	28300	1480.0	1
28300	40321	1475.3	1
40321	59384	1476.7	1
59384	61564	1476.5	1
61564	79878	1531.7	1
79878	92214	1529.0	1
92214	105624	1527.0	1
105624	114060	1519.8	1
114060	133389	1516.8	1
133389	149524	1510.3	1
149524	163814	1510.1	1
163814	174884	1505.1	1
174884	191991	1502.9	1
191991	208535	1500.1	1
208535	224318	1497.5	1
224318	234905	1497.5	1
234905	248689	1499.7	1
248689	266432	1497.3	1
266432	284346	1494.7	1
284346	295496	1494.3	1
295496	314507	1492.9	1
314507	328293	1494.5	1
328293	334840	1524.0	1
334840	355524	1521.2	1
355524	380901	1514.1	1
380901	386563	1510.3	1
386563	406550	1508.9	1
406550	415746	1505.5	1
415746	429030	1504.1	1
429030	452727	1504.7	1
452727	462115	1508.1	1
462115	476253	1509.5	1
476253	490558	1510.1	1
490558	504309	1510.9	1
504309	526212	1509.9	1
526212	533448	1509.3	1
533448	553862	1507.9	1
553862	561295	1505.5	1
561295	582099	1505.3	1
582099	596965	1503.7	1
596965	612520	1502.7	1
612520	622206	1502.1	1
622206	640172	1499.1	1
640172	651306	1496.3	1
651306	675323	1492.1	1
675323	684294	1490.8	1
684294	704072	1489.6	1
704072	716412	1484.6	1
716412	734165	1485.6	1
734165	748631	1482.2	1
748631	758769	1480.4	1
758769	777702	1473.9	1
777702	792855	1473.5	1
792855	802623	1475.1	1
802623	825723	1474.3	1
825723	835121	1474.9	1
835121	852158	1479.6	1
852158	865753	1476.5	1
865753	880759	1480.8	1
880759	906009	1480.4	1
906009	917094	1482.8	1
917094	932484	1486.6	1
932484	946106	1485.8	1
946106	960138	1483.0	1
960138	979657	1483.6	1
979657	991593	1483.6	1
991593	1005211	1485.0	1
1005211	1017241	1485.0	1
1017241	1031458	1487.0	1
1031458	1055296	1490.5	1
1055296	1062954	1489.2	1
1062954	1083644	1488.4	1
1083644	1092376	1486.2	1
1092376	1107213	1482.0	1
1107213	1129142	1477.7	1
1129142	1141871	1472.3	1
1141871	1154884	1468.9	1
1154884	1169261	1471.1	1
1169261	1188305	1473.9	1
1188305	1208948	1476.1	1
1208948	1217524	1480.0	1
1217524	1236136	1477.5	1
1236136	1250880	1477.7	1
1250880	1262199	1477.7	1
1262199	1282937	1475.3	1
1282937	1295502	1483.6	1
1295502	1308679	1486.6	1
1308679	1323493	1488.0	1
1323493	1332576	1487.0	1
1332576	1359819	1486.8	1
1359819	1372544	1486.8	1
1372544	1380215	1489.7	1
1380215	1395834	1488.6	1
1395834	1409486	1489.0	1
1409486	1429005	1487.2	1
1429005	1441504	1484.2	1
1441504	1456025	1485.0	1
1456025	1470681	1484.2	1
1470681	1485183	1487.6	1
1485183	1504851	1487.8	1
1504851	1516981	1485.6	1
1516981	1532759	1485.6	1
1532759	1547124	1485.0	1
1547124	1565048	1484.0	1
1565048	1588234	1482.6	1
1588234	1598988	1477.3	1
1598988	1609558	1477.5	1
1609558	1624602	1482.2	1
1624602	1640164	1484.8	1
1640164	1662065	1486.2	1
1662065	1674516	1486.2	1
1674516	1688513	1485.8	1
1688513	1701924	1487.0	1
1701924	1711548	1488.8	1
1711548	1732726	1488.8	1
1732726	1748968	1491.3	1
1748968	1763818	1492.7	1
1763818	1780640	1492.1	1
1780640	1790227	1492.1	1
1790227	1808434	1493.3	1
1808434	1820904	1494.3	1
1820904	1838696	1492.3	1
1838696	1848887	1495.5	1
1848887	1870420	1494.7	1
1870420	1888572	1492.5	1
1888572	1895020	1494.1	1
1895020	1909770	1496.9	1
1909770	1924211	1499.3	1
1924211	1937651	1494.9	1
1937651	1962253	1491.3	1
1962253	1972005	1487.6	1
1972005	1987011	1487.2	1
1987011	2001143	1487.0	1
2001143	2021932	1490.0	1
2021932	2039166	1483.6	1
2039166	2051130	1487.8	1
2051130	2063939	1490.1	1
2063939	2074560	1490.7	1
2074560	2088984	1489.0	1
2088984	2116425	1485.2	1
2116425	2128325	1485.2	1
2128325	2139557	1484.0	1
2139557	2149693	1486.4	1
2149693	2168956	1482.2	1
2168956	2186401	1487.2	1
2186401	2203403	1489.6	1
2203403	2218314	1491.1	1
2218314	2231004	1490.7	1
2231004	2241547	1490.7	1
2241547	2262549	1489.2	1
2262549	2273503	1487.0	1
2273503	2288479	1485.4	1
2288479	2303034	1486.0	1
2303034	2321655	1487.4	1
2321655	2342433	1487.2	1
2342433	2352156	1491.3	1
2352156	2363820	1489.9	1
2363820	2377940	1488.8	1
2377940	2393344	1488.8	1
2393344	2418068	1488.4	1
2418068	2431591	1487.2	1
2431591	2442903	1488.0	1
2442903	2456812	1489.8	1
2456812	2467002	1488.4	1
2467002	2488054	1490.4	1
2488054	2501396	1492.1	1
2501396	2520334	1490.5	1
2520334	2530288	1491.3	1
2530288	2541887	1490.4	1
2541887	2565702	1486.8	1
2565702	2578532	1485.2	1
2578532	2590365	1485.0	1
2590365	2605374	1484.4	1
2605374	2623699	1484.0	1
2623699	2646987	1484.6	1
2646987	2652515	1485.8	1
2652515	2667134	1486.2	1
2667134	2686266	1485.6	1
2686266	2702464	1486.6	1
2702464	2716965	1485.2	1
2716965	2729839	1486.6	1
2729839	2744784	1487.0	1
2744784	2757959	1487.8	1
2757959	2773453	1490.2	1
2773453	2792809	1492.7	1
2792809	2799241	1495.7	1
2799241	2813759	1496.1	1
2813759	2827815	1496.3	1
2827815	2844518	1494.9	1
2844518	2868162	1492.7	1
2868162	2877308	1490.1	1
2877308	2891149	1489.4	1
2891149	2905743	1487.6	1
2905743	2928302	1488.4	1
2928302	2937149	1546.0	1
2937149	2953396	1530.8	1
2953396	2969014	1521.6	1
2969014	2986912	1518.0	1
2986912	3002142	1511.7	1
3002142	3015592	1509.1	1
3015592	3025802	1504.3	1
3025802	3046761	1497.5	1
3046761	3059520	1495.5	1
3059520	3076290	1491.9	1
3076290	3091057	1490.5	1
3091057	3105113	1489.2	1
3105113	3120265	1487.4	1
3120265	3133892	1489.0	1
3133892	3152042	1490.1	1
3152042	3161993	1490.5	1
3161993	3177343	1489.2	1
3177343	3191249	1491.1	1
3191249	3215515	1490.9	1
3215515	3243597	1489.9	1
3243597	3255466	1489.2	1
3255466	3272568	1488.8	1
3272568	3289148	1489.6	1
3289148	3301191	1489.6	1
3301191	3318314	1490.9	1
3318314	3334333	1492.1	1
3334333	3347403	1491.9	1
3347403	3361994	1490.9	1
3361994	3379522	1490.1	1
3379522	3390921	1489.4	1
3390921	3409372	1486.2	1
3409372	3426887	1485.0	1
3426887	3442875	1484.4	1
3442875	3457140	1484.8	1
3457140	3467066	1486.0	1
3467066	3487539	1487.0	1
3487539	3498598	1518.2	1
3498598	3523342	1528.8	1
3523342	3531083	1511.1	1
3531083	3551387	1508.7	1
3551387	3568275	1506.1	1
3568275	3578170	1503.5	1
3578170	3593716	1500.7	1
3593716	3609792	1495.7	1
3609792	3619262	1493.3	1
3619262	3634124	1493.1	1
3634124	3655038	1490.7	1
3655038	3675846	1488.2	1
3675846	3683186	1489.8	1
3683186	3699341	1491.3	1
3699341	3711421	1491.3	1
3711421	3725737	1491.1	1
3725737	3751116	1490.7	1
3751116	3764658	1491.5	1
3764658	3778983	1487.8	1
3778983	3791569	1488.0	1
3791569	3800272	1486.0	1
3800272	3823591	1486.0	1
3823591	3836593	1484.6	1
3836593	3848192	1490.0	1
3848192	3868943	1486.2	1
3868943	3882441	1484.6	1
3882441	3895517	1486.6	1
3895517	3910376	1487.2	1
3910376	3928052	1487.6	1
3928052	3945346	1485.4	1
3945346	3958123	1485.0	1
3958123	3976090	1486.0	1
3976090	3986495	1486.8	1
3986495	3997412	1490.0	1
3997412	4011665	1488.8	1
4011665	4027769	1489.8	1
4027769	4050148	1487.4	1
4050148	4068676	1485.4	1
4068676	4085143	1486.6	1
4085143	4093388	1487.4	1
4093388	4113061	1487.2	1
4113061	4126070	1488.4	1
4126070	4142737	1491.9	1
4142737	4154378	1491.9	1
4154378	4169090	1490.7	1
4169090	4183632	1488.0	1
4183632	4200351	1489.0	1
4200351	4215443	1490.1	1
4215443	4226413	1490.0	1
4226413	4240823	1490.6	1
4240823	4259455	1489.4	1
4259455	4276440	1490.3	1
4276440	4294247	1491.3	1
4294247	4307924	1491.1	1
4307924	4318862	1487.0	1
4318862	4336449	1485.0	1
4336449	4350566	1485.2	1
4350566	4362924	1485.0	1
4362924	4383288	1486.0	1
4383288	4398058	1486.6	1
4398058	4412638	1488.0	1
4412638	4428970	1490.5	1
4428970	4444674	1493.1	1
4444674	4457400	1492.7	1
4457400	4476153	1492.1	1
4476153	4487503	1490.6	1
4487503	4503943	1490.4	1
4503943	4519883	1490.3	1
4519883	4535937	1490.7	1
4535937	4544321	1490.3	1
4544321	4557200	1491.5	1
4557200	4578865	1493.7	1
4578865	4594749	1494.5	1
4594749	4604398	1493.9	1
4604398	4623803	1491.7	1
4623803	4637375	1490.3	1
4637375	4652336	1489.0	1
4652336	4666783	1489.0	1
4666783	4687940	1490.2	1
4687940	4696053	1490.2	1
4696053	4710980	1491.9	1
4710980	4733148	1493.7	1
4733148	4747867	1493.1	1
4747867	4756474	1490.7	1
4756474	4769965	1487.6	1
4769965	4784812	1485.6	1
4784812	4809515	1484.4	1
4809515	4821061	1481.6	1
4821061	4835906	1481.0	1
4835906	4850455	1477.9	1
4850455	4865721	1482.2	1
4865721	4886650	1483.4	1
4886650	4894889	1484.8	1
4894889	4917179	1485.4	1
4917179	4924654	1484.4	1
4924654	4944399	1482.8	1
4944399	4960617	1481.8	1
4960617	4979182	1482.8	1
4979182	4987960	1483.2	1
4987960	5005570	1485.0	1
5005570	5020245	1486.8	1
5020245	5038004	1490.3	1
5038004	5051266	1490.7	1
5051266	5069159	1490.2	1
5069159	5077900	1488.8	1
5077900	5095220	1490.3	1
5095220	5116145	1490.2	1
5116145	5123104	1487.4	1
5123104	5137219	1486.6	1
5137219	5158341	1490.8	1
5158341	5165186	1491.5	1
5165186	5186601	1491.7	1
5186601	5201352	1487.6	1
5201352	5213547	1484.0	1
5213547	5223670	1484.6	1
5223670	5237769	1483.8	1
5237769	5259858	1485.6	1
5259858	5278491	1485.8	1
5278491	5295857	1486.6	1
5295857	5303704	1489.8	1
5303704	5324769	1492.1	1
5324769	5339329	1493.5	1
5339329	5351582	1491.5	1
5351582	5365681	1487.4	1
5365681	5387715	1486.6	1
5387715	5399091	1490.4	1
5399091	5414007	1491.7	1
5414007	5430117	1488.6	1
5430117	5444145	1489.0	1
5444145	5458674	1488.4	1
5458674	5494983	1488.8	1
5494983	5508533	1489.8	1
5508533	5523079	1487.8	1
5523079	5537106	1489.0	1
5537106	5550861	1490.0	1
5550861	5565036	1490.8	1
5565036	5576202	1490.1	1
5576202	5591909	1491.9	1
5591909	5610238	1492.9	1
5610238	5624966	1492.3	1
5624966	5645260	1494.9	1
5645260	5655904	1492.9	1
5655904	5670529	1492.7	1
5670529	5683599	1492.5	1
5683599	5699083	1490.9	1
5699083	5715013	1491.5	1
5715013	5725842	1485.6	1
5725842	5745558	1488.0	1
5745558	5753867	1490.0	1
5753867	5767854	1489.0	1
5767854	5791099	1495.3	1
5791099	5802481	1490.3	1
5802481	5817852	1491.1	1
5817852	5833970	1488.6	1
5833970	5844881	1485.6	1
5844881	5869742	1487.4	1
5869742	5882956	1490.1	1
5882956	5897388	1492.1	1
5897388	5911752	1493.3	1
5911752	5925760	1493.5	1
5925760	5942670	1492.5	1
5942670	5951993	1492.3	1
5951993	5970550	1490.7	1
5970550	5981299	1490.2	1
5981299	6001589	1490.3	1
6001589	6014842	1490.7	1
6014842	6029643	1493.1	1
6029643	6044379	1493.3	1
6044379	6058238	1491.5	1
6058238	6073710	1490.4	1
6073710	6095723	1489.8	1
6095723	6110162	1489.0	1
6110162	6125141	1489.2	1
6125141	6139679	1488.0	1
6139679	6154014	1486.0	1
6154014	6165283	1486.2	1
6165283	6183075	1487.0	1
6183075	6198158	1489.0	1
6198158	6210788	1490.2	1
6210788	6220872	1490.5	1
6220872	6249494	1486.4	1
6249494	6264323	1482.4	1
6264323	6279023	1484.8	1
6279023	6286286	1481.2	1
6286286	6308313	1477.1	1
6308313	6330502	1481.4	1
6330502	6336502	1485.6	1
6336502	6348318	1490.2	1
6348318	6363545	1487.2	1
6363545	6384419	1484.0	1
6384419	6398655	1481.8	1
6398655	6411377	1481.6	1
6411377	6426493	1483.2	1
6426493	6442005	1510.9	1
6442005	6458601	1509.5	1
6458601	6470206	1504.1	1
6470206	6499162	1500.9	1
6499162	6506396	1492.7	1
6506396	6527518	1490.1	1
6527518	6534286	1486.4	1
6534286	6548395	1486.6	1
6548395	6569920	1489.4	1
6569920	6583723	1493.9	1
6583723	6597070	1492.3	1
6597070	6606266	1491.3	1
6606266	6628322	1489.0	1
6628322	6642154	1485.6	1
6642154	6655074	1481.4	1
6655074	6668989	1477.7	1
6668989	6684372	1476.9	1
6684372	6698771	1477.9	1
6698771	6724481	1483.2	1
6724481	6736752	1487.4	1
6736752	6750927	1487.4	1
6750927	6760805	1487.6	1
6760805	6778936	1485.4	1
6778936	6795272	1487.0	1
6795272	6818145	1484.0	1
6818145	6826197	1510.1	1
6826197	6840678	1506.7	1
6840678	6855458	1502.5	1
6855458	6870291	1501.1	1
6870291	6895316	1491.3	1
6895316	6907587	1490.8	1
6907587	6920157	1490.4	1
6920157	6936088	1488.4	1
6936088	6944000	1488.8	1
6944000	6963521	1492.1	1
6963521	6976726	1489.8	1
6976726	6991442	1489.4	1
6991442	7005179	1488.4	1
7005179	7026853	1485.4	1
7026853	7046311	1485.8	1
7046311	7057194	1485.6	1
7057194	7072780	1485.2	1
7072780	7085561	1488.0	1
7085561	7099688	1490.2	1
7099688	7117728	1488.6	1
7117728	7128205	1482.2	1
7128205	7149600	1481.4	1
7149600	7157703	1486.0	1
7157703	7171643	1485.2	1
7171643	7196111	1484.8	1
7196111	7203571	1484.8	1
7203571	7225621	1485.6	1
7225621	7236454	1483.8	1
7236454	7253709	1488.4	1
7253709	7266035	1489.2	1
7266035	7283584	1488.6	1
7283584	7298061	1487.4	1
7298061	7314563	1488.0	1
7314563	7322468	1488.4	1
7322468	7342243	1490.2	1
7342243	7358250	1488.4	1
7358250	7377470	1490.1	1
7377470	7382979	1490.5	1
7382979	7394874	1491.1	1
7394874	7420964	1492.1	1
7420964	7433348	1492.5	1
7433348	7445894	1491.9	1
7445894	7459891	1490.5	1
7459891	7477142	1491.5	1
7477142	7491710	1486.0	1
7491710	7507847	1486.2	1
7507847	7526714	1491.7	1
7526714	7534267	1492.1	1
7534267	7551585	1492.3	1
7551585	7566066	1490.5	1
7566066	7580694	1491.5	1
7580694	7595615	1484.8	1
7595615	7610005	1492.3	1
7610005	7625034	1490.0	1
7625034	7643618	1487.4	1
7643618	7663846	1489.4	1
7663846	7675965	1486.8	1
7675965	7691013	1488.8	1
7691013	7705138	1486.8	1
7705138	7720184	1487.8	1
7720184	7734637	1485.8	1
7734637	7746382	1488.0	1
7746382	7760538	1491.1	1
7760538	7779625	1491.3	1
7779625	7795992	1491.1	1
7795992	7811227	1492.7	1
7811227	7821759	1494.1	1
7821759	7843469	1495.5	1
7843469	7854753	1498.9	1
7854753	x	-1.0	1
7861731	472	1512.7	1
472	x	1511.5	1
473	474	1510.5	1
474	7862648	1512.1	1
7862648	7866478	1511.1	1
7866478	7867762	1511.3	1
7867762	7875680	1510.9	1
7875680	7894348	1511.3	1
7894348	7902977	1512.9	1
7902977	7919761	1512.7	1
7919761	7937840	1490.3	1
7937840	7952396	1508.9	1
7952396	7960437	1515.1	1
7960437	7973969	1513.3	1
7973969	8002939	1509.7	1
8002939	8017378	1506.7	1
8017378	8031774	1508.3	1
8031774	8046156	1509.9	1
8046156	8060760	1509.5	1
8060760	8073973	1507.7	1
8073973	8085521	1505.7	1
8085521	8100115	1509.7	1
8100115	8120897	1508.3	1
8120897	8129327	1507.9	1
8129327	8155367	1502.9	1
8155367	8167861	1504.9	1
8167861	8176200	1503.9	1
8176200	8198789	1502.7	1
8198789	8206015	1505.3	1
8206015	8226310	1504.1	1
8226310	8243045	1506.5	1
8243045	8251537	1507.1	1
8251537	8266609	1507.1	1
8266609	8285469	1506.1	1
8285469	8304935	1507.5	1
8304935	8317063	1506.5	1
8317063	8332288	1506.7	1
8332288	8346780	1509.3	1
8346780	8354878	1509.7	1
8354878	8374356	1509.5	1
8374356	8393656	1506.1	1
8393656	8408276	1505.1	1
8408276	8415520	1501.9	1
8415520	8437229	1502.5	1
8437229	8446187	1501.1	1
8446187	8466233	1502.5	1
8466233	8473345	1501.3	1
8473345	8486728	1502.1	1
8486728	8503886	1503.1	1
8503886	8524443	1502.9	1
8524443	8538285	1503.9	1
8538285	8551573	1504.9	1
8551573	8570746	1507.1	1
8570746	8585300	1506.3	1
8585300	8602653	1507.9	1
8602653	8617930	1507.9	1
8617930	8625980	1509.1	1
8625980	8645085	1508.1	1
8645085	8653635	1509.1	1
8653635	8672312	1509.5	1
8672312	8686206	1507.3	1
8686206	8701433	1502.7	1
8701433	8715206	1503.3	1
8715206	8735646	1503.3	1
8735646	8753294	1501.7	1
8753294	8767770	1503.3	1
8767770	8782190	1503.7	1
8782190	8789476	1504.1	1
8789476	8811153	1503.1	1
8811153	8825701	1500.9	1
8825701	8841302	1501.1	1
8841302	8855777	1499.5	1
8855777	8871086	1499.3	1
8871086	8884603	1495.7	1
8884603	8904921	1491.7	1
8904921	8911325	1500.9	1
8911325	8924353	1502.1	1
8924353	8939640	1500.1	1
8939640	8958532	1499.9	1
8958532	8979679	1502.9	1
8979679	8986596	1504.5	1
8986596	9005978	1503.9	1
9005978	9014211	1502.1	1
9014211	9034903	1501.1	1
9034903	9056200	1499.1	1
9056200	9061803	1501.5	1
9061803	9074907	1501.1	1
9074907	9089400	1503.5	1
9089400	9102790	1503.7	1
9102790	9127618	1500.7	1
9127618	9140684	1503.5	1
9140684	9148936	1502.9	1
9148936	9169608	1506.1	1
9169608	9177252	1506.9	1
9177252	9198744	1509.7	1
9198744	9214612	1509.7	1
9214612	9229310	1509.9	1
9229310	9243092	1510.7	1
9243092	9255724	1511.9	1
9255724	9270996	1511.1	1
9270996	9283911	1510.9	1
9283911	9303638	1511.3	1
9303638	9318295	1511.5	1
9318295	9326147	1511.1	1
9326147	9348460	1509.1	1
9348460	9356353	1510.3	1
9356353	9386643	1509.3	1
9386643	9406598	1506.5	1
9406598	9420675	1503.3	1
9420675	9434156	1505.9	1
9434156	9448190	1504.5	1
9448190	9461971	1503.7	1
9461971	9476380	1501.5	1
9476380	9500804	1505.5	1
9500804	9514409	1506.7	1
9514409	9527472	1506.7	1
9527472	9542609	1506.7	1
9542609	9557606	1504.5	1
9557606	9570430	1503.5	1
9570430	9581637	1505.1	1
9581637	9602615	1473.3	1
9602615	9616860	1501.7	1
9616860	9631370	1508.7	1
9631370	9645760	1507.3	1
9645760	9664682	1505.5	1
9664682	9678383	1503.5	1
9678383	9694882	1503.5	1
9694882	9703693	1504.7	1
9703693	9728024	1502.3	1
9728024	9739523	1503.3	1
9739523	9754255	1502.1	1
9754255	9768222	1505.1	1
9768222	9779719	1505.7	1
9779719	9798881	1483.8	1
9798881	9811916	1471.5	1
9811916	9826474	1475.5	1
9826474	9839590	1511.3	1
9839590	9854813	1508.1	1
9854813	9877190	1500.9	1
9877190	9892884	1499.3	1
9892884	9901312	1499.1	1
9901312	9918953	1494.5	1
9918953	9930602	1491.2	1
9930602	9947752	1494.5	1
9947752	9962541	1499.5	1
9962541	9976457	1499.7	1
9976457	9991269	1494.9	1
9991269	9999924	1496.9	1
9999924	10020109	1497.3	1
10020109	10032813	1500.1	1
10032813	10052206	1499.7	1
10052206	10060994	1502.3	1
10060994	10076850	1502.5	1
10076850	10097749	1502.9	1
10097749	10114321	1500.7	1
10114321	10128867	1502.1	1
10128867	10136215	1499.5	1
10136215	10150723	1496.1	1
10150723	10170316	1499.7	1
10170316	10188318	1498.5	1
10188318	10204631	1501.5	1
10204631	10216705	1499.9	1
10216705	10225294	1503.9	1
10225294	10244980	1500.3	1
10244980	10267073	1494.5	1
10267073	10281627	1490.1	1
10281627	10287923	1497.7	1
10287923	10303159	1498.7	1
10303159	10319102	1494.7	1
10319102	10332356	1492.9	1
10332356	10347453	1492.9	1
10347453	10361119	1496.5	1
10361119	10379460	1499.5	1
10379460	10400782	1501.3	1
10400782	10405209	1498.7	1
10405209	10426597	1499.1	1
10426597	10434267	1497.7	1
10434267	10448930	1499.1	1
10448930	10479897	1500.9	1
10479897	10492744	1503.3	1
10492744	10499869	1503.7	1
10499869	10514319	1502.1	1
10514319	10528284	1502.3	1
10528284	10551601	1499.9	1
10551601	10567173	1502.9	1
10567173	10581849	1500.9	1
10581849	10595520	1501.7	1
10595520	10604985	1490.8	1
10604985	10622677	1491.3	1
10622677	10640775	1496.7	1
10640775	10655290	1498.3	1
10655290	10665044	1499.9	1
10665044	10684825	1500.1	1
10684825	10706040	1498.9	1
10706040	10710157	1495.9	1
10710157	10730904	1497.9	1
10730904	10739791	1493.7	1
10739791	10753613	1493.5	1
10753613	10772458	1496.3	1
10772458	10789396	1499.1	1
10789396	10803377	1498.5	1
10803377	10817789	1485.2	1
10817789	10832075	1504.3	1
10832075	10853891	1503.9	1
10853891	10860692	1503.7	1
10860692	10875841	1495.9	1
10875841	10890651	1493.5	1
10890651	10910367	1491.3	1
10910367	10927291	1492.5	1
10927291	10941610	1493.5	1
10941610	10956079	1493.5	1
10956079	10970618	1482.2	1
10970618	10979094	1483.4	1
10979094	11002719	1484.0	1
11002719	11014082	1499.1	1
11014082	11033208	1496.1	1
11033208	11041647	1494.7	1
11041647	11062474	1495.9	1
11062474	11080823	1493.7	1
11080823	11087534	1497.7	1
11087534	11101970	1496.7	1
11101970	11116632	1496.9	1
11116632	11138721	1493.3	1
11138721	11154490	1494.3	1
11154490	11168412	1498.3	1
11168412	11183523	1502.9	1
11183523	11198626	1505.3	1
11198626	11206120	1501.9	1
11206120	11231477	1501.7	1
11231477	11238687	1492.7	1
11238687	11252879	1505.3	1
11252879	11267592	1505.3	1
11267592	11281903	1504.7	1
11281903	11301612	1500.3	1
11301612	11313893	1497.9	1
11313893	11333596	1499.7	1
11333596	11346908	1498.7	1
11346908	11361543	1501.1	1
11361543	11375638	1499.1	1
11375638	11394749	1496.5	1
11394749	11409740	1496.3	1
11409740	11417640	1501.1	1
11417640	11432223	1494.7	1
11432223	11452162	1499.5	1
11452162	11463798	1497.9	1
11463798	11483829	1498.9	1
11483829	11491880	1496.5	1
11491880	11512579	1492.2	1
11512579	11526964	1496.3	1
11526964	11542938	1498.7	1
11542938	11552580	1499.3	1
11552580	11566409	1497.3	1
11566409	11585293	1496.1	1
11585293	11606460	1492.5	1
11606460	11613725	1495.3	1
11613725	11628160	1491.0	1
11628160	11642556	1495.3	1
11642556	11662948	1495.9	1
11662948	11672716	1496.7	1
11672716	11685074	1506.5	1
11685074	11700047	1496.7	1
11700047	11712121	1497.9	1
11712121	11733011	1496.3	1
11733011	11757699	1496.3	1
11757699	11763678	1490.5	1
11763678	11784438	1494.5	1
11784438	11792174	1491.9	1
11792174	11807049	1465.5	1
11807049	11825859	1508.7	1
11825859	11846959	1521.1	1
11846959	11856851	1535.0	1
11856851	11865275	1533.4	1
11865275	11879875	1523.0	1
11879875	11904600	1505.5	1
11904600	11911699	1473.7	1
11911699	11925720	1505.7	1
11925720	11939710	1506.3	1
11939710	11960729	1508.3	1
11960729	11979603	1509.1	1
11979603	11985100	1507.1	1
11985100	12005080	1504.5	1
12005080	12019138	1501.5	1
12019138	12033187	1502.5	1
12033187	12053907	1499.1	1
12053907	12059507	1493.3	1
12059507	12078086	1494.3	1
12078086	12093907	1497.7	1
12093907	12109655	1479.5	1
12109655	12129008	1492.7	1
12129008	12142380	1494.3	1
12142380	12156570	1492.3	1
12156570	12163915	1488.7	1
12163915	12185568	1472.9	1
12185568	12200435	1455.5	1
12200435	12211206	1464.9	1
12211206	12225743	1472.3	1
12225743	12240908	1472.5	1
12240908	12256073	1467.7	1
12256073	12276249	1469.5	1
12276249	12289354	1470.5	1
12289354	12303667	1474.3	1
12303667	12318396	1484.8	1
12318396	12333106	1492.4	1
12333106	12351219	1491.2	1
12351219	12363477	1485.4	1
12363477	12384301	1478.7	1
12384301	12399132	1473.7	1
12399132	12408988	1471.7	1
12408988	12427756	1473.3	1
12427756	12447995	1475.3	1
12447995	12461036	1478.7	1
12461036	12469489	1475.7	1
12469489	12480533	1469.9	1
12480533	12487923	1528.2	1
12487923	12509827	1520.0	1
12509827	12517255	1518.2	1
12517255	12540058	1508.7	1
12540058	12553143	1501.9	1
12553143	12565419	1506.9	1
12565419	12587905	1507.5	1
12587905	12593762	1504.5	1
12593762	12616862	1500.5	1
12616862	12630429	1498.9	1
12630429	12649982	1495.1	1
12649982	12663735	1495.7	1
12663735	12678513	1494.9	1
12678513	12696096	1492.3	1
12696096	12702546	1490.5	1
12702546	12717322	1491.5	1
12717322	12738979	1490.7	1
12738979	12753384	1490.9	1
12753384	12762245	1491.1	1
12762245	12782245	1492.1	1
12782245	12796642	1493.3	1
12796642	12811127	1493.7	1
12811127	12818766	1495.5	1
12818766	12842891	1493.5	1
12842891	12855057	1491.1	1
12855057	12876774	1491.3	1
12876774	12891238	1494.1	1
12891238	12898420	1494.7	1
12898420	12916073	1493.1	1
12916073	12935229	1492.5	1
12935229	12949214	1495.3	1
12949214	12963369	1495.3	1
12963369	12978256	1495.3	1
12978256	12984285	1496.3	1
12984285	12998250	1551.8	1
12998250	13005565	1533.6	1
13005565	13026274	1528.8	1
13026274	13034888	1521.0	1
13034888	13059606	1514.5	1
13059606	13063536	1512.1	1
13063536	13084785	1507.1	1
13084785	13091479	1505.5	1
13091479	13106384	1505.7	1
13106384	13135170	1505.1	1
13135170	13148368	1505.1	1
13148368	13155384	1504.5	1
13155384	13169368	1504.7	1
13169368	13185357	1502.9	1
13185357	13209274	1501.7	1
13209274	800	1494.7	1
800	13239267	1549.8	1
13239267	13252618	1530.2	1
13252618	13269140	1520.6	1
13269140	13287563	1514.1	1
13287563	13294825	1507.7	1
13294825	13315278	1499.1	1
13315278	13322771	1493.5	1
13322771	13338193	1492.7	1
13338193	13359783	1492.5	1
13359783	13378327	1490.5	1
13378327	13391359	1490.9	1
13391359	13400016	1492.7	1
13400016	13420758	1495.9	1
13420758	13437082	1495.5	1
13437082	13449970	1495.5	1
13449970	13464866	1495.5	1
13464866	13484464	1494.9	1
13484464	13500536	1495.3	1
13500536	13514548	1494.5	1
13514548	13531247	1494.1	1
13531247	13545908	1493.7	1
13545908	13560108	1495.1	1
13560108	13573865	1498.9	1
13573865	13588298	1497.5	1
13588298	13599823	1497.7	1
13599823	13613494	1498.1	1
13613494	13633074	1496.7	1
13633074	13647528	1498.7	1
13647528	13663156	1498.7	1
13663156	13682392	1497.3	1
13682392	13696979	1498.9	1
13696979	13711542	1500.9	1
13711542	13725778	1502.7	1
13725778	13742387	1503.1	1
13742387	13751977	1502.1	1
13751977	13766597	1502.1	1
13766597	13782179	1499.3	1
13782179	13790037	1495.9	1
13790037	13811521	1499.9	1
13811521	13825958	1499.7	1
13825958	13840017	1502.3	1
13840017	13852774	1502.7	1
13852774	13866287	1502.1	1
13866287	13890925	1501.7	1
13890925	13908698	1502.5	1
13908698	13924598	1501.1	1
13924598	13933496	1500.9	1
13933496	13944776	1498.9	1
13944776	13968425	1498.7	1
13968425	13974046	1499.7	1
13974046	13988808	1501.9	1
13988808	14002598	1503.9	1
14002598	14023813	1502.5	1
14023813	14042082	1501.7	1
14042082	14050125	1502.7	1
14050125	14069846	1499.7	1
14069846	14082715	1501.3	1
14082715	14099195	1499.3	1
14099195	14112455	1499.9	1
14112455	14130196	1498.7	1
14130196	14144743	1504.5	1
14144743	14159074	1503.7	1
14159074	14173448	1505.3	1
14173448	14187941	1501.5	1
14187941	14199531	1499.5	1
14199531	14213541	1497.7	1
14213541	14231922	1498.9	1
14231922	14245216	1498.5	1
14245216	14259023	1499.1	1
14259023	14274889	1501.7	1
14274889	14283890	1502.5	1
14283890	14300300	1503.9	1
14300300	14314327	1502.9	1
14314327	14339658	1502.7	1
14339658	14354357	1500.3	1
14354357	14368994	1500.3	1
14368994	14391089	1498.1	1
14391089	14402774	1497.7	1
14402774	14425787	1498.5	1
14425787	14439238	1547.6	1
14439238	14452465	1538.4	1
14452465	14461597	1518.6	1
14461597	14476096	1504.5	1
14476096	14497587	1494.3	1
14497587	14507548	1481.6	1
14507548	14527893	1472.7	1
14527893	14540065	1458.1	1
14540065	14553403	1446.6	1
14553403	14571800	1436.6	1
14571800	14587524	1440.6	1
14587524	14602309	1432.2	1
14602309	14617359	1431.0	1
14617359	14632432	1427.1	1
14632432	14647448	1423.9	1
14647448	14660127	1426.7	1
14660127	14676377	1423.3	1
14676377	14691465	1419.9	1
14691465	14711709	1427.1	1
14711709	14729688	1437.8	1
14729688	14744511	1453.3	1
14744511	14759356	1459.3	1
14759356	14767033	1464.5	1
14767033	14781958	1470.3	1
14781958	14803626	1473.7	1
14803626	14820103	1477.5	1
14820103	14834878	1483.0	1
14834878	14844146	1487.4	1
14844146	14858027	1485.8	1
14858027	14883689	1486.6	1
14883689	14891275	1489.8	1
14891275	14911891	1490.3	1
14911891	14921013	1489.0	1
14921013	14935741	1489.2	1
14935741	14958953	1487.6	1
14958953	14974558	1487.2	1
14974558	14987302	1488.0	1
14987302	15001880	1488.6	1
15001880	15009527	1490.7	1
15009527	15030497	1490.7	1
15030497	15043783	1487.8	1
15043783	15058089	1485.2	1
15058089	15072711	1484.6	1
15072711	15091394	1485.8	1
15091394	15107384	1485.8	1
15107384	15117320	1486.6	1
15117320	15139110	1486.2	1
15139110	15150359	1485.8	1
15150359	15168287	1491.2	1
15168287	15181290	1491.1	1
15181290	15199490	1491.5	1
15199490	15209184	1492.5	1
15209184	15222811	1492.1	1
15222811	15237282	1491.3	1
15237282	15263461	1490.7	1
15263461	15271809	1491.7	1
15271809	15292532	1490.3	1
15292532	15299808	1492.8	1
15299808	15321295	1491.7	1
15321295	15337573	1493.5	1
15337573	15351417	1495.5	1
15351417	15361553	1494.7	1
15361553	15377164	1494.7	1
15377164	15395535	1498.1	1
15395535	15410154	1494.9	1
15410154	15424205	1493.3	1
15424205	15439316	1492.9	1
15439316	15452032	1494.7	1
15452032	15472027	1495.7	1
15472027	15491825	1495.7	1
15491825	15504956	1496.5	1
15504956	15519482	1496.5	1
15519482	15532185	1496.9	1
15532185	15546250	1496.5	1
15546250	15559068	1496.5	1
15559068	15578356	1496.9	1
15578356	15587529	1495.7	1
15587529	15601525	1497.5	1
15601525	15615632	1501.7	1
15615632	15636114	1495.7	1
15636114	15648213	1499.9	1
15648213	15668945	1500.9	1
15668945	15682409	1502.5	1
15682409	15698235	1496.1	1
15698235	15712228	1499.1	1
15712228	15729360	1494.7	1
15729360	15736990	1498.7	1
15736990	15756812	1498.3	1
15756812	15771285	1495.7	1
15771285	15785420	1503.5	1
15785420	15802932	1502.5	1
15802932	15812078	1500.5	1
15812078	15825895	1499.7	1
15825895	15840374	1499.1	1
15840374	15861341	1499.7	1
15861341	15879019	1500.3	1
15879019	15891674	1501.9	1
15891674	15900256	1503.1	1
15900256	15914728	1503.9	1
15914728	15934901	1500.3	1
15934901	15944833	1496.9	1
15944833	15959654	1494.3	1
15959654	15979982	1495.5	1
15979982	15994017	1495.9	1
15994017	16013994	1496.9	1
16013994	16021797	1497.5	1
16021797	16041610	1500.3	1
16041610	16055835	1502.3	1
16055835	16069022	1503.1	1
16069022	16081409	1503.9	1
16081409	16101410	1502.7	1
16101410	16114981	1502.1	1
16114981	16129303	1501.3	1
16129303	16143454	1501.9	1
16143454	16157626	1503.3	1
16157626	16174719	1504.7	1
16174719	16183250	1505.5	1
16183250	16197337	1504.9	1
16197337	16212169	1503.7	1
16212169	16232203	1502.7	1
16232203	16249172	1498.5	1
16249172	16257660	1497.3	1
16257660	16277155	1495.9	1
16277155	16286286	1496.9	1
16286286	16303965	1503.5	1
16303965	16315620	1503.9	1
16315620	16336350	1504.3	1
16336350	16350532	1501.9	1
16350532	16365012	1499.3	1
16365012	16383750	1500.1	1
16383750	16392597	1500.9	1
16392597	16414440	1499.9	1
16414440	16426797	1500.7	1
16426797	16441942	1498.3	1
16441942	16458894	1503.3	1
16458894	16466341	1504.1	1
16466341	16487340	1502.9	1
16487340	16502874	1500.1	1
16502874	16510179	1499.1	1
16510179	16532135	1496.1	1
16532135	16542137	1495.9	1
16542137	16556317	1494.9	1
16556317	16577286	1495.1	1
16577286	16585301	1497.9	1
16585301	16612067	1498.3	1
16612067	16624207	1494.7	1
16624207	16639114	1493.3	1
16639114	16654227	1490.7	1
16654227	16661877	1491.2	1
16661877	16685739	1490.6	1
16685739	16693687	1491.3	1
16693687	16712991	1493.7	1
16712991	16720063	1490.4	1
16720063	16734663	1490.0	1
16734663	16759022	1491.7	1
16759022	16769979	1494.9	1
16769979	16787533	1496.3	1
16787533	16797125	1496.3	1
16797125	16811888	1497.3	1
16811888	16828201	1496.5	1
16828201	16838982	1495.1	1
16838982	16852218	1494.5	1
16852218	16867536	1495.3	1
16867536	16888146	1496.5	1
16888146	16910213	1498.5	1
16910213	16922278	1501.5	1
16922278	16937407	1503.1	1
16937407	16953146	1501.1	1
16953146	16965103	1500.1	1
16965103	16979400	1499.1	1
16979400	16993319	1500.3	1
16993319	17006913	1499.5	1
17006913	17020783	1502.1	1
17020783	17039786	1499.5	1
17039786	17059353	1498.5	1
17059353	17074775	1487.2	1
17074775	17088288	1478.9	1
17088288	17102574	1470.7	1
17102574	17108278	1465.7	1
17108278	17128700	1512.9	1
17128700	17144181	1510.9	1
17144181	17157646	1508.9	1
17157646	17166473	1503.7	1
17166473	17180873	1499.5	1
17180873	17205318	1498.7	1
17205318	17218252	1478.7	1
17218252	17226267	1481.4	1
17226267	17240520	1483.8	1
17240520	17253424	1487.8	1
17253424	17280242	1490.7	1
17280242	17292946	1492.1	1
17292946	17305823	1494.3	1
17305823	17321682	1494.3	1
17321682	17331149	1494.7	1
17331149	17350506	1495.7	1
17350506	17359344	1498.3	1
17359344	17375010	1499.3	1
17375010	17396839	1499.5	1
17396839	17410523	1499.5	1
17410523	17427685	1500.3	1
17427685	17438401	1501.7	1
17438401	17452653	1504.3	1
17452653	17468137	1501.3	1
17468137	17487854	1503.7	1
17487854	17499952	1501.5	1
17499952	17519949	1500.9	1
17519949	17534047	1500.5	1
17534047	17541355	1503.5	1
17541355	17555659	1503.1	1
17555659	17579995	1501.1	1
17579995	17587179	1501.5	1
17587179	17606034	1496.3	1
17606034	17615968	1496.1	1
17615968	17636560	1494.9	1
17636560	17649442	1494.3	1
17649442	17667932	1499.5	1
17667932	17676739	1500.5	1
17676739	17691883	1501.1	1
17691883	17710780	1502.1	1
17710780	17725811	1502.1	1
17725811	17742901	1501.7	1
17742901	17750036	1501.1	1
17750036	17771729	1499.7	1
17771729	17778934	1498.7	1
17778934	17803641	1496.5	1
17803641	17811863	1498.5	1
17811863	17828086	1498.9	1
17828086	17844946	1500.5	1
17844946	17861524	1502.1	1
17861524	17880511	1502.3	1
17880511	17894351	1501.5	1
17894351	17901884	1500.5	1
17901884	17915779	1498.5	1
17915779	17930141	1499.7	1
17930141	17952018	1500.3	1
17952018	17966209	1501.9	1
17966209	17980445	1502.9	1
17980445	17987801	1502.7	1
17987801	18009469	1502.1	1
18009469	18031250	1501.9	1
18031250	18037649	1500.9	1
18037649	18057886	1498.9	1
18057886	18069910	1499.5	1
18069910	18083104	1499.7	1
18083104	18100323	1498.7	1
18100323	18118373	1496.5	1
18118373	18132859	1496.5	1
18132859	18147370	1495.3	1
18147370	18154421	1493.9	1
18154421	18176352	1492.7	1
18176352	18185845	1493.9	1
18185845	18213899	1494.7	1
18213899	18234394	1494.1	1
18234394	18248492	1495.7	1
18248492	18263396	1500.3	1
18263396	18277742	1501.5	1
18277742	18295428	1503.9	1
18295428	18314030	1510.7	1
18314030	18321644	1507.5	1
18321644	18341043	1491.1	1
18341043	18349251	1526.4	1
18349251	18363906	1515.8	1
18363906	18395336	1506.7	1
18395336	18404211	1475.1	1
18404211	18424413	1468.7	1
18424413	18438709	1468.1	1
18438709	18449340	1460.1	1
18449340	18473847	1456.5	1
18473847	18484258	1457.9	1
18484258	18496813	1462.7	1
18496813	18512042	1461.3	1
18512042	18530646	1459.1	1
18530646	18545817	1464.7	1
18545817	18553115	1465.7	1
18553115	18567814	1469.7	1
18567814	18590764	1469.9	1
18590764	18600228	1473.1	1
18600228	18620478	1476.9	1
18620478	18635094	1476.7	1
18635094	18649843	1478.1	1
18649843	18664739	1478.5	1
18664739	18678321	1481.6	1
18678321	18693387	1477.1	1
18693387	18708048	1476.3	1
18708048	18729770	1477.1	1
18729770	18741310	1481.0	1
18741310	18752800	1482.8	1
18752800	18773222	1487.2	1
18773222	18787054	1488.2	1
18787054	18793863	1490.9	1
18793863	18815157	1491.3	1
18815157	18827495	1490.5	1
18827495	18847438	1490.4	1
18847438	18860567	1491.1	1
18860567	18895827	1495.1	1
18895827	18910567	1496.1	1
18910567	18924227	1492.2	1
18924227	18932539	1491.2	1
18932539	18947088	1491.8	1
18947088	18967058	1487.4	1
18967058	18977890	1487.0	1
18977890	18992657	1484.8	1
18992657	19013090	1483.6	1
19013090	19027625	1485.4	1
19027625	19048674	1488.6	1
19048674	19060345	1492.3	1
19060345	19068854	1493.5	1
19068854	19083321	1493.3	1
19083321	19104848	1494.5	1
19104848	19120439	1496.7	1
19120439	19130807	1496.3	1
19130807	19143994	1498.7	1
19143994	19164893	1498.5	1
19164893	19172773	1496.9	1
19172773	19202051	1498.3	1
19202051	19212268	1495.5	1
19212268	19225259	1498.7	1
19225259	19235660	1496.5	1
19235660	19253890	1497.3	1
19253890	19268029	1496.5	1
19268029	19282482	1498.3	1
19282482	19296863	1494.1	1
19296863	19311669	1494.1	1
19311669	19333503	1499.7	1
19333503	19344173	1500.9	1
19344173	19363093	1495.5	1
19363093	19370973	1496.9	1
19370973	19391554	1497.5	1
19391554	19400134	1496.3	1
19400134	19421666	1498.9	1
19421666	19436251	1492.1	1
19436251	19458233	1495.7	1
19458233	19465918	1500.5	1
19465918	19487353	1498.7	1
19487353	19503024	1497.9	1
19503024	19516345	1500.7	1
19516345	19527795	1495.1	1
19527795	19539973	1495.5	1
19539973	19562974	1495.5	1
19562974	19581826	1497.9	1
19581826	19589040	1491.7	1
19589040	19610181	1492.0	1
19610181	19617178	1491.2	1
19617178	19630939	1490.8	1
19630939	19657840	1490.7	1
19657840	19669400	1490.5	1
19669400	19683688	1491.1	1
19683688	19698202	1490.2	1
19698202	19712789	1491.2	1
19712789	19727273	1491.9	1
19727273	19740417	1492.1	1
19740417	19755383	1495.3	1
19755383	19770907	1497.7	1
19770907	19790258	1497.1	1
19790258	19804887	1496.9	1
19804887	19815668	1496.5	1
19815668	19829848	1497.3	1
19829848	19851021	1498.9	1
19851021	19864123	1497.3	1
19864123	19879592	1496.5	1
19879592	19896195	1495.7	1
19896195	19905249	1498.5	1
19905249	19920152	1497.9	1
19920152	19940328	1497.7	1
19940328	19958744	1495.9	1
19958744	19966994	1491.7	1
19966994	19986858	1491.2	1
19986858	19996093	1491.8	1
19996093	99999999	1492.1	1
