#Processing Run 48107 for polarization tables
#The run table thinks this was a DSWAPL2 run
#Corresponding AMO file is :/home/clasg8/rootbeer2.1/dat/pol/amo_tesc_48106.dat
#Coherent Edge positions for TESC events follow:
#Event	Coh Edge	PolPlane(PARA=0,PERP=1,AMO=2,CHANGING=3)
0	227	1918.3	1
227	12880	1916.3	1
12880	19505	1918.3	1
19505	33747	1918.7	1
33747	49696	1918.5	1
49696	62126	1916.5	1
62126	73793	1914.5	1
73793	87242	1916.9	1
87242	99572	1915.1	1
99572	115190	1913.9	1
115190	131359	1913.3	1
131359	138224	1913.9	1
138224	150898	1917.1	1
150898	161051	1917.7	1
161051	179806	1915.3	1
179806	189215	1915.9	1
189215	201004	1918.3	1
201004	215655	1918.1	1
215655	225787	1917.1	1
225787	247872	1914.3	1
247872	259186	1917.7	1
259186	271425	1920.5	1
271425	278572	1919.9	1
278572	293108	1919.9	1
293108	306253	1918.9	1
306253	316513	1918.5	1
316513	328391	1919.3	1
328391	345618	1918.1	1
345618	357589	1915.7	1
357589	372564	1915.7	1
372564	385880	1920.3	1
385880	394540	1920.7	1
394540	406321	1918.9	1
406321	422438	1919.7	1
422438	442403	1919.7	1
442403	449961	1920.7	1
449961	462436	1920.1	1
462436	469040	1917.9	1
469040	486873	1917.9	1
486873	498664	1916.7	1
498664	511848	1918.5	1
511848	522102	1919.5	1
522102	534264	1921.7	1
534264	546932	1921.5	1
546932	565380	1921.1	1
565380	573970	1919.9	1
573970	585966	1919.1	1
585966	602482	1919.9	1
602482	610307	1920.7	1
610307	628704	1921.9	1
628704	641637	1919.9	1
641637	654528	1919.9	1
654528	660430	1920.3	1
660430	678526	1919.3	1
678526	690638	1919.3	1
690638	702725	1920.7	1
702725	718260	1918.3	1
718260	725884	1945.4	1
725884	737037	1918.5	1
737037	758108	1921.9	1
758108	771068	1920.9	1
771068	783315	1921.3	1
783315	789364	1922.3	1
789364	807664	1923.1	1
807664	820209	1923.1	1
820209	827486	1923.1	1
827486	841400	1920.7	1
841400	859193	1922.5	1
859193	864023	1922.5	1
864023	884893	1921.3	1
884893	891994	1923.3	1
891994	903596	1924.1	1
903596	916247	1922.9	1
916247	926619	1921.1	1
926619	947108	1922.1	1
947108	954204	1920.7	1
954204	966580	1923.5	1
966580	984082	1922.9	1
984082	995763	1923.1	1
995763	1007162	1923.3	1
1007162	1020055	1922.5	1
1020055	1031666	1924.1	1
1031666	1050063	1924.5	1
1050063	1056338	1923.7	1
1056338	1072339	1922.9	1
1072339	1088206	1921.7	1
1088206	1099047	1920.7	1
1099047	1112120	1923.7	1
1112120	1123659	1922.5	1
1123659	1141703	1923.5	1
1141703	1151159	1924.4	1
1151159	1161010	1924.9	1
1161010	1175877	1924.7	1
1175877	1187519	1923.9	1
1187519	1200465	1923.7	1
1200465	1210574	1919.5	1
1210574	1228073	1921.3	1
1228073	1240499	1922.3	1
1240499	1247307	1924.9	1
1247307	1263538	1924.1	1
1263538	1276930	1923.7	1
1276930	1290018	1924.5	1
1290018	1296152	1923.5	1
1296152	1316012	1923.1	1
1316012	1326746	1922.7	1
1326746	1339787	1922.1	1
1339787	1352191	1923.7	1
1352191	1363591	1923.1	1
1363591	1373744	1922.3	1
1373744	1393277	1922.9	1
1393277	1407458	1920.9	1
1407458	1417282	1920.5	1
1417282	1431131	1915.0	1
1431131	1441535	1925.3	1
1441535	1456082	1923.7	1
1456082	1468001	1921.5	1
1468001	1483530	1922.3	1
1483530	1496044	1922.5	1
1496044	1503092	1923.9	1
1503092	1527071	1923.9	1
1527071	1532646	1921.9	1
1532646	1545071	1923.1	1
1545071	1563749	1921.9	1
1563749	1571386	1921.7	1
1571386	1591430	1921.5	1
1591430	1603268	1920.3	1
1603268	1615565	1921.7	1
1615565	1622897	1921.5	1
1622897	1640308	1954.3	1
1640308	1646526	1948.3	1
1646526	1664823	1946.3	1
1664823	1671266	1942.3	1
1671266	1685870	1939.5	1
1685870	1703462	1936.1	1
1703462	1714974	1933.4	1
1714974	1722708	1932.8	1
1722708	1735702	1928.4	1
1735702	1747969	1926.8	1
1747969	1769174	1925.1	1
1769174	1780231	1927.8	1
1780231	1794619	1927.4	1
1794619	1807320	1927.2	1
1807320	1818809	1924.5	1
1818809	1830834	1926.4	1
1830834	1845636	1926.5	1
1845636	1857983	1925.9	1
1857983	1864943	1924.1	1
1864943	1875122	1923.9	1
1875122	1889583	1924.7	1
1889583	1905253	1926.2	1
1905253	1917334	1926.8	1
1917334	1929466	1927.6	1
1929466	1935411	1926.8	1
1935411	1956881	1925.0	1
1956881	1971306	1925.6	1
1971306	1984334	1926.0	1
1984334	1994198	1924.5	1
1994198	2007772	1923.1	1
2007772	2021103	1924.1	1
2021103	2033319	1925.3	1
2033319	2045475	1925.7	1
2045475	2057617	1923.9	1
2057617	2070145	1925.1	1
2070145	2081856	1925.3	1
2081856	2095588	1926.2	1
2095588	2106930	1924.3	1
2106930	2118198	1925.7	1
2118198	2130271	1924.7	1
2130271	2149985	1924.9	1
2149985	2156789	1925.2	1
2156789	2175141	1924.2	1
2175141	2187068	1925.5	1
2187068	2199185	1924.7	1
2199185	2209935	1926.2	1
2209935	2228098	1924.9	1
2228098	2233911	1923.9	1
2233911	2246625	1921.7	1
2246625	2262103	1920.7	1
2262103	2280935	1925.4	1
2280935	2290492	1924.7	1
2290492	2297910	1925.2	1
2297910	2314631	1925.4	1
2314631	2328732	1925.5	1
2328732	2342457	1924.1	1
2342457	2350641	1922.7	1
2350641	2367154	1923.9	1
2367154	2373363	1923.1	1
2373363	2392811	1923.3	1
2392811	2402798	1921.9	1
2402798	2416421	1925.6	1
2416421	2426592	1925.1	1
2426592	2438151	1924.9	1
2438151	2454948	1926.4	1
2454948	2470397	1924.9	1
2470397	2477872	1925.7	1
2477872	2495373	1925.1	1
2495373	2502636	1923.1	1
2502636	2515180	1924.3	1
2515180	2534181	1924.8	1
2534181	2541850	1926.6	1
2541850	2554384	1925.6	1
2554384	2572553	1927.0	1
2572553	2584837	1924.9	1
2584837	2601980	1924.1	1
2601980	2608872	1923.1	1
2608872	2622326	1920.3	1
2622326	2632427	1922.7	1
2632427	2643036	1925.6	1
2643036	2661681	1926.6	1
2661681	2677945	1924.7	1
2677945	2690999	1925.1	1
2690999	2697322	1925.6	1
2697322	2708604	1924.9	1
2708604	2726069	1925.1	1
2726069	2734682	1925.7	1
2734682	2747481	1924.7	1
2747481	2754063	1923.3	1
2754063	2766411	1924.7	1
2766411	2789387	1925.7	1
2789387	2795248	1926.0	1
2795248	2811802	1927.2	1
2811802	2819937	1926.0	1
2819937	2830914	1926.6	1
2830914	2849459	1925.6	1
2849459	2863732	1924.5	1
2863732	2875865	1924.1	1
2875865	2885343	1925.4	1
2885343	2899979	1923.3	1
2899979	3040274	1925.4	1
3040274	3053141	1890.8	0
3053141	3066322	1856.2	0
3066322	3078447	1856.2	0
3078447	3099784	1899.4	0
3099784	3109966	1885.6	0
3109966	3119521	1871.8	0
3119521	3131369	1882.2	0
3131369	3148574	1882.4	0
3148574	3159545	1884.0	0
3159545	3173593	1884.3	0
3173593	3185773	1884.6	0
3185773	3193752	1878.2	0
3193752	3205056	-1.0	0
3205056	3227851	-1.0	0
3227851	3236886	-1.0	0
3236886	3254651	1856.2	0
3254651	3267179	1856.2	0
3267179	3278402	1893.6	0
3278402	3290844	1856.2	0
3290844	3301560	1888.2	0
3301560	3320589	1890.8	0
3320589	3333085	1856.2	0
3333085	3339310	1856.2	0
3339310	3358518	1856.2	0
3358518	3367268	1889.2	0
3367268	3379710	1887.6	0
3379710	3392298	1886.8	0
3392298	3407553	1888.6	0
3407553	3420209	1886.0	0
3420209	3450429	1886.8	0
3450429	3462493	1885.8	0
3462493	3470898	1902.4	0
3470898	3488093	1856.2	0
3488093	3496565	1902.6	0
3496565	3508966	1900.6	0
3508966	3527021	1904.6	0
3527021	3539409	1899.6	0
3539409	3557629	1886.4	0
3557629	3566323	1856.2	0
3566323	3575866	1856.2	0
3575866	3588692	1894.4	0
3588692	3601096	1856.2	0
3601096	3618658	1856.2	0
3618658	3628815	1885.6	0
3628815	3643123	1877.2	0
3643123	3656038	1882.3	0
3656038	3674885	1887.4	0
3674885	3685144	1901.6	0
3685144	3700796	1900.0	0
3700796	3712018	1897.0	0
3712018	3716275	1893.6	0
3716275	3733107	1894.0	0
3733107	3750565	1890.2	0
3750565	3765771	1869.8	0
3765771	3774279	1890.0	0
3774279	3785242	1888.6	0
3785242	3806509	1884.2	0
3806509	3817344	1902.8	0
3817344	3833149	1900.4	0
3833149	3844700	1902.4	0
3844700	3855666	1885.2	0
3855666	3862959	1887.0	0
3862959	3881848	1890.6	0
3881848	3893804	1894.0	0
3893804	3911794	1897.8	0
3911794	3923909	1899.4	0
3923909	3938264	1901.4	0
3938264	3953021	1894.2	0
3953021	3966331	1884.6	0
3966331	3973199	1877.6	0
3973199	3985878	1856.2	0
3985878	4004731	1902.8	0
4004731	4015244	1905.4	0
4015244	4035038	1906.2	0
4035038	4043792	1907.4	0
4043792	4059109	1856.2	0
4059109	4065612	1914.6	0
4065612	4081979	1917.2	0
4081979	4101540	1918.8	0
4101540	4107792	1914.6	0
4107792	4126744	1923.8	0
4126744	4132977	1856.2	0
4132977	4152451	1917.8	0
4152451	4166513	1938.2	0
4166513	4178850	1889.0	0
4178850	4185540	1908.2	0
4185540	4201069	1886.8	0
4201069	4213404	1856.2	0
4213404	4230462	1911.6	0
4230462	4236899	1856.2	0
4236899	4248060	1888.8	0
4248060	4263007	1899.0	0
4263007	4278673	1896.8	0
4278673	4294927	1893.4	0
4294927	4301469	1856.2	0
4301469	4319186	1889.2	0
4319186	4331554	1900.8	0
4331554	4346993	1888.8	0
4346993	4358819	1904.0	0
4358819	4370184	1911.4	0
4370184	4381590	1856.2	0
4381590	4395848	1856.6	0
4395848	4407381	1884.2	0
4407381	4425828	1899.8	0
4425828	4432208	1897.6	0
4432208	4444956	1887.2	0
4444956	4462985	1905.2	0
4462985	4473379	1879.2	0
4473379	4484923	1885.8	0
4484923	4501688	1894.0	0
4501688	4509803	1898.6	0
4509803	4522001	1898.4	0
4522001	4536373	1898.4	0
4536373	4545116	1888.4	0
4545116	4563685	1897.6	0
4563685	4575216	1856.2	0
4575216	4587722	1880.2	0
4587722	4606261	1895.8	0
4606261	4619610	1898.8	0
4619610	4632470	1892.2	0
4632470	4639206	1899.8	0
4639206	4651939	1896.6	0
4651939	4667856	1884.0	0
4667856	4681139	1856.2	0
4681139	4697710	1856.2	0
4697710	4708914	1908.6	0
4708914	4721222	1910.4	0
4721222	4734396	1914.2	0
4734396	4753094	1912.6	0
4753094	4759752	1915.2	0
4759752	4772609	1933.4	0
4772609	4785143	1921.4	0
4785143	4802950	1921.2	0
4802950	4818966	1945.4	0
4818966	4825858	1920.3	0
4825858	4838132	1922.5	0
4838132	4856172	1929.0	0
4856172	4873304	1918.1	0
4873304	4880081	1945.4	0
4880081	4898152	1941.0	0
4898152	4904027	1856.2	0
4904027	4914795	1923.5	0
4914795	4932485	1940.6	0
4932485	4949546	1919.6	0
4949546	4955824	1917.3	0
4955824	4974299	1919.4	0
4974299	4987277	1918.5	0
4987277	5000044	1886.6	0
5000044	5008565	1932.6	0
5008565	5026853	1911.6	0
5026853	5035222	1856.2	0
5035222	5047373	1856.2	0
5047373	5069903	1916.0	0
5069903	5076714	1910.2	0
5076714	5091947	1915.0	0
5091947	5102018	1911.6	0
5102018	5121052	1897.8	0
5121052	5133390	1856.2	0
5133390	5161210	1903.8	0
5161210	5168393	1856.2	0
5168393	5184912	1905.2	0
5184912	5204045	1904.8	0
5204045	5207892	1908.0	0
5207892	5222871	1887.4	0
5222871	5234105	1887.6	0
5234105	5247319	1896.8	0
5247319	5267375	1856.2	0
5267375	5273621	1901.4	0
5273621	5286385	1886.2	0
5286385	5305921	1888.0	0
5305921	5312346	1896.2	0
5312346	5331448	1894.2	0
5331448	5342190	1900.4	0
5342190	5352760	1912.0	0
5352760	5370981	1886.8	0
5370981	5376421	1903.0	0
5376421	5394221	1895.2	0
5394221	5410666	1892.6	0
5410666	5419592	1890.0	0
5419592	5432122	1898.6	0
5432122	5447797	1904.2	0
5447797	5466078	1856.2	0
5466078	5472083	1887.6	0
5472083	5488405	1856.2	0
5488405	5501169	1896.0	0
5501169	5507525	1856.2	0
5507525	5526921	1900.4	0
5526921	5537638	1902.8	0
5537638	5556459	1897.0	0
5556459	5568741	1905.0	0
5568741	5578722	1900.8	0
5578722	5594747	1898.2	0
5594747	5601972	1893.2	0
5601972	5621339	1856.2	0
5621339	5627853	1900.4	0
5627853	5640654	1907.0	0
5640654	5658785	1903.1	0
5658785	5673971	1899.2	0
5673971	5680508	-1.0	0
5680508	5700504	-1.0	0
5700504	5706744	-1.0	0
5706744	5725742	1856.2	0
5725742	5736322	1896.8	0
5736322	5748516	1907.6	0
5748516	5760250	1909.0	0
5760250	5778734	1905.4	0
5778734	5790029	1904.8	0
5790029	5808913	1904.2	0
5808913	5821774	1909.2	0
5821774	5834436	1907.4	0
5834436	5846995	1905.8	0
5846995	5858936	1903.8	0
5858936	5868880	1856.2	0
5868880	5885578	1914.8	0
5885578	5900473	1945.4	0
5900473	5912950	1913.4	0
5912950	5927644	1909.6	0
5927644	5935474	1910.0	0
5935474	5954514	1906.4	0
5954514	5961064	1910.0	0
5961064	5973201	1911.4	0
5973201	5992571	1906.4	0
5992571	6000150	1856.2	0
6000150	6013900	1902.8	0
6013900	6032211	1893.8	0
6032211	6042517	1856.2	0
6042517	6055356	1898.4	0
6055356	6073776	1886.8	0
6073776	6080627	1895.6	0
6080627	6093619	1896.2	0
6093619	6111812	1897.0	0
6111812	6120806	1890.6	0
6120806	6131472	1897.2	0
6131472	6144804	1884.8	0
6144804	6156642	1889.2	0
6156642	6169923	1898.4	0
6169923	6185470	1895.0	0
6185470	6201595	1886.4	0
6201595	6213460	1908.6	0
6213460	6221414	1856.2	0
6221414	6233638	1901.6	0
6233638	6251260	1906.8	0
6251260	6268577	1902.6	0
6268577	6276722	1887.4	0
6276722	6294059	1908.8	0
6294059	6308439	1883.0	0
6308439	6322003	1884.0	0
6322003	6339553	1904.6	0
6339553	6344950	1903.2	0
6344950	6359605	1856.2	0
6359605	6371540	1905.4	0
6371540	6386280	1903.8	0
6386280	6396555	1903.8	0
6396555	6407321	1901.0	0
6407321	6423958	1902.2	0
6423958	6435609	1856.2	0
6435609	6454186	1856.2	0
6454186	6467073	1883.0	0
6467073	6473537	1856.2	0
6473537	6486235	1856.2	0
6486235	6498967	1856.2	0
6498967	6515721	1887.4	0
6515721	6527797	1898.2	0
6527797	6543877	1899.8	0
6543877	6557302	1895.2	0
6557302	6565162	1901.6	0
6565162	6582486	1902.6	0
6582486	6593334	1902.4	0
6593334	6611519	1904.0	0
6611519	6617386	1901.4	0
6617386	6629113	1897.0	0
6629113	6646000	1904.7	0
6646000	6655674	1912.4	0
6655674	6673958	1911.0	0
6673958	6680144	1910.0	0
6680144	6692719	1898.8	0
6692719	6708164	1897.8	0
6708164	6717728	1903.0	0
6717728	6736304	1891.4	0
6736304	6919087	1902.6	0
6919087	6936114	1925.3	1
6936114	6948150	1925.4	1
6948150	6960421	1924.9	1
6960421	6975695	1925.2	1
6975695	6984085	1924.9	1
6984085	6997988	1926.1	1
6997988	7016368	1925.3	1
7016368	7026837	1926.0	1
7026837	7034877	1925.8	1
7034877	7051149	1924.9	1
7051149	7061773	1923.9	1
7061773	7079011	1923.7	1
7079011	7085111	1923.1	1
7085111	7095903	1924.7	1
7095903	7112296	1924.7	1
7112296	7124326	1924.7	1
7124326	7136229	1925.7	1
7136229	7148869	1926.0	1
7148869	7166586	1925.9	1
7166586	7179675	1924.9	1
7179675	7190923	1924.3	1
7190923	7200706	1924.9	1
7200706	7213565	1923.3	1
7213565	7230792	1923.5	1
7230792	7242537	1923.5	1
7242537	7273029	1924.1	1
7273029	7286251	1924.7	1
7286251	7290326	1924.7	1
7290326	7309360	1923.6	1
7309360	7323091	1924.1	1
7323091	7335775	1923.5	1
7335775	7348351	1923.7	1
7348351	7360938	1920.5	1
7360938	7366854	1920.5	1
7366854	7388259	1922.9	1
7388259	7400714	1924.3	1
7400714	7409152	1923.7	1
7409152	7421709	1922.5	1
7421709	7432247	1919.3	1
7432247	7447844	1920.7	1
7447844	7459640	1925.5	1
7459640	7477948	1924.8	1
7477948	7490838	1922.3	1
7490838	7502914	1921.3	1
7502914	7515036	1924.5	1
7515036	7527556	1924.1	1
7527556	7540491	1925.0	1
7540491	7552492	1924.5	1
7552492	7564674	1924.6	1
7564674	7578799	1924.7	1
7578799	7591296	1924.1	1
7591296	7599579	1923.3	1
7599579	7616912	1922.9	1
7616912	7626027	1923.3	1
7626027	7645913	1923.5	1
7645913	7650178	1925.5	1
7650178	7667996	1926.0	1
7667996	7679520	1923.7	1
7679520	7686672	1924.9	1
7686672	7704961	1925.3	1
7704961	7718950	1926.0	1
7718950	7731553	1925.6	1
7731553	7742186	1925.5	1
7742186	7749551	1924.1	1
7749551	7771863	1925.8	1
7771863	7784130	1927.0	1
7784130	7790022	1926.4	1
7790022	7802333	1925.5	1
7802333	7820027	1923.3	1
7820027	7835086	1924.1	1
7835086	7846119	1924.3	1
7846119	7859608	1924.1	1
7859608	7870901	1924.9	1
7870901	7877093	1923.9	1
7877093	7895731	1925.3	1
7895731	7905886	1923.7	1
7905886	7917675	1922.5	1
7917675	7929905	1923.7	1
7929905	7941811	1924.0	1
7941811	7963275	1925.8	1
7963275	7969343	1924.5	1
7969343	7981510	1923.9	1
7981510	7998063	1925.9	1
7998063	8005983	1925.6	1
8005983	8024638	1925.3	1
8024638	8039468	1924.0	1
8039468	8045178	1922.5	1
8045178	8059819	1923.7	1
8059819	8071140	1923.1	1
8071140	8087241	1921.5	1
8087241	8104876	1918.7	1
8104876	8116049	1921.3	1
8116049	8124590	1920.3	1
8124590	8137124	1920.1	1
8137124	8151261	1920.3	1
8151261	8167963	1920.3	1
8167963	8180680	1919.3	1
8180680	8186985	1919.1	1
8186985	8199441	1918.9	1
8199441	8219905	1919.7	1
8219905	8233671	1917.5	1
8233671	8245677	1916.1	1
8245677	8252452	1915.3	1
8252452	8269526	1915.3	1
8269526	8287220	1919.3	1
8287220	8293500	1919.7	1
8293500	8306250	1919.1	1
8306250	8325247	1918.7	1
8325247	8331539	1918.5	1
8331539	8349853	1920.7	1
8349853	8362851	1916.5	1
8362851	8369445	1918.1	1
8369445	8381879	1919.1	1
8381879	8400563	1919.7	1
8400563	8412884	1919.1	1
8412884	8429400	1919.1	1
8429400	8437775	1918.3	1
8437775	8454666	1915.3	1
8454666	8463309	1917.3	1
8463309	8478098	1916.9	1
8478098	8494942	1917.9	1
8494942	8507432	1919.1	1
8507432	8513616	1917.9	1
8513616	8532646	1918.1	1
8532646	8544995	1917.5	1
8544995	8553520	1918.1	1
8553520	8565855	1918.5	1
8565855	8578311	1916.5	1
8578311	8596449	1916.9	1
8596449	8609450	1917.7	1
8609450	8615554	1917.5	1
8615554	8632105	1918.1	1
8632105	8639680	1918.7	1
8639680	8657268	1918.7	1
8657268	8675368	1914.9	1
8675368	8680667	1916.7	1
8680667	8691380	1915.3	1
8691380	8704843	1919.7	1
8704843	8721517	1919.5	1
8721517	8741359	1918.5	1
8741359	8752408	1918.7	1
8752408	8763253	1918.7	1
8763253	8773525	1919.1	1
8773525	8785441	1917.3	1
8785441	8802623	1918.9	1
8802623	8808482	1919.1	1
8808482	8821007	1920.3	1
8821007	8839599	1918.5	1
8839599	8845747	1915.1	1
8845747	8866778	1917.5	1
8866778	8877314	1917.9	1
8877314	8884199	1919.3	1
8884199	8901837	1919.3	1
8901837	8912845	1919.1	1
8912845	8924462	1919.7	1
8924462	8942921	1919.3	1
8942921	8954922	1919.3	1
8954922	8961005	1920.1	1
8961005	8972849	1915.9	1
8972849	8990772	1919.7	1
8990772	9007165	1920.5	1
9007165	9013551	1921.5	1
9013551	9026000	1921.7	1
9026000	9035677	1921.1	1
9035677	9049750	1922.3	1
9049750	9066926	1921.9	1
9066926	9074129	1921.3	1
9074129	9087198	1921.3	1
9087198	9101677	1921.9	1
9101677	9118349	1921.7	1
9118349	9130390	1923.7	1
9130390	9142574	1922.1	1
9142574	9154621	1922.7	1
9154621	9166531	1923.3	1
9166531	9185088	1923.7	1
9185088	9190284	1920.3	1
9190284	9203887	1920.9	1
9203887	9211564	1922.3	1
9211564	9223620	1910.4	1
9223620	9240146	1924.1	1
9240146	9256751	1924.1	1
9256751	9263298	1923.1	1
9263298	9280590	1921.7	1
9280590	9287560	1922.5	1
9287560	9306767	1923.9	1
9306767	9319251	1920.7	1
9319251	9325810	1920.7	1
9325810	9341941	1917.7	1
9341941	9348065	1921.5	1
9348065	9372497	1923.1	1
9372497	9377452	1921.1	1
9377452	9390184	1921.5	1
9390184	9406799	1921.5	1
9406799	9414427	1921.5	1
9414427	9431650	1922.1	1
9431650	9442952	1921.3	1
9442952	9455464	1920.1	1
9455464	9467958	1921.9	1
9467958	9487355	1919.7	1
9487355	9499437	1920.9	1
9499437	9507995	1920.9	1
9507995	9525619	1920.9	1
9525619	9538373	1920.3	1
9538373	9544206	1922.1	1
9544206	9568362	1922.5	1
9568362	9580673	1920.7	1
9580673	9593273	1919.7	1
9593273	9601627	1920.7	1
9601627	9611416	1922.7	1
9611416	9629791	1921.5	1
9629791	9642728	1921.9	1
9642728	9647476	1921.9	1
9647476	9666005	1919.9	1
9666005	9673733	1923.3	1
9673733	9691906	1924.5	1
9691906	9705268	1919.7	1
9705268	9714022	1918.3	1
9714022	9726818	1920.9	1
9726818	9741838	1920.5	1
9741838	9758520	1919.9	1
9758520	9765063	1920.9	1
9765063	9783675	1917.9	1
9783675	9789811	1919.1	1
9789811	9802047	1919.3	1
9802047	9819899	1920.5	1
9819899	9832086	1922.1	1
9832086	9840629	1921.7	1
9840629	9857647	1921.9	1
9857647	9868624	1921.5	1
9868624	9886509	1920.9	1
9886509	9892837	1922.9	1
9892837	9911746	1923.5	1
9911746	9917873	1923.1	1
9917873	9936027	1921.9	1
9936027	9945155	1920.9	1
9945155	9960124	1920.9	1
9960124	9973890	1922.3	1
9973890	9984063	1924.3	1
9984063	9995694	1924.1	1
9995694	10007293	1924.3	1
10007293	10024412	1924.5	1
10024412	10028932	1923.5	1
10028932	10041753	1921.9	1
10041753	10054011	1923.5	1
10054011	10068720	1923.5	1
10068720	10080980	1920.9	1
10080980	10093482	1920.3	1
10093482	10110767	1919.9	1
10110767	10123837	1921.5	1
10123837	10135030	1926.2	1
10135030	10149304	1921.7	1
10149304	10161479	1923.1	1
10161479	10169825	1923.3	1
10169825	10181252	1922.7	1
10181252	10203913	1922.1	1
10203913	10210058	1921.7	1
10210058	10222360	1921.3	1
10222360	10234595	1922.9	1
10234595	10245165	1923.1	1
10245165	10265482	1923.1	1
10265482	10278070	1922.3	1
10278070	10284310	1921.9	1
10284310	10302671	1923.5	1
10302671	10315161	1920.9	1
10315161	10327644	1916.7	1
10327644	10338685	1919.7	1
10338685	10350355	1921.7	1
10350355	10370267	1919.5	1
10370267	10379088	1922.7	1
10379088	10396380	1922.3	1
10396380	10402486	1922.1	1
10402486	10421103	1923.7	1
10421103	10432779	1921.9	1
10432779	10439866	1920.7	1
10439866	10458897	1920.1	1
10458897	10473682	1921.1	1
10473682	10485203	1919.7	1
10485203	10491593	1920.5	1
10491593	10509199	1922.3	1
10509199	10525193	1924.3	1
10525193	10530866	1923.5	1
10530866	10545378	1923.1	1
10545378	10555961	1923.7	1
10555961	10570433	1921.7	1
10570433	10585961	1922.5	1
10585961	10718669	1924.2	1
10718669	10728123	1881.6	0
10728123	10741564	1884.2	0
10741564	10759811	1894.8	0
10759811	10775013	1889.8	0
10775013	10786603	1901.0	0
10786603	10794193	1905.6	0
10794193	10812537	1906.8	0
10812537	10824614	1901.4	0
10824614	10836262	1856.2	0
10836262	10848359	1903.2	0
10848359	10861700	1912.6	0
10861700	10876553	1856.2	0
10876553	10883227	1898.4	0
10883227	10903934	1905.2	0
10903934	10911678	1894.0	0
10911678	10928309	1904.6	0
10928309	10942190	1900.4	0
10942190	10954807	1856.2	0
10954807	10976316	1903.0	0
10976316	10988081	1892.6	0
10988081	10995127	1904.2	0
10995127	11007709	1899.0	0
11007709	11023806	1856.2	0
11023806	11034264	1899.8	0
11034264	11046360	1902.2	0
11046360	11064602	1899.6	0
11064602	11070975	1908.8	0
11070975	11094740	1915.2	0
11094740	11100276	1902.0	0
11100276	11112550	1913.8	0
11112550	11130747	1911.2	0
11130747	11136805	1915.4	0
11136805	11159521	1906.4	0
11159521	11166232	1906.8	0
11166232	11178679	1902.6	0
11178679	11191265	1900.2	0
11191265	11210172	1903.0	0
11210172	11225846	1905.4	0
11225846	11233089	1901.2	0
11233089	11246657	1856.2	0
11246657	11262356	1901.4	0
11262356	11276603	1903.4	0
11276603	11291412	1903.4	0
11291412	11302666	1899.8	0
11302666	11321537	1900.6	0
11321537	11326684	1903.8	0
11326684	11344100	1900.8	0
11344100	11357277	1900.2	0
11357277	11367933	1905.0	0
11367933	11386091	1901.8	0
11386091	11395011	1906.4	0
11395011	11405348	1886.2	0
11405348	11420069	1908.6	0
11420069	11429645	1905.0	0
11429645	11441358	1899.6	0
11441358	11454435	1902.2	0
11454435	11466684	1900.8	0
11466684	11484277	1897.4	0
11484277	11501439	1894.6	0
11501439	11507592	1900.2	0
11507592	11526033	1902.4	0
11526033	11538757	1895.2	0
11538757	11554090	1900.0	0
11554090	11564279	1902.2	0
11564279	11577915	1896.2	0
11577915	11589321	1903.2	0
11589321	11600484	1900.4	0
11600484	11616798	1902.2	0
11616798	11632678	1907.6	0
11632678	11642823	1909.4	0
11642823	11650517	1906.4	0
11650517	11666703	1908.0	0
11666703	11680539	1913.2	0
11680539	11688353	1913.0	0
11688353	11700756	1923.8	0
11700756	11718959	1912.8	0
11718959	11729092	1902.2	0
11729092	11744490	1916.4	0
11744490	11758127	1927.5	0
11758127	11771474	1923.2	0
11771474	11781663	1918.4	0
11781663	11794364	1920.4	0
11794364	11809093	1913.2	0
11809093	11821751	1920.6	0
11821751	11827727	1919.6	0
11827727	11839942	1918.9	0
11839942	11857776	1906.8	0
11857776	11873837	1930.2	0
11873837	11878430	1918.2	0
11878430	11891492	1924.6	0
11891492	11904003	1919.0	0
11904003	11916352	1925.8	0
11916352	11932012	1912.8	0
11932012	11948139	1931.3	0
11948139	11958636	1917.6	0
11958636	11967181	1918.0	0
11967181	11981982	1922.4	0
11981982	11999811	1931.6	0
11999811	12012309	1856.2	0
12012309	12024835	1924.6	0
12024835	12037200	1856.2	0
12037200	12051722	1929.5	0
12051722	12060582	1921.7	0
12060582	12070971	1913.8	0
12070971	12083046	1922.3	0
12083046	12101885	1915.4	0
12101885	12113050	1915.2	0
12113050	12130901	1919.8	0
12130901	12143608	1939.4	0
12143608	12150064	1895.4	0
12150064	12161674	1915.6	0
12161674	12179820	1913.2	0
12179820	12199968	1921.0	0
12199968	12217538	1856.2	0
12217538	12224200	1921.6	0
12224200	12243446	1926.8	0
12243446	12256409	1921.4	0
12256409	12267731	1916.2	0
12267731	12284152	1911.2	0
12284152	12298256	1914.8	0
12298256	12306350	1921.8	0
12306350	12326721	1933.6	0
12326721	12332432	1945.4	0
12332432	12351321	1929.0	0
12351321	12357902	1912.6	0
12357902	12376926	1910.2	0
12376926	12387291	1913.4	0
12387291	12403672	1909.2	0
12403672	12416159	1920.2	0
12416159	12423497	1916.2	0
12423497	12436358	1905.4	0
12436358	12458807	1915.2	0
12458807	12471641	1856.2	0
12471641	12484423	1856.2	0
12484423	12491449	1907.6	0
12491449	12509902	1914.6	0
12509902	12522414	1927.2	0
12522414	12536005	1924.8	0
12536005	12547945	1919.0	0
12547945	12560433	1930.4	0
12560433	12572409	1917.4	0
12572409	12584761	1920.4	0
12584761	12596308	1920.0	0
12596308	12607773	1923.0	0
12607773	12622208	1923.1	0
12622208	12638632	1935.6	0
12638632	12648107	1924.8	0
12648107	12656960	1910.8	0
12656960	12670607	1878.2	0
12670607	12682500	1856.2	0
12682500	12694998	1899.0	0
12694998	12715447	1903.6	0
12715447	12726278	1901.6	0
12726278	12739772	1900.6	0
12739772	12752060	1906.0	0
12752060	12764557	1908.8	0
12764557	12782225	1907.0	0
12782225	12793225	1913.0	0
12793225	12805735	1921.4	0
12805735	12818091	1911.8	0
12818091	12835061	1856.2	0
12835061	12850097	1912.4	0
12850097	12861732	1912.4	0
12861732	12874603	1913.6	0
12874603	12887690	1912.6	0
12887690	12903249	1917.8	0
12903249	12915797	1910.6	0
12915797	12926620	1903.8	0
12926620	12944727	1908.2	0
12944727	12951710	1907.8	0
12951710	12964306	1906.4	0
12964306	12984879	1910.6	0
12984879	12997664	1914.8	0
12997664	13006321	1921.4	0
13006321	13018938	1921.6	0
13018938	13036985	1914.8	0
13036985	13051975	1919.4	0
13051975	13058586	1916.0	0
13058586	13075060	1904.8	0
13075060	13082880	1917.2	0
13082880	13095229	1916.0	0
13095229	13112090	1913.6	0
13112090	13127394	1915.6	0
13127394	13134396	1877.0	0
13134396	13151937	1897.6	0
13151937	13164683	1856.2	0
13164683	13177555	1909.0	0
13177555	13188642	1904.4	0
13188642	13201345	1905.0	0
13201345	13214722	1903.2	0
13214722	13226573	1901.8	0
13226573	13246845	1856.2	0
13246845	13259553	1902.4	0
13259553	13266013	1856.2	0
13266013	13278493	1901.8	0
13278493	13291694	1904.0	0
13291694	13310800	1898.8	0
13310800	13325058	1902.2	0
13325058	13336489	1898.4	0
13336489	13345076	1905.8	0
13345076	13358478	1899.2	0
13358478	13375703	1888.0	0
13375703	13387140	1904.6	0
13387140	13405302	1905.0	0
13405302	13417200	1898.0	0
13417200	13430047	1905.8	0
13430047	13444351	1904.2	0
13444351	13456309	1898.4	0
13456309	13466527	1898.4	0
13466527	13475404	1908.0	0
13475404	13488204	1904.4	0
13488204	13506123	1901.8	0
13506123	13518925	1888.4	0
13518925	13530178	1903.6	0
13530178	13545755	1908.4	0
13545755	13560399	1903.8	0
13560399	13575576	1906.6	0
13575576	13582049	1856.2	0
13582049	13594399	1903.4	0
13594399	13607016	1898.2	0
13607016	13624002	1896.2	0
13624002	13635881	1898.6	0
13635881	13655130	1877.4	0
13655130	13664842	1856.2	0
13664842	13678104	1904.4	0
13678104	13684802	1911.2	0
13684802	13703007	1905.2	0
13703007	13718050	1904.8	0
13718050	13726755	1907.0	0
13726755	13739423	1873.2	0
13739423	13752113	1888.0	0
13752113	13768853	1901.4	0
13768853	13785298	1895.2	0
13785298	13797680	1899.6	0
13797680	13810303	1899.4	0
13810303	13822996	1885.0	0
13822996	13838020	1901.8	0
13838020	13843948	1903.6	0
13843948	13860904	1898.2	0
13860904	13872590	1902.6	0
13872590	13882255	1901.0	0
13882255	13904161	1901.2	0
13904161	13910351	1898.4	0
13910351	13923365	1894.6	0
13923365	13935450	1897.4	0
13935450	13948889	1902.6	0
13948889	13965572	1885.0	0
13965572	13980136	1896.6	0
13980136	13992759	1891.2	0
13992759	14004213	1900.6	0
14004213	14010616	1899.8	0
14010616	14029164	1889.4	0
14029164	14040216	1902.2	0
14040216	14059098	1896.2	0
14059098	14064611	1899.0	0
14064611	14078189	1909.0	0
14078189	14097060	1904.2	0
14097060	14109118	1909.2	0
14109118	14121602	1910.0	0
14121602	14127935	1908.4	0
14127935	14146722	1856.2	0
14146722	14165294	1908.8	0
14165294	14171595	1902.0	0
14171595	14184582	1904.8	0
14184582	14197343	1898.2	0
14197343	14204467	1902.6	0
14204467	14226291	1908.4	0
14226291	14238037	1908.6	0
14238037	14244325	1904.4	0
14244325	14257038	1906.2	0
14257038	14275217	1945.4	0
14275217	14287367	1913.4	0
14287367	14301880	1912.6	0
14301880	14313834	1911.0	0
14313834	14327081	1914.6	0
14327081	14339497	1916.2	0
14339497	14352142	1913.6	0
14352142	14365171	1912.6	0
14365171	14377167	1912.4	0
14377167	14390936	1912.2	0
14390936	14403124	1910.2	0
14403124	14421968	1910.8	0
14421968	14433008	1905.8	0
14433008	14440695	1902.8	0
14440695	14617144	1902.6	0
14617144	14633933	1916.4	1
14633933	14646969	1922.5	1
14646969	14655489	1920.7	1
14655489	14672541	1921.9	1
14672541	14680240	1920.1	1
14680240	14698139	1917.9	1
14698139	14713912	1919.5	1
14713912	14720144	1922.5	1
14720144	14733104	1919.9	1
14733104	14750831	1917.1	1
14750831	14762057	1921.5	1
14762057	14773371	1919.7	1
14773371	14782305	1921.3	1
14782305	14794511	1920.9	1
14794511	14806253	1921.7	1
14806253	14824009	1921.5	1
14824009	14841770	1923.1	1
14841770	14847631	1924.3	1
14847631	14864490	1922.3	1
14864490	14877508	1922.7	1
14877508	14885006	1922.1	1
14885006	14904466	1922.3	1
14904466	14910450	1921.3	1
14910450	14927612	1920.1	1
14927612	14939488	1920.5	1
14939488	14945446	1921.5	1
14945446	14963032	1922.3	1
14963032	14971660	1923.9	1
14971660	14984568	1924.1	1
14984568	15000859	1923.7	1
15000859	15013807	1922.1	1
15013807	15029821	1923.1	1
15029821	15042106	1922.1	1
15042106	15053557	1922.5	1
15053557	15060485	1924.3	1
15060485	15078978	1924.9	1
15078978	15091334	1923.7	1
15091334	15097528	1923.1	1
15097528	15114684	1922.9	1
15114684	15121805	1923.5	1
15121805	15137572	1923.5	1
15137572	15154774	1921.9	1
15154774	15169383	1924.7	1
15169383	15180574	1924.6	1
15180574	15188000	1924.1	1
15188000	15200936	1922.1	1
15200936	15220103	1925.0	1
15220103	15232080	1923.7	1
15232080	15243927	1924.1	1
15243927	15256530	1922.3	1
15256530	15262891	1922.5	1
15262891	15281518	1922.3	1
15281518	15296931	1921.1	1
15296931	15305571	1920.5	1
15305571	15319405	1922.7	1
15319405	15331649	1922.5	1
15331649	15349360	1923.5	1
15349360	15355913	1920.3	1
15355913	15373323	1920.7	1
15373323	15380773	1919.7	1
15380773	15395176	1921.3	1
15395176	15402546	1959.3	1
15402546	15421491	1963.1	1
15421491	15434534	1956.0	1
15434534	15441753	1954.0	1
15441753	15455699	1947.9	1
15455699	15466529	1944.7	1
15466529	15484561	1940.9	1
15484561	15494645	1928.8	1
15494645	15513034	1929.6	1
15513034	15519306	1927.2	1
15519306	15537605	1924.3	1
15537605	15547528	1919.3	1
15547528	15559006	1922.1	1
15559006	15577603	1921.7	1
15577603	15584745	1922.3	1
15584745	15599803	1921.9	1
15599803	15613716	1922.5	1
15613716	15625715	1924.1	1
15625715	15639665	1923.1	1
15639665	15646613	1923.9	1
15646613	15659236	1922.3	1
15659236	15677067	1923.1	1
15677067	15691747	1922.3	1
15691747	15703603	1922.9	1
15703603	15710215	1921.9	1
15710215	15729107	1920.3	1
15729107	15743273	1921.5	1
15743273	15747794	1921.1	1
15747794	15766290	1921.1	1
15766290	15778516	1921.5	1
15778516	15790359	1922.1	1
15790359	15809438	1920.7	1
15809438	15820656	1922.1	1
15820656	15827814	1922.1	1
15827814	15842110	1922.1	1
15842110	15853475	1920.7	1
15853475	15873222	1919.1	1
15873222	15886896	1921.5	1
15886896	15899274	1918.5	1
15899274	15906895	1920.9	1
15906895	15922264	1921.7	1
15922264	15934870	1921.7	1
15934870	15947437	1921.5	1
15947437	15960242	1921.3	1
15960242	15969931	1920.5	1
15969931	15981210	1922.1	1
15981210	16003550	1919.9	1
16003550	16016039	1921.9	1
16016039	16028681	1921.3	1
16028681	16041329	1920.7	1
16041329	16052372	1920.9	1
16052372	16064449	1919.5	1
16064449	16075562	1922.1	1
16075562	16093794	1919.5	1
16093794	16099837	1921.3	1
16099837	16111460	1920.9	1
16111460	16134395	1920.9	1
16134395	16141137	1921.9	1
16141137	16158665	1920.7	1
16158665	16170397	1921.7	1
16170397	16180692	1922.5	1
16180692	16194728	1920.1	1
16194728	16209981	1922.1	1
16209981	16222539	1920.3	1
16222539	16228713	1920.7	1
16228713	16247217	1921.9	1
16247217	16262774	1923.3	1
16262774	16269389	1922.5	1
16269389	16283902	1922.3	1
16283902	16297145	1922.5	1
16297145	16312602	1922.1	1
16312602	16329519	1922.7	1
16329519	16342148	1920.5	1
16342148	16348122	1920.3	1
16348122	16366135	1920.5	1
16366135	16373195	1921.1	1
16373195	16388736	1921.9	1
16388736	16408955	1921.5	1
16408955	16416512	1922.5	1
16416512	16428001	1921.7	1
16428001	16440236	1922.1	1
16440236	16455613	1922.5	1
16455613	16464669	1922.3	1
16464669	16482485	1919.5	1
16482485	16488269	1920.1	1
16488269	16503956	1922.5	1
16503956	16521165	1922.1	1
16521165	16531817	1920.9	1
16531817	16544144	1922.3	1
16544144	16550157	1922.5	1
16550157	16562551	1921.5	1
16562551	16580373	1921.5	1
16580373	16593811	1919.7	1
16593811	16601013	1921.1	1
16601013	16617714	1918.9	1
16617714	16624059	1920.9	1
16624059	16643010	1921.9	1
16643010	16660760	1921.3	1
16660760	16666061	1921.3	1
16666061	16678707	1921.7	1
16678707	16691388	1919.9	1
16691388	16707272	1919.3	1
16707272	16719235	1920.1	1
16719235	16732135	1919.3	1
16732135	16744321	1920.5	1
16744321	16756825	1919.1	1
16756825	16774180	1919.7	1
16774180	16779780	1915.9	1
16779780	16791359	1918.5	1
16791359	16803009	1919.1	1
16803009	16818941	1919.1	1
16818941	16835763	1916.7	1
16835763	16847232	1919.5	1
16847232	16859599	1917.5	1
16859599	16865798	1919.7	1
16865798	16877921	1916.3	1
16877921	16898983	1917.5	1
16898983	16904512	1920.3	1
16904512	16916473	1919.1	1
16916473	16928532	1919.7	1
16928532	16941269	1918.5	1
16941269	16962335	1919.3	1
16962335	16970773	1919.3	1
16970773	16980404	1919.1	1
16980404	16992645	1919.5	1
16992645	17003997	1918.5	1
17003997	17020651	1916.1	1
17020651	17036051	1916.7	1
17036051	17042377	1918.1	1
17042377	17060619	1919.1	1
17060619	17079542	1942.3	1
17079542	17086133	1957.0	1
17086133	17104658	1949.9	1
17104658	17115312	1945.7	1
17115312	17134259	1940.1	1
17134259	17141658	1931.6	1
17141658	17157471	1927.2	1
17157471	17168642	1925.5	1
17168642	17181524	1918.1	1
17181524	17193518	1920.7	1
17193518	17206764	1921.5	1
17206764	17219427	1919.9	1
17219427	17235170	1919.3	1
17235170	17245171	1918.5	1
17245171	17257658	1944.9	1
17257658	17277429	1942.9	1
17277429	17284300	1937.1	1
17284300	17296691	1934.7	1
17296691	17307057	1928.6	1
17307057	17324024	1948.5	1
17324024	17336861	1944.9	1
17336861	17354456	1941.3	1
17354456	17361017	1937.1	1
17361017	17372914	1932.2	1
17372914	17389375	1924.5	1
17389375	17406675	1918.3	1
17406675	17414427	1922.5	1
17414427	17423022	1921.1	1
17423022	17435923	1921.5	1
17435923	17448859	1948.9	1
17448859	17454638	1944.7	1
17454638	17474472	1942.9	1
17474472	17478839	1938.3	1
17478839	17497406	1928.8	1
17497406	17507926	1928.8	1
17507926	17518545	1925.7	1
17518545	17537070	1925.5	1
17537070	17544633	1924.3	1
17544633	17562575	1924.3	1
17562575	17567414	1922.5	1
17567414	17580203	1922.3	1
17580203	17593558	1922.1	1
17593558	17603500	1920.1	1
17603500	17623351	1919.5	1
17623351	17638621	1919.3	1
17638621	17646728	1918.3	1
17646728	17657954	1919.7	1
17657954	17672403	1918.7	1
17672403	17686805	1919.1	1
17686805	17699336	1918.9	1
17699336	17846230	1916.5	1
17846230	17856986	1893.4	0
17856986	17875573	1894.6	0
17875573	17881798	1899.0	0
17881798	17893954	1903.4	0
17893954	17906268	1906.6	0
17906268	17918732	1908.0	0
17918732	17936952	1904.6	0
17936952	17944849	1907.0	0
17944849	17956785	1909.2	0
17956785	17973050	1908.6	0
17973050	17985193	1905.2	0
17985193	17996871	1908.6	0
17996871	18008724	1907.6	0
18008724	18019229	1856.2	0
18019229	18031600	1906.0	0
18031600	18044104	1907.6	0
18044104	18061270	1905.2	0
18061270	18077395	1904.6	0
18077395	18089439	1899.4	0
18089439	18102218	1900.8	0
18102218	18108615	1909.0	0
18108615	18131359	1888.8	0
18131359	18142094	1900.2	0
18142094	18149740	1903.0	0
18149740	18166528	1908.0	0
18166528	18173869	1910.0	0
18173869	18191669	1920.8	0
18191669	18206571	1896.4	0
18206571	18213736	1905.6	0
18213736	18226719	1905.6	0
18226719	18239268	1903.0	0
18239268	18256479	1915.0	0
18256479	18270030	1903.6	0
18270030	18282903	1900.8	0
18282903	18298651	1905.2	0
18298651	18313938	1903.2	0
18313938	18320526	1902.6	0
18320526	18329967	1899.6	0
18329967	18343197	1905.0	0
18343197	18360882	1903.0	0
18360882	18376121	1909.2	0
18376121	18382905	1908.0	0
18382905	18402327	1913.4	0
18402327	18415023	1908.6	0
18415023	18428299	1909.2	0
18428299	18441396	1906.2	0
18441396	18448481	1918.3	0
18448481	18461142	1919.4	0
18461142	18473554	1909.2	0
18473554	18491556	1914.8	0
18491556	18504541	1913.2	0
18504541	18523344	1917.6	0
18523344	18530119	1906.6	0
18530119	18542843	1909.2	0
18542843	18562942	1901.7	0
18562942	18576515	-1.0	0
18576515	18590543	-1.0	0
18590543	18604659	-1.0	0
18604659	18616474	1906.2	0
18616474	18635265	1911.4	0
18635265	18643189	1909.6	0
18643189	18651836	-1.0	0
18651836	18666040	-1.0	0
18666040	18684441	-1.0	0
18684441	18699154	1918.6	0
18699154	18714367	1922.6	0
18714367	18727191	1904.0	0
18727191	18740036	1919.2	0
18740036	18746214	1911.4	0
18746214	18769103	1908.6	0
18769103	18774715	1913.0	0
18774715	18795692	1909.8	0
18795692	18799180	1913.6	0
18799180	18811083	1910.0	0
18811083	18828629	1906.4	0
18828629	18840468	1892.4	0
18840468	18858940	1900.6	0
18858940	18865856	1908.0	0
18865856	18878658	1909.0	0
18878658	18894185	1908.0	0
18894185	18910441	1912.0	0
18910441	18922854	1898.2	0
18922854	18930355	1908.2	0
18930355	18948722	1906.8	0
18948722	18960825	1899.8	0
18960825	18976311	1907.4	0
18976311	18986151	1865.2	0
18986151	18998781	1897.6	0
18998781	19012009	1901.4	0
19012009	19021620	1901.0	0
19021620	19037109	1897.8	0
19037109	19051767	1906.2	0
19051767	19062751	1905.2	0
19062751	19077287	1908.0	0
19077287	19089841	1904.4	0
19089841	19102815	1907.8	0
19102815	19111066	1904.4	0
19111066	19130471	1907.0	0
19130471	19136076	1904.4	0
19136076	19148382	1903.4	0
19148382	19160758	1907.8	0
19160758	19173500	1901.6	0
19173500	19193541	1902.0	0
19193541	19205858	1911.4	0
19205858	19213950	1903.6	0
19213950	19230424	1908.6	0
19230424	19245408	1909.4	0
19245408	19258020	1904.6	0
19258020	19267256	1900.4	0
19267256	19279987	1904.0	0
19279987	19292449	1887.2	0
19292449	19305172	1903.0	0
19305172	19327056	1900.8	0
19327056	19338109	1902.8	0
19338109	19350849	1902.1	0
19350849	19362919	1901.4	0
19362919	19378689	1902.8	0
19378689	19391158	1908.0	0
19391158	19403727	1906.0	0
19403727	19418273	1906.6	0
19418273	19428416	1909.4	0
19428416	19436878	1908.2	0
19436878	19454822	1905.0	0
19454822	19463912	1907.0	0
19463912	19481940	1908.4	0
19481940	19493649	1911.2	0
19493649	19506863	1909.8	0
19506863	19515014	1903.2	0
19515014	19532095	1905.0	0
19532095	19544941	1909.8	0
19544941	19557391	1908.8	0
19557391	19569998	1907.2	0
19569998	19588084	1907.6	0
19588084	19601874	1906.8	0
19601874	19614759	1909.2	0
19614759	19626881	1906.2	0
19626881	19633251	1905.8	0
19633251	19651913	1905.2	0
19651913	19659228	1911.2	0
19659228	19676493	1904.6	0
19676493	19683810	1890.6	0
19683810	19700836	1906.0	0
19700836	19716903	1905.4	0
19716903	19725541	1903.0	0
19725541	19743291	1903.4	0
19743291	19756542	1903.6	0
19756542	19767885	1908.4	0
19767885	19782340	1903.6	0
19782340	19793482	1907.4	0
19793482	19805887	1903.4	0
19805887	19813684	1902.8	0
19813684	19824318	1902.0	0
19824318	19842491	1899.8	0
19842491	19852288	1907.2	0
19852288	19868336	1898.8	0
19868336	19875958	1904.2	0
19875958	19888035	1910.2	0
19888035	19909216	1903.4	0
19909216	19915819	1906.2	0
19915819	19927677	1908.4	0
19927677	19939430	1912.8	0
19939430	19951748	1915.0	0
19951748	19970714	1913.8	0
19970714	19981785	1914.0	0
19981785	19993627	1886.8	0
19993627	19999523	1908.4	0
19999523	20011809	1905.6	0
20011809	20029902	1908.8	0
20029902	20047309	1907.2	0
20047309	20059313	1905.2	0
20059313	20066840	1902.0	0
20066840	20083505	1901.0	0
20083505	20099377	1864.6	0
20099377	20110815	1902.4	0
20110815	20118324	1908.4	0
20118324	20130378	1904.6	0
20130378	20142740	1874.8	0
20142740	20160564	1904.8	0
20160564	20176196	1880.5	0
20176196	20183316	1856.2	0
20183316	20194957	1903.6	0
20194957	20206156	1907.8	0
20206156	20230097	1909.6	0
20230097	20235346	1910.2	0
20235346	20248043	1909.0	0
20248043	20265802	1906.2	0
20265802	20280012	1905.8	0
20280012	20292239	1911.6	0
20292239	20301469	1904.4	0
20301469	20317334	1902.4	0
20317334	20331767	1909.0	0
20331767	20342642	1910.2	0
20342642	20360079	1906.6	0
20360079	20364479	1909.8	0
20364479	20375821	1906.0	0
20375821	20387691	1914.6	0
20387691	20400239	1856.2	0
20400239	20416853	1906.2	0
20416853	20433690	1907.8	0
20433690	20446370	1856.2	0
20446370	20460057	1888.2	0
20460057	20466181	1905.2	0
20466181	20483614	1909.0	0
20483614	20498008	1856.2	0
20498008	20511251	1904.8	0
20511251	20531394	1904.8	0
20531394	20554124	1907.4	0
20554124	20559161	1904.4	0
20559161	20578763	1905.4	0
20578763	20584304	1905.4	0
20584304	20598089	1903.2	0
20598089	20619017	1900.2	0
20619017	20625242	1911.6	0
20625242	20643392	1900.8	0
20643392	20650152	1901.8	0
20650152	20666930	1904.0	0
20666930	20679361	1905.8	0
20679361	20690345	1905.2	0
20690345	20703590	1904.4	0
20703590	20717792	1908.2	0
20717792	20727500	1903.4	0
20727500	20745474	1901.4	0
20745474	20759513	1898.4	0
20759513	20766183	1896.4	0
20766183	20784999	1898.4	0
20784999	20791277	1902.6	0
20791277	20808948	1897.0	0
20808948	20818815	1891.2	0
20818815	20837702	1896.6	0
20837702	20844286	1896.2	0
20844286	20855297	1899.6	0
20855297	20880957	1896.6	0
20880957	20890914	1894.8	0
20890914	20905033	1883.8	0
20905033	20916636	1895.8	0
20916636	20925560	1856.2	0
20925560	20937841	1872.6	0
20937841	20949596	1892.4	0
20949596	20960724	1895.2	0
20960724	20978746	1883.0	0
20978746	20991145	1905.0	0
20991145	21005804	1901.6	0
21005804	21015093	1900.0	0
21015093	21026907	1903.2	0
21026907	21038951	1900.8	0
21038951	21051349	1899.2	0
21051349	21072210	1890.0	0
21072210	21083169	1907.0	0
21083169	21093196	1906.0	0
21093196	21107982	1907.0	0
21107982	21112720	1898.4	0
21112720	21133989	1905.0	0
21133989	21324596	1889.2	0
21324596	21332813	1922.5	1
21332813	21346124	1922.5	1
21346124	21366386	1922.1	1
21366386	21378556	1922.9	1
21378556	21384710	1921.5	1
21384710	21403459	1922.1	1
21403459	21415493	1923.5	1
21415493	21430007	1922.7	1
21430007	21441750	1923.1	1
21441750	21452608	1921.7	1
21452608	21465069	1921.7	1
21465069	21477354	1923.1	1
21477354	21495498	1921.7	1
21495498	21501553	1923.1	1
21501553	21513443	1922.7	1
21513443	21524632	1923.5	1
21524632	21544929	1922.7	1
21544929	99999999	1920.9	1
