#Processing Run 48327 for polarization tables
#The run table thinks this was a DPERPL2 run
#Corresponding AMO file is :/home/clasg8/rootbeer2.1/dat/pol/amo_tesc_48308.dat
#Coherent Edge positions for TESC events follow:
#Event	Coh Edge	PolPlane(PARA=0,PERP=1,AMO=2,CHANGING=3)
0	2577	1304.7	1
2577	15674	1304.5	1
15674	27536	1304.3	1
27536	56021	1304.1	1
56021	72340	1304.5	1
72340	82199	1304.1	1
82199	94629	1304.5	1
94629	108157	1304.3	1
108157	125047	1304.9	1
125047	137956	1303.7	1
137956	150127	1304.5	1
150127	163207	1303.3	1
163207	181195	1303.3	1
181195	197117	1304.1	1
197117	211868	1304.3	1
211868	223575	1305.3	1
223575	239561	1300.9	1
239561	248855	1303.7	1
248855	266322	1304.3	1
266322	276062	1303.9	1
276062	295749	1303.7	1
295749	302320	1303.9	1
302320	322090	1303.5	1
322090	339415	1303.7	1
339415	351953	1303.5	1
351953	360455	1303.9	1
360455	374121	1303.5	1
374121	391972	1304.1	1
391972	405062	1303.5	1
405062	414201	1304.5	1
414201	434052	1303.9	1
434052	440549	1303.7	1
440549	453527	1303.9	1
453527	477490	1303.7	1
477490	485556	1304.3	1
485556	499376	1303.7	1
499376	511861	1303.5	1
511861	521222	1303.5	1
521222	543890	1303.3	1
543890	557208	1303.7	1
557208	565098	1304.1	1
565098	578114	1303.9	1
578114	596807	1304.9	1
596807	610520	1304.1	1
610520	626874	1303.9	1
626874	636749	1304.3	1
636749	649732	1303.9	1
649732	668178	1304.1	1
668178	685479	1303.9	1
685479	694551	1303.3	1
694551	707181	1303.1	1
707181	720758	1302.5	1
720758	749976	1303.1	1
749976	763420	1303.3	1
763420	776491	1303.7	1
776491	785018	1303.9	1
785018	802744	1304.5	1
802744	818090	1303.1	1
818090	831591	1303.3	1
831591	837904	1303.1	1
837904	857385	1302.9	1
857385	865071	1305.3	1
865071	883615	1303.5	1
883615	896163	1303.5	1
896163	906810	1303.3	1
906810	925109	1303.7	1
925109	931742	1304.1	1
931742	949667	1303.9	1
949667	970745	1303.3	1
970745	982053	1303.5	1
982053	995181	1303.3	1
995181	1003760	1304.5	1
1003760	1023852	1304.3	1
1023852	1030010	1303.5	1
1030010	1049823	1303.7	1
1049823	1056453	1303.1	1
1056453	1069674	1303.3	1
1069674	1087185	1303.9	1
1087185	1098216	1302.9	1
1098216	1118343	1303.9	1
1118343	1136172	1333.4	1
1136172	1144643	1329.8	1
1144643	1175413	1328.6	1
1175413	1181321	1319.2	1
1181321	1193975	1318.2	1
1193975	1220434	1316.0	1
1220434	1236332	1312.0	1
1236332	1250291	1310.2	1
1250291	1261437	1309.8	1
1261437	1274523	1307.9	1
1274523	1287494	1307.7	1
1287494	1310863	1307.1	1
1310863	1316754	1305.7	1
1316754	1329860	1306.1	1
1329860	1346273	1305.9	1
1346273	1362512	1304.9	1
1362512	1379436	1304.3	1
1379436	1386451	1304.1	1
1386451	1399732	1304.3	1
1399732	1419190	1304.3	1
1419190	1440706	1304.1	1
1440706	1451965	1303.7	1
1451965	1471713	1303.5	1
1471713	1478655	1303.7	1
1478655	1498119	1303.7	1
1498119	1515492	1303.1	1
1515492	1524641	1303.1	1
1524641	1538032	1302.7	1
1538032	1551114	1303.1	1
1551114	1564170	1302.7	1
1564170	1580068	1302.7	1
1580068	1594883	1303.1	1
1594883	1603848	1302.5	1
1603848	1617066	1301.5	1
1617066	1630652	1302.1	1
1630652	1650781	1302.1	1
1650781	1669750	1302.5	1
1669750	1676773	1302.3	1
1676773	1690064	1302.9	1
1690064	1707123	1303.3	1
1707123	1722893	1303.5	1
1722893	1741704	1302.3	1
1741704	1747433	1302.5	1
1747433	1760255	1302.3	1
1760255	1789552	1302.7	1
1789552	1800265	1302.7	1
1800265	1813128	1301.9	1
1813128	1831222	1303.1	1
1831222	1838636	1303.7	1
1838636	1857803	1300.3	1
1857803	1869117	1300.3	1
1869117	1889157	1303.1	1
1889157	1899896	1303.5	1
1899896	1914213	1303.1	1
1914213	1928915	1302.1	1
1928915	1942095	1302.7	1
1942095	1958140	1302.5	1
1958140	1966080	1302.9	1
1966080	1994424	1303.5	1
1994424	2007727	1303.3	1
2007727	2018732	1302.3	1
2018732	2038123	1301.9	1
2038123	2046204	1302.5	1
2046204	2061952	1302.1	1
2061952	2074051	1302.7	1
2074051	2093963	1302.9	1
2093963	2107110	1301.9	1
2107110	2120457	1302.5	1
2120457	2133660	1302.7	1
2133660	2146747	1302.1	1
2146747	2159983	1304.5	1
2159983	2173142	1301.9	1
2173142	2200752	1302.5	1
2200752	2219347	1303.3	1
2219347	2232064	1303.7	1
2232064	2239193	1302.3	1
2239193	2252254	1303.7	1
2252254	2270661	1302.1	1
2270661	2280216	1302.1	1
2280216	2294231	1303.3	1
2294231	2304942	1302.3	1
2304942	2318314	1304.9	1
2318314	2338221	1302.7	1
2338221	2355260	1302.7	1
2355260	2368100	1303.7	1
2368100	2379552	1302.3	1
2379552	2394055	1303.3	1
2394055	2410792	1303.1	1
2410792	2425511	1302.1	1
2425511	2435407	1302.3	1
2435407	2447848	1304.9	1
2447848	2459930	1301.9	1
2459930	2476941	1303.7	1
2476941	2490235	1302.5	1
2490235	2503618	1302.1	1
2503618	2522259	1302.1	1
2522259	2531100	1301.9	1
2531100	2547439	1302.7	1
2547439	2559119	1302.7	1
2559119	2572688	1302.1	1
2572688	2589678	1303.1	1
2589678	2597926	1301.5	1
2597926	2615770	1301.9	1
2615770	2627264	1301.9	1
2627264	2647392	1301.1	1
2647392	2654036	1302.3	1
2654036	2666295	1301.3	1
2666295	2689018	1302.7	1
2689018	2697325	1301.5	1
2697325	2709028	1301.7	1
2709028	2722407	1300.9	1
2722407	2735651	1301.1	1
2735651	2754919	1302.5	1
2754919	2766310	1302.5	1
2766310	2783507	1302.3	1
2783507	2791523	1302.1	1
2791523	2805115	1301.9	1
2805115	2822186	1302.3	1
2822186	2841671	1301.7	1
2841671	2854888	1302.5	1
2854888	2860619	1302.1	1
2860619	2881043	1302.9	1
2881043	2894571	1301.3	1
2894571	2907819	1302.5	1
2907819	2920921	1302.3	1
2920921	2933999	1301.9	1
2933999	2947365	1303.5	1
2947365	2961248	1302.5	1
2961248	2980174	1302.1	1
2980174	2993235	1301.7	1
2993235	3000247	1302.3	1
3000247	3013531	1302.7	1
3013531	3032845	1302.5	1
3032845	3042699	1301.9	1
3042699	3055825	1302.3	1
3055825	3070332	1302.3	1
3070332	3082721	1302.5	1
3082721	3099404	1302.5	1
3099404	3112806	1302.1	1
3112806	3125698	1302.3	1
3125698	3144670	1302.5	1
3144670	3152240	1302.3	1
3152240	3168373	1303.3	1
3168373	3178601	1301.9	1
3178601	3192155	1302.5	1
3192155	3204560	1302.5	1
3204560	3222595	1302.1	1
3222595	3238789	1302.5	1
3238789	3257174	1301.9	1
3257174	3268701	1301.5	1
3268701	3278436	1302.3	1
3278436	3291577	1303.1	1
3291577	3305836	1301.7	1
3305836	3325312	1302.5	1
3325312	3338667	1302.1	1
3338667	3345769	1302.1	1
3345769	3359100	1302.5	1
3359100	3378753	1302.1	1
3378753	3389019	1302.5	1
3389019	3402420	1302.9	1
3402420	3414904	1301.9	1
3414904	3428747	1302.3	1
3428747	3444588	1305.5	1
3444588	3464629	1302.3	1
3464629	3477238	1302.1	1
3477238	3484326	1303.3	1
3484326	3503306	1302.3	1
3503306	3517552	1302.3	1
3517552	3530726	1302.7	1
3530726	3544020	1302.7	1
3544020	3562244	1302.3	1
3562244	3570758	1302.5	1
3570758	3586707	1302.9	1
3586707	3597780	1302.9	1
3597780	3611067	1301.7	1
3611067	3630387	1300.3	1
3630387	3643524	1302.3	1
3643524	3656954	1315.4	1
3656954	3666836	1302.9	1
3666836	3685893	1302.3	1
3685893	3692871	1302.9	1
3692871	3709896	1302.9	1
3709896	3723576	1303.7	1
3723576	3741566	1302.9	1
3741566	3756518	1302.5	1
3756518	3769459	1302.1	1
3769459	3776385	1303.1	1
3776385	3799633	1303.1	1
3799633	3809802	1303.1	1
3809802	3816742	1302.7	1
3816742	3829884	1302.9	1
3829884	3849335	1302.5	1
3849335	3872495	1303.1	1
3872495	3878706	1302.5	1
3878706	3895350	1301.9	1
3895350	3902379	1302.1	1
3902379	3915711	1302.5	1
3915711	3934752	1303.5	1
3934752	3944928	1304.5	1
3944928	3964933	1308.5	1
3964933	3972074	1303.1	1
3972074	3990735	1302.5	1
3990735	4006219	1302.9	1
4006219	4019464	1302.9	1
4019464	4034586	1302.3	1
4034586	4045200	1302.5	1
4045200	4075057	1302.3	1
4075057	4088184	1302.1	1
4088184	4098340	1302.9	1
4098340	4110049	1303.1	1
4110049	4124196	1302.5	1
4124196	4147156	1302.9	1
4147156	4157685	1302.1	1
4157685	4166701	1301.9	1
4166701	4179977	1302.9	1
4179977	4193691	1302.3	1
4193691	4218405	1303.1	1
4218405	4220187	1304.3	1
4220187	4233304	1302.9	1
4233304	4253278	1302.3	1
4253278	4259845	1302.1	1
4259845	4279810	1301.5	1
4279810	4291717	1302.1	1
4291717	4302208	1302.9	1
4302208	4315179	1304.5	1
4315179	4333561	1302.5	1
4333561	4353199	1302.7	1
4353199	4359905	1302.3	1
4359905	4373022	1302.5	1
4373022	4386313	1301.7	1
4386313	4399527	1302.1	1
4399527	4419564	1301.9	1
4419564	4433000	1302.3	1
4433000	4446264	1302.3	1
4446264	4460373	1302.7	1
4460373	4468332	1302.7	1
4468332	4489791	1301.9	1
4489791	4498544	1301.5	1
4498544	4512774	1301.9	1
4512774	4527592	1302.1	1
4527592	4540092	1302.3	1
4540092	4558786	1302.1	1
4558786	4567843	1302.1	1
4567843	4583124	1302.1	1
4583124	4598767	1303.5	1
4598767	4623530	1301.9	1
4623530	4638707	1302.3	1
4638707	4653034	1302.3	1
4653034	4665199	1302.5	1
4665199	4672719	1303.9	1
4672719	4691969	1302.5	1
4691969	4710054	1302.7	1
4710054	4717425	1302.5	1
4717425	4730212	1302.1	1
4730212	4749099	1303.3	1
4749099	4763202	1302.7	1
4763202	4774950	1302.7	1
4774950	4787978	1304.5	1
4787978	4806647	1302.5	1
4806647	4812213	1302.9	1
4812213	4833531	1302.3	1
4833531	4849052	1301.9	1
4849052	4857034	1304.7	1
4857034	4870197	1303.9	1
4870197	4883346	1302.1	1
4883346	4900974	1302.9	1
4900974	4911488	1302.5	1
4911488	4922772	1301.9	1
4922772	4942613	1302.1	1
4942613	4955526	1303.3	1
4955526	4975598	1302.7	1
4975598	4982066	1303.1	1
4982066	4995164	1303.3	1
4995164	5009174	1303.3	1
5009174	5036050	1303.5	1
5036050	5048367	1302.5	1
5048367	5068120	1302.5	1
5068120	5081228	1302.5	1
5081228	5093851	1302.3	1
5093851	5113733	1301.7	1
5113733	5122571	1302.3	1
5122571	5130724	1302.7	1
5130724	5147298	1303.1	1
5147298	5155360	1302.5	1
5155360	5173342	1302.1	1
5173342	5187045	1302.7	1
5187045	5199753	1302.3	1
5199753	5218341	1303.1	1
5218341	5225485	1302.3	1
5225485	5246189	1302.1	1
5246189	5259052	1302.3	1
5259052	5266597	1302.3	1
5266597	5285745	1301.9	1
5285745	5293522	1301.9	1
5293522	5312060	1302.9	1
5312060	5322394	1302.5	1
5322394	5336013	1302.1	1
5336013	5349288	1302.7	1
5349288	5370904	1303.1	1
5370904	5382154	1300.9	1
5382154	5397631	1303.3	1
5397631	5407837	1302.7	1
5407837	5422311	1307.1	1
5422311	5434956	1302.9	1
5434956	5457938	1303.5	1
5457938	5470862	1303.5	1
5470862	5477540	1302.3	1
5477540	5490746	1302.1	1
5490746	5503963	1302.1	1
5503963	5518742	1302.3	1
5518742	5537085	1302.3	1
5537085	5550088	1302.7	1
5550088	5563476	1303.9	1
5563476	5574130	1302.3	1
5574130	5589895	1302.3	1
5589895	5603071	1302.1	1
5603071	5614440	1303.7	1
5614440	5634029	1302.9	1
5634029	5642444	1302.3	1
5642444	5660954	1302.9	1
5660954	5670304	1302.1	1
5670304	5682751	1301.9	1
5682751	5695849	1302.5	1
5695849	5709173	1302.5	1
5709173	5728252	1302.3	1
5728252	5745281	1305.3	1
5745281	5754037	1302.9	1
5754037	5769642	1302.3	1
5769642	5776570	1303.9	1
5776570	5800474	1302.5	1
5800474	5807025	1303.5	1
5807025	5826889	1304.7	1
5826889	5833568	1302.1	1
5833568	5852929	1301.7	1
5852929	5870521	1303.1	1
5870521	5879538	1302.1	1
5879538	5893248	1301.1	1
5893248	5912842	1301.5	1
5912842	5917905	1302.3	1
5917905	5933719	1302.7	1
5933719	5945934	1302.1	1
5945934	5959978	1301.5	1
5959978	5979116	1301.9	1
5979116	5986954	1301.3	1
5986954	6005026	1303.1	1
6005026	6015576	1302.5	1
6015576	6032832	1301.9	1
6032832	6044397	1302.9	1
6044397	6055537	1302.5	1
6055537	6071886	1303.1	1
6071886	6084832	1302.7	1
6084832	6102727	1303.1	1
6102727	6111116	1303.1	1
6111116	6124281	1301.7	1
6124281	6143060	1301.5	1
6143060	6154522	1302.9	1
6154522	6168784	1302.3	1
6168784	6178031	1303.1	1
6178031	6197492	1302.9	1
6197492	6213890	1302.5	1
6213890	6224401	1301.9	1
6224401	6237545	1301.7	1
6237545	6256234	1301.9	1
6256234	6262821	1302.3	1
6262821	6282077	1302.1	1
6282077	6293085	1301.5	1
6293085	6307915	1302.3	1
6307915	6327314	1301.9	1
6327314	6337643	1302.5	1
6337643	6355215	1301.7	1
6355215	6361936	1302.3	1
6361936	6375110	1302.7	1
6375110	6388231	1302.1	1
6388231	6402826	1302.3	1
6402826	6421030	1302.5	1
6421030	6435867	1302.3	1
6435867	6442786	1302.1	1
6442786	6456050	1302.3	1
6456050	6468780	1301.9	1
6468780	6488853	1303.1	1
6488853	6507552	1302.1	1
6507552	6520212	1303.5	1
6520212	6527109	1302.3	1
6527109	6544444	1301.9	1
6544444	6560336	1302.1	1
6560336	6573433	1302.7	1
6573433	6582071	1303.5	1
6582071	6594198	1303.1	1
6594198	6607608	1321.8	1
6607608	6624887	1301.9	1
6624887	6640960	1302.3	1
6640960	6649626	1303.5	1
6649626	6664043	1302.5	1
6664043	6679455	1301.9	1
6679455	6697432	1301.9	1
6697432	6710745	1302.7	1
6710745	6717291	1302.5	1
6717291	6730498	1302.7	1
6730498	6743892	1305.7	1
6743892	6764688	1302.3	1
6764688	6773253	1303.3	1
6773253	6790604	1302.9	1
6790604	6798109	1304.5	1
6798109	6810852	1302.9	1
6810852	6835934	1301.9	1
6835934	6849168	1303.7	1
6849168	6859858	1303.3	1
6859858	6869102	1302.3	1
6869102	6882240	1302.5	1
6882240	6899120	1303.1	1
6899120	6909946	1303.9	1
6909946	6923097	1306.7	1
6923097	6936521	1303.5	1
6936521	6948382	1302.5	1
6948382	6969294	1303.1	1
6969294	6978526	1302.7	1
6978526	6996579	1303.1	1
6996579	7005335	1302.5	1
7005335	7023553	1302.7	1
7023553	7046832	1337.5	1
7046832	7053192	1329.8	1
7053192	7066052	1328.4	1
7066052	7082308	1324.8	1
7082308	7095776	1321.0	1
7095776	7110665	1318.4	1
7110665	7119319	1315.4	1
7119319	7137863	1312.8	1
7137863	7150502	1312.0	1
7150502	7158291	1311.2	1
7158291	7176632	1315.8	1
7176632	7187380	1306.5	1
7187380	7204228	1308.3	1
7204228	7217429	1307.7	1
7217429	7227579	1307.7	1
7227579	7248073	1304.9	1
7248073	7255604	1306.7	1
7255604	7275425	1304.9	1
7275425	7288574	1305.3	1
7288574	7295089	1303.7	1
7295089	7312463	1303.7	1
7312463	7325140	1303.3	1
7325140	7339794	1303.9	1
7339794	7354381	1303.7	1
7354381	7367189	1302.9	1
7367189	7381482	1304.9	1
7381482	7393360	1303.1	1
7393360	7406501	1303.7	1
7406501	7419681	1304.3	1
7419681	7433103	1302.1	1
7433103	7452972	1302.7	1
7452972	7461183	1301.7	1
7461183	7472238	1302.1	1
7472238	7492092	1302.3	1
7492092	7498735	1302.3	1
7498735	7518268	1302.1	1
7518268	7530932	1302.1	1
7530932	7550666	1302.5	1
7550666	7553915	1302.3	1
7553915	7571818	1301.9	1
7571818	7591577	1302.9	1
7591577	7605008	1302.3	1
7605008	7614533	1303.1	1
7614533	7626635	1303.1	1
7626635	7659651	1305.3	1
7659651	7664249	1302.9	1
7664249	7677527	1314.0	1
7677527	7696343	1302.5	1
7696343	7705492	1301.9	1
7705492	7722413	1302.1	1
7722413	7740066	1301.9	1
7740066	7748959	1303.5	1
7748959	7761650	1301.9	1
7761650	7775025	1302.1	1
7775025	7795202	1302.3	1
7795202	7802756	1301.9	1
7802756	7821526	1301.7	1
7821526	7834618	1303.1	1
7834618	7841094	1302.1	1
7841094	7859918	1301.7	1
7859918	7870769	1301.9	1
7870769	7886412	1301.9	1
7886412	7900749	1302.7	1
7900749	7911446	1303.1	1
7911446	7928923	1302.9	1
7928923	7946767	1302.7	1
7946767	7953489	1302.3	1
7953489	7966524	1301.9	1
7966524	7979906	1302.5	1
7979906	7996702	1302.3	1
7996702	8007140	1301.9	1
8007140	8026312	1302.1	1
8026312	8039796	1302.7	1
8039796	8055376	1302.1	1
8055376	8069259	1304.1	1
8069259	8079521	1302.3	1
8079521	8093513	1303.1	1
8093513	8105969	1302.3	1
8105969	8119163	1302.3	1
8119163	8138519	1301.7	1
8138519	8148479	1302.7	1
8148479	8161017	1304.5	1
8161017	8175127	1302.3	1
8175127	8188586	1302.1	1
8188586	8211824	1302.3	1
8211824	8218464	1302.1	1
8218464	8235018	1301.5	1
8235018	8244291	1302.9	1
8244291	8257563	1301.7	1
8257563	8276301	1301.9	1
8276301	8287130	1301.3	1
8287130	8301439	1301.3	1
8301439	8311658	1301.7	1
8311658	8322894	1301.7	1
8322894	8341917	1302.9	1
8341917	8353789	1304.1	1
8353789	8371533	1302.5	1
8371533	8384252	1302.3	1
8384252	8392042	1304.7	1
8392042	8409231	1302.5	1
8409231	8421600	1302.5	1
8421600	8442027	1305.5	1
8442027	8448701	1303.1	1
8448701	8461472	1303.1	1
8461472	8483753	1302.7	1
8483753	8494357	1303.5	1
8494357	8506496	1302.3	1
8506496	8517331	1304.1	1
8517331	8530236	1303.7	1
8530236	8555131	1301.3	1
8555131	8561764	1301.3	1
8561764	8575105	1302.9	1
8575105	8587824	1303.9	1
8587824	8605324	1301.7	1
8605324	8620102	1301.9	1
8620102	8638661	1301.3	1
8638661	8646737	1301.9	1
8646737	8664263	1302.1	1
8664263	8672360	1301.7	1
8672360	8687213	1304.0	1
8687213	8706302	1301.9	1
8706302	8717233	1302.3	1
8717233	8732614	1303.9	1
8732614	8744738	1300.1	1
8744738	8758930	1300.5	1
8758930	8770633	1301.7	1
8770633	8783546	1303.1	1
8783546	8797776	1302.7	1
8797776	8823832	1302.3	1
8823832	8840516	1302.1	1
8840516	8850264	1305.5	1
8850264	8862041	1314.6	1
8862041	8876381	1301.3	1
8876381	8893359	1301.5	1
8893359	8906097	1302.1	1
8906097	8916639	1301.9	1
8916639	8929325	1301.3	1
8929325	8942493	1301.7	1
8942493	8965610	1301.3	1
8965610	8974059	1301.7	1
8974059	8987864	1301.3	1
8987864	8997889	1301.1	1
8997889	9011548	1301.5	1
9011548	9034153	1301.1	1
9034153	9041223	1301.5	1
9041223	9054426	1301.9	1
9054426	9067465	1302.3	1
9067465	9079154	1301.1	1
9079154	9097289	1301.3	1
9097289	9115491	1302.3	1
9115491	9128545	1306.7	1
9128545	9140247	1301.9	1
9140247	9146363	1301.7	1
9146363	9166275	1302.3	1
9166275	9176770	1301.5	1
9176770	9196810	1301.5	1
9196810	9204033	1301.5	1
9204033	9223982	1302.1	1
9223982	9236801	1302.3	1
9236801	9249655	1301.5	1
9249655	9263424	1305.7	1
9263424	9277088	1301.3	1
9277088	9302880	1301.1	1
9302880	9317759	1301.1	1
9317759	9330691	1302.7	1
9330691	9339232	1301.3	1
9339232	9352351	1302.5	1
9352351	9370274	1302.7	1
9370274	9390240	1302.9	1
9390240	9396713	1303.1	1
9396713	9409983	1300.7	1
9409983	9425982	1300.5	1
9425982	9442985	1302.1	1
9442985	9453938	1301.7	1
9453938	9473260	1300.7	1
9473260	9480239	1300.9	1
9480239	9511943	1300.7	1
9511943	9519347	1301.1	1
9519347	9534285	1301.7	1
9534285	9545608	1301.5	1
9545608	9560708	1300.5	1
9560708	9580472	1301.1	1
9580472	9586428	1302.1	1
9586428	9603039	1300.9	1
9603039	9612605	1301.5	1
9612605	9625365	1302.3	1
9625365	9640255	1301.7	1
9640255	9652238	1332.2	1
9652238	9658251	1326.2	1
9658251	9677308	1321.0	1
9677308	9685544	1318.6	1
9685544	9704323	1316.4	1
9704323	9711726	1312.6	1
9711726	9724705	1311.6	1
9724705	9739875	1310.2	1
9739875	9753869	1310.1	1
9753869	9769931	1308.5	1
9769931	9781981	1307.3	1
9781981	9798770	1304.7	1
9798770	9807548	1305.1	1
9807548	9820727	1304.5	1
9820727	9838512	1303.5	1
9838512	9866614	1303.7	1
9866614	9880407	1302.9	1
9880407	9895268	1302.5	1
9895268	9909700	1301.5	1
9909700	9926021	1302.7	1
9926021	9933538	1302.1	1
9933538	9952288	1302.1	1
9952288	9961036	1301.5	1
9961036	9977211	1301.1	1
9977211	9989247	1301.5	1
9989247	10007115	1299.9	1
10007115	10020274	1301.1	1
10020274	10029153	1301.1	1
10029153	10052729	1332.4	1
10052729	10064766	1338.3	1
10064766	10091828	1332.2	1
10091828	10102945	1324.4	1
10102945	10109314	1321.2	1
10109314	10122187	1318.8	1
10122187	10134878	1316.4	1
10134878	10151613	1314.4	1
10151613	10168610	1306.5	1
10168610	10175911	1309.6	1
10175911	10186923	1309.0	1
10186923	10207731	1307.7	1
10207731	10221597	1338.5	1
10221597	10237559	1304.7	1
10237559	10245599	1304.1	1
10245599	10265290	1304.1	1
10265290	10271904	1302.9	1
10271904	10293520	1302.7	1
10293520	10300197	1303.1	1
10300197	10313459	1302.9	1
10313459	10325778	1302.9	1
10325778	10342247	1301.7	1
10342247	10357404	1308.7	1
10357404	10370365	1302.3	1
10370365	10389589	1302.1	1
10389589	10394070	1301.7	1
10394070	10409869	1301.5	1
10409869	10430918	1301.9	1
10430918	10436400	1300.9	1
10436400	10449600	1301.1	1
10449600	10462712	1301.7	1
10462712	10482741	1301.1	1
10482741	10502029	1301.3	1
10502029	10510885	1302.3	1
10510885	10521632	1300.9	1
10521632	10534625	1300.7	1
10534625	10563919	1300.9	1
10563919	10573967	1301.1	1
10573967	10587588	1300.9	1
10587588	10599656	1300.7	1
10599656	10619104	1300.7	1
10619104	10635319	1301.1	1
10635319	10646694	1301.5	1
10646694	10661637	1300.9	1
10661637	10671069	1301.1	1
10671069	10684530	1301.1	1
10684530	10699424	1300.9	1
10699424	10712118	1301.5	1
10712118	10730371	1300.9	1
10730371	10738739	1301.1	1
10738739	10751983	1300.7	1
10751983	10766382	1300.5	1
10766382	10784765	1301.5	1
10784765	10797589	1301.1	1
10797589	10811836	1301.9	1
10811836	10817949	1300.3	1
10817949	10837409	1300.3	1
10837409	10850470	1300.3	1
10850470	10861335	1300.1	1
10861335	10874640	1300.9	1
10874640	10887768	1301.1	1
10887768	10902820	1301.9	1
10902820	10921858	1301.5	1
10921858	10927733	1301.5	1
10927733	10942326	1301.3	1
10942326	10955359	1300.9	1
10955359	10972335	1301.1	1
10972335	10988415	1299.9	1
10988415	10995843	1300.7	1
10995843	11008524	1301.3	1
11008524	11022799	1301.9	1
11022799	11046791	1300.5	1
11046791	11051451	1301.3	1
11051451	11066409	1301.7	1
11066409	11081036	1301.1	1
11081036	11091993	1301.7	1
11091993	11109874	1301.1	1
11109874	11119985	1301.7	1
11119985	11133011	1302.3	1
11133011	11146145	1302.3	1
11146145	11159397	1301.9	1
11159397	11178398	1301.1	1
11178398	11191961	1301.3	1
11191961	11200893	1303.5	1
11200893	11219066	1301.3	1
11219066	11229122	1301.3	1
11229122	11244186	1300.3	1
11244186	11263125	1302.1	1
11263125	11269326	1301.7	1
11269326	11280756	1301.5	1
11280756	11292916	1301.7	1
11292916	11315262	1301.5	1
11315262	11324131	1301.9	1
11324131	11334636	1301.9	1
11334636	11347446	1303.9	1
11347446	11361189	1302.3	1
11361189	11379626	1302.1	1
11379626	11392033	1301.5	1
11392033	11405792	1303.3	1
11405792	11416749	1303.5	1
11416749	11433145	1304.7	1
11433145	11454288	1301.7	1
11454288	11463863	1302.7	1
11463863	11476855	1302.7	1
11476855	11486719	1301.5	1
11486719	11521206	1301.5	1
11521206	11527957	1301.3	1
11527957	11541544	1301.7	1
11541544	11555308	1301.1	1
11555308	11569340	1300.5	1
11569340	11585378	1300.1	1
11585378	11602369	1299.9	1
11602369	11616283	1299.5	1
11616283	11629173	1300.1	1
11629173	11637889	1300.5	1
11637889	11654459	1301.3	1
11654459	11667901	1301.5	1
11667901	11677399	1301.3	1
11677399	11690752	1301.3	1
11690752	11709324	1301.7	1
11709324	11722211	1301.7	1
11722211	11735224	1300.9	1
11735224	11746495	1301.1	1
11746495	11759272	1301.5	1
11759272	11775281	1301.5	1
11775281	11797765	1300.9	1
11797765	11807178	1300.7	1
11807178	11813936	1301.5	1
11813936	11833293	1301.9	1
11833293	11845473	1301.7	1
11845473	11859312	1302.9	1
11859312	11869880	1301.5	1
11869880	11882311	1301.5	1
11882311	11895796	1301.3	1
11895796	11911030	1299.9	1
11911030	11926652	1299.1	1
11926652	11938898	1302.3	1
11938898	11951961	1301.7	1
11951961	11964625	1301.9	1
11964625	11996794	1301.5	1
11996794	12003283	1300.9	1
12003283	12016627	1302.3	1
12016627	12030062	1301.7	1
12030062	12043531	1301.5	1
12043531	12061884	1301.1	1
12061884	12072274	1301.9	1
12072274	12089072	1302.5	1
12089072	12100903	1301.9	1
12100903	12113866	1302.1	1
12113866	12128900	1301.7	1
12128900	12144104	1301.5	1
12144104	12153142	1301.1	1
12153142	12166188	1302.5	1
12166188	12185844	1301.3	1
12185844	12202702	1301.5	1
12202702	12212034	1301.7	1
12212034	12230591	1301.7	1
12230591	12237839	1301.7	1
12237839	12253291	1300.9	1
12253291	12267314	1300.9	1
12267314	12283174	1301.3	1
12283174	12290974	1301.7	1
12290974	12303574	1302.3	1
12303574	12315691	1301.1	1
12315691	12334625	1302.5	1
12334625	12349039	1301.3	1
12349039	12358723	1300.7	1
12358723	12372110	1301.7	1
12372110	12388049	1302.7	1
12388049	12404126	1301.9	1
12404126	12414377	1301.9	1
12414377	12429882	1301.5	1
12429882	12442709	1301.5	1
12442709	12451931	1302.3	1
12451931	12477203	1301.9	1
12477203	12483669	1304.9	1
12483669	12496549	1302.1	1
12496549	12509624	1301.5	1
12509624	12521678	1301.5	1
12521678	12538623	1302.1	1
12538623	12554728	1301.9	1
12554728	12567878	1301.3	1
12567878	12580699	1302.3	1
12580699	12589180	1302.1	1
12589180	12605492	1302.5	1
12605492	12616545	1302.1	1
12616545	12634257	1302.3	1
12634257	12649032	1302.1	1
12649032	12660073	1301.3	1
12660073	12675621	1301.7	1
12675621	12692084	1302.3	1
12692084	12706077	1302.3	1
12706077	12713852	1302.3	1
12713852	12743425	1302.9	1
12743425	12756933	1301.9	1
12756933	12769795	1301.9	1
12769795	12776275	1301.5	1
12776275	12789313	1301.1	1
12789313	12815354	1302.9	1
12815354	12820155	1301.7	1
12820155	12831823	1301.7	1
12831823	12846344	1301.5	1
12846344	12858208	1301.9	1
12858208	12869130	1302.7	1
12869130	12880776	1303.5	1
12880776	12893685	1303.9	1
12893685	12925491	1303.3	1
12925491	12938715	1302.9	1
12938715	12951740	1303.1	1
12951740	12962331	1303.1	1
12962331	12978808	1302.3	1
12978808	12991234	1302.1	1
12991234	13006955	1302.1	1
13006955	13022906	1303.1	1
13022906	13032715	1301.9	1
13032715	13050514	1302.5	1
13050514	13071233	1301.9	1
13071233	13083406	1300.5	1
13083406	13096497	1300.5	1
13096497	13111130	1302.1	1
13111130	13122567	1301.9	1
13122567	13147566	1300.9	1
13147566	13151116	1300.9	1
13151116	13166712	1301.7	1
13166712	13178290	1301.3	1
13178290	13197693	1300.5	1
13197693	13211603	1300.9	1
13211603	13223874	1301.1	1
13223874	13237152	1301.5	1
13237152	13249790	1302.5	1
13249790	13262845	1301.9	1
13262845	13282353	1300.7	1
13282353	13298347	1301.5	1
13298347	13311016	1300.7	1
13311016	13324209	1299.7	1
13324209	13333522	1300.7	1
13333522	13356500	1299.3	1
13356500	13361884	1300.7	1
13361884	13373035	1301.3	1
13373035	13386214	1300.9	1
13386214	13406072	1300.7	1
13406072	13419280	1301.1	1
13419280	13432279	1300.9	1
13432279	13443427	1300.9	1
13443427	13459751	1300.7	1
13459751	13469179	1300.9	1
13469179	13484998	1302.7	1
13484998	13498115	1300.9	1
13498115	13517767	1300.1	1
13517767	13524450	1300.7	1
13524450	13544395	1300.7	1
13544395	13557707	1301.5	1
13557707	13570776	1299.9	1
13570776	13587846	1300.5	1
13587846	13597158	1300.1	1
13597158	13623445	1300.5	1
13623445	13640206	1296.9	1
13640206	13649821	1298.5	1
13649821	13662394	1302.3	1
13662394	13679982	1300.3	1
13679982	13695462	1299.9	1
13695462	13709038	1299.9	1
13709038	13720819	1299.7	1
13720819	13736714	1300.9	1
13736714	13762647	1300.3	1
13762647	13776121	1300.9	1
13776121	13784593	1300.5	1
13784593	13800289	1300.5	1
13800289	13811176	1300.7	1
13811176	13826984	1300.7	1
13826984	13839207	1300.9	1
13839207	13858108	1301.1	1
13858108	13864551	1301.1	1
13864551	13877195	1301.9	1
13877195	13895152	1301.3	1
13895152	13904346	1301.7	1
13904346	13916812	1302.1	1
13916812	13931114	1302.1	1
13931114	13945869	1301.3	1
13945869	13960876	1302.5	1
13960876	13973737	1301.5	1
13973737	13991081	1301.5	1
13991081	13999626	1301.3	1
13999626	14012538	1301.5	1
14012538	14025473	1302.1	1
14025473	14036893	1301.5	1
14036893	14051424	1301.7	1
14051424	14063245	1301.9	1
14063245	14076263	1301.7	1
14076263	14096434	1301.9	1
14096434	14107250	1301.1	1
14107250	14123427	1301.3	1
14123427	14133525	1301.7	1
14133525	14144062	1301.9	1
14144062	14160771	1303.3	1
14160771	14178021	1301.9	1
14178021	14182974	1301.7	1
14182974	14205710	1301.7	1
14205710	14211962	1301.5	1
14211962	14228946	1301.3	1
14228946	14245653	1301.5	1
14245653	14257065	1301.1	1
14257065	14270503	1301.7	1
14270503	14278776	1300.5	1
14278776	14301737	1301.5	1
14301737	14314862	1300.9	1
14314862	14322256	1300.3	1
14322256	14336073	1300.5	1
14336073	14349019	1299.3	1
14349019	14370240	1300.3	1
14370240	14380239	1300.7	1
14380239	14397397	1300.5	1
14397397	14410765	1299.9	1
14410765	14418726	1300.7	1
14418726	14437455	1300.7	1
14437455	14449234	1300.5	1
14449234	14464821	1300.5	1
14464821	14473135	1300.5	1
14473135	14488100	1300.5	1
14488100	14505752	1300.1	1
14505752	14516897	1300.7	1
14516897	14534689	1300.7	1
14534689	14547906	1300.3	1
14547906	14556812	1301.1	1
14556812	14576842	1300.5	1
14576842	14584801	1300.5	1
14584801	14601002	1300.1	1
14601002	14610747	1301.1	1
14610747	14626073	1300.7	1
14626073	14643520	1300.5	1
14643520	14655526	1299.9	1
14655526	14670202	1300.3	1
14670202	14683302	1300.3	1
14683302	14696830	1300.3	1
14696830	14713878	1300.1	1
14713878	14723530	1300.7	1
14723530	14743518	1299.5	1
14743518	14750100	1299.9	1
14750100	14770000	1300.3	1
14770000	14782541	1300.5	1
14782541	14795045	1300.3	1
14795045	14806500	1300.5	1
14806500	14822791	1301.3	1
14822791	14832639	1301.1	1
14832639	14854688	1300.3	1
14854688	14860750	1300.9	1
14860750	14879300	1301.1	1
14879300	14886915	1300.3	1
14886915	14904333	1300.3	1
14904333	14923563	1300.5	1
14923563	14932679	1302.3	1
14932679	14945776	1302.5	1
14945776	14963139	1301.3	1
14963139	14986035	1301.1	1
14986035	14996691	1301.5	1
14996691	15009521	1302.7	1
15009521	15021821	1300.5	1
15021821	15041115	1301.7	1
15041115	15058540	1301.3	1
15058540	15069759	1301.1	1
15069759	15080669	1300.7	1
15080669	15094156	1300.7	1
15094156	15121210	1301.3	1
15121210	15136569	1301.1	1
15136569	15144653	1301.3	1
15144653	15157431	1300.7	1
15157431	15172230	1301.3	1
15172230	15188033	1301.1	1
15188033	15207815	1300.7	1
15207815	15219378	1301.1	1
15219378	15227422	1301.1	1
15227422	15240495	1301.5	1
15240495	15256048	1301.5	1
15256048	15268453	1300.5	1
15268453	15280976	1300.9	1
15280976	15299643	1300.3	1
15299643	15307737	1301.5	1
15307737	15325285	1300.5	1
15325285	15343392	1301.7	1
15343392	15350311	1300.7	1
15350311	15365419	1301.1	1
15365419	15383089	1296.7	1
15383089	15398389	1297.3	1
15398389	15409430	1300.3	1
15409430	15422580	1301.1	1
15422580	15435263	1301.5	1
15435263	15463500	1300.5	1
15463500	15473291	1301.1	1
15473291	15485801	1300.9	1
15485801	15498890	1300.3	1
15498890	15511679	1300.5	1
15511679	15535627	1301.1	1
15535627	15548755	1300.5	1
15548755	15555277	1300.7	1
15555277	15568333	1300.5	1
15568333	15585723	1301.3	1
15585723	15599252	1300.5	1
15599252	15608581	1301.3	1
15608581	15622147	1300.7	1
15622147	15636705	1301.1	1
15636705	15646858	1300.1	1
15646858	15666245	1300.9	1
15666245	15679419	1299.9	1
15679419	15690625	1300.3	1
15690625	15704982	1300.1	1
15704982	15715978	1300.1	1
15715978	15738580	1299.5	1
15738580	15745224	1299.9	1
15745224	15758492	1299.9	1
15758492	15771471	1300.1	1
15771471	15784628	1300.9	1
15784628	15802188	1300.5	1
15802188	15811918	1300.3	1
15811918	15824601	1300.7	1
15824601	15839905	1300.5	1
15839905	15852131	1300.7	1
15852131	15875565	1299.9	1
15875565	15883131	1300.3	1
15883131	15898982	1301.5	1
15898982	15908502	1300.9	1
15908502	15921524	1300.7	1
15921524	15936045	1300.5	1
15936045	15954790	1299.9	1
15954790	15968075	1302.3	1
15968075	15975034	1301.3	1
15975034	15994290	1301.5	1
15994290	16007555	1300.1	1
16007555	16020646	1300.5	1
16020646	16034954	1299.9	1
16034954	16045789	1299.5	1
16045789	16059954	1300.5	1
16059954	16079577	1300.5	1
16079577	16088967	1300.5	1
16088967	16102405	1300.3	1
16102405	16115190	1300.3	1
16115190	16145999	1300.9	1
16145999	16153007	1300.7	1
16153007	16166525	1301.1	1
16166525	16179841	1300.1	1
16179841	16192529	1300.5	1
16192529	16211220	1300.1	1
16211220	16227314	1302.9	1
16227314	16237199	1300.9	1
16237199	16253826	1305.9	1
16253826	16263213	1300.9	1
16263213	16286870	1300.7	1
16286870	16296720	1301.1	1
16296720	16303274	1300.7	1
16303274	16315959	1301.5	1
16315959	16329912	1300.7	1
16329912	16348812	1301.3	1
16348812	16364750	1301.1	1
16364750	16374654	1300.3	1
16374654	16385047	1301.1	1
16385047	16398641	1300.7	1
16398641	16415252	1301.3	1
16415252	16428110	1300.3	1
16428110	16447260	1300.3	1
16447260	16454547	1300.3	1
16454547	16467809	1300.3	1
16467809	16484497	1300.3	1
16484497	16500468	1300.1	1
16500468	16513469	1300.5	1
16513469	16527886	1342.7	1
16527886	16540129	1336.5	1
16540129	16551678	1329.4	1
16551678	16564624	1326.2	1
16564624	16577653	1321.8	1
16577653	16590332	1319.6	1
16590332	16609828	1316.8	1
16609828	16616170	1313.6	1
16616170	16629349	1313.2	1
16629349	16642009	1311.0	1
16642009	16661122	1309.6	1
16661122	16675959	1309.2	1
16675959	16687084	1305.7	1
16687084	16698859	1305.5	1
16698859	16711699	1304.9	1
16711699	16724568	1304.5	1
16724568	16740116	1304.9	1
16740116	16751952	1304.7	1
16751952	16765118	1317.4	1
16765118	16778292	1302.7	1
16778292	16791501	1302.9	1
16791501	16809686	1303.1	1
16809686	16826636	1301.5	1
16826636	16838584	1302.7	1
16838584	16850472	1302.7	1
16850472	16863109	1301.5	1
16863109	16879159	1301.7	1
16879159	16891092	1301.7	1
16891092	16910647	1299.9	1
16910647	16922806	1299.7	1
16922806	16942690	1302.5	1
16942690	16955192	1301.7	1
16955192	16968428	1305.9	1
16968428	16981612	1301.7	1
16981612	16995186	1301.5	1
16995186	17016796	1301.3	1
17016796	17024156	1301.3	1
17024156	17041474	1301.5	1
17041474	17050401	1301.1	1
17050401	17064764	1301.5	1
17064764	17090113	1301.3	1
17090113	17096441	1340.5	1
17096441	17109207	1336.1	1
17109207	17132181	1331.2	1
17132181	17142700	1326.0	1
17142700	17151644	1321.8	1
17151644	17167921	1319.6	1
17167921	17177889	1316.8	1
17177889	17194623	1314.6	1
17194623	17206017	1311.4	1
17206017	17218957	1311.4	1
17218957	17231925	1310.0	1
17231925	17244938	1307.3	1
17244938	17264023	1306.7	1
17264023	17274915	1305.5	1
17274915	17283501	1304.7	1
17283501	17302861	1304.5	1
17302861	17309426	1304.3	1
17309426	17329259	1303.9	1
17329259	17345020	1302.5	1
17345020	17357998	1303.9	1
17357998	17365424	1315.8	1
17365424	17381704	1303.5	1
17381704	17398396	1302.7	1
17398396	17407909	1302.7	1
17407909	17420995	1301.9	1
17420995	17434065	1301.9	1
17434065	17452872	1302.5	1
17452872	17466926	1301.7	1
17466926	17476418	1301.7	1
17476418	17493204	1302.3	1
17493204	17502878	1301.5	1
17502878	17516480	1301.7	1
17516480	17535529	1301.5	1
17535529	17545381	1301.1	1
17545381	17557935	1301.7	1
17557935	17570738	1301.3	1
17570738	17590343	1301.3	1
17590343	17604476	1301.5	1
17604476	17617159	1301.7	1
17617159	17629445	1300.7	1
17629445	17642901	1301.5	1
17642901	17669762	1302.1	1
17669762	17680197	1300.3	1
17680197	17704083	1300.7	1
17704083	17713238	1344.7	1
17713238	17731919	1338.7	1
17731919	17745438	1332.8	1
17745438	17758181	1327.4	1
17758181	17776823	1324.2	1
17776823	17783309	1325.8	1
17783309	17814023	1317.8	1
17814023	17822535	1311.4	1
17822535	17834675	1311.0	1
17834675	17848471	1309.8	1
17848471	17866155	1306.7	1
17866155	17882900	1305.1	1
17882900	17889983	1304.7	1
17889983	17906255	1303.7	1
17906255	17914767	1303.3	1
17914767	17931876	1303.3	1
17931876	17951660	1302.5	1
17951660	17958216	1302.1	1
17958216	17976435	1301.9	1
17976435	17984275	1301.3	1
17984275	17997339	1300.7	1
17997339	18020963	1299.9	1
18020963	18030099	1300.5	1
18030099	18037104	1300.1	1
18037104	18056508	1299.9	1
18056508	18063348	1299.9	1
18063348	18082789	1299.9	1
18082789	18101235	1300.1	1
18101235	18106960	1300.3	1
18106960	18121363	1299.7	1
18121363	18137584	1299.7	1
18137584	18154168	1300.3	1
18154168	18167751	1300.3	1
18167751	18174734	1300.1	1
18174734	18187500	1299.7	1
18187500	18200731	1300.7	1
18200731	18219928	1300.1	1
18219928	18232814	1299.5	1
18232814	18240835	1300.3	1
18240835	18254013	1301.1	1
18254013	18268974	1300.1	1
18268974	18285536	1300.3	1
18285536	18304566	1299.7	1
18304566	18317013	1298.5	1
18317013	18325176	1298.5	1
18325176	18338079	1300.1	1
18338079	18357544	1302.1	1
18357544	18364539	1300.3	1
18364539	18377580	1300.3	1
18377580	18390933	1299.9	1
18390933	18403819	1301.1	1
18403819	18423649	1299.5	1
18423649	18434600	1299.7	1
18434600	18452060	1300.5	1
18452060	18461890	1300.1	1
18461890	18494819	1300.5	1
18494819	18508882	1299.3	1
18508882	18520855	1300.1	1
18520855	18528588	1298.9	1
18528588	18541682	1300.5	1
18541682	18560101	1299.5	1
18560101	18570550	1299.7	1
18570550	18583496	1300.3	1
18583496	18599664	1300.7	1
18599664	18608340	1300.5	1
18608340	18626690	1300.5	1
18626690	18635501	1299.1	1
18635501	18651379	1334.8	1
18651379	18663892	1326.8	1
18663892	18676710	1319.8	1
18676710	18688002	1319.2	1
18688002	18702438	1316.4	1
18702438	18715455	1312.8	1
18715455	18731116	1311.2	1
18731116	18741425	1308.8	1
18741425	18760456	1306.9	1
18760456	18767538	1307.5	1
18767538	18784783	1305.5	1
18784783	18799879	1304.5	1
18799879	18818691	1304.7	1
18818691	18826094	1303.3	1
18826094	18837916	1302.3	1
18837916	18871018	1302.1	1
18871018	18878514	1301.5	1
18878514	18891172	1302.1	1
18891172	18904799	1301.7	1
18904799	18918474	1301.1	1
18918474	18935788	1300.9	1
18935788	18946626	1302.1	1
18946626	18957063	1302.3	1
18957063	18976788	1300.9	1
18976788	18983813	1300.7	1
18983813	19009832	1299.7	1
19009832	19015599	1300.1	1
19015599	19028846	1300.7	1
19028846	19039468	1299.9	1
19039468	19052726	1300.3	1
19052726	19072338	1300.9	1
19072338	19087442	1300.1	1
19087442	19096133	1300.1	1
19096133	19112850	1300.5	1
19112850	19126994	1300.5	1
19126994	19146993	1299.9	1
19146993	19154459	1300.5	1
19154459	19163582	1301.7	1
19163582	19177409	1301.3	1
19177409	19189115	1301.1	1
19189115	19213883	1300.3	1
19213883	19223190	1302.1	1
19223190	19233101	1300.7	1
19233101	19249117	1299.7	1
19249117	19258840	1300.1	1
19258840	19279059	1300.3	1
19279059	99999999	1301.1	1
