#Processing Run 48100 for polarization tables
#The run table thinks this was a DSWAPL2 run
#Corresponding AMO file is :/home/clasg8/rootbeer2.1/dat/pol/amo_tesc_48097.dat
#Coherent Edge positions for TESC events follow:
#Event	Coh Edge	PolPlane(PARA=0,PERP=1,AMO=2,CHANGING=3)
0	x	1918.2	0
8141	11341	1903.0	0
11341	33477	1901.4	0
33477	40468	1914.2	0
40468	58786	1915.8	0
58786	71657	1910.0	0
71657	83151	1916.8	0
83151	94984	1901.0	0
94984	110034	1911.6	0
110034	122677	1916.0	0
122677	136725	1918.4	0
136725	148617	1908.4	0
148617	160678	1914.8	0
160678	173251	1907.4	0
173251	185966	1897.4	0
185966	198324	1918.2	0
198324	211409	1917.6	0
211409	230496	1916.6	0
230496	243485	1920.0	0
243485	255718	1899.6	0
255718	263132	1911.4	0
263132	282673	1918.2	0
282673	299629	1930.5	0
299629	305324	1932.3	0
305324	318255	1920.8	0
318255	330071	1922.8	0
330071	342048	1908.0	0
342048	360261	1920.2	0
360261	372232	1916.6	0
372232	384746	1919.6	0
384746	390919	1919.4	0
390919	408138	1924.8	0
408138	411185	-1.0	0
411185	423982	-1.0	0
423982	437741	-1.0	0
437741	453379	1908.4	0
453379	463657	1903.4	0
463657	481534	1912.6	0
481534	488418	1912.4	0
488418	665560	1919.4	0
665560	679079	1910.4	1
679079	684773	1911.9	1
684773	696896	1912.3	1
696896	708751	1912.5	1
708751	725498	1910.0	1
725498	737837	1909.0	1
737837	749972	1909.0	1
749972	762505	1909.4	1
762505	774612	1909.0	1
774612	786981	1908.8	1
786981	808891	1912.3	1
808891	818053	1908.4	1
818053	835943	1908.8	1
835943	842374	1908.2	1
842374	857882	1909.2	1
857882	872750	1908.6	1
872750	878517	1908.8	1
878517	889625	1907.8	1
889625	905240	1908.4	1
905240	918120	1909.2	1
918120	932895	1909.4	1
932895	935881	1908.4	1
935881	948391	1912.5	1
948391	964589	1912.1	1
964589	973136	1911.7	1
973136	993402	1908.8	1
993402	1006993	1907.2	1
1006993	1015453	1906.0	1
1015453	1028015	1906.4	1
1028015	1043044	1908.2	1
1043044	1061302	1907.2	1
1061302	1067393	1907.0	1
1067393	1078869	1907.2	1
1078869	1097144	1906.8	1
1097144	1109417	1911.9	1
1109417	1118953	1912.7	1
1118953	1129145	1907.8	1
1129145	1145764	1909.0	1
1145764	1154355	1909.0	1
1154355	1165935	1908.2	1
1165935	1186780	1908.8	1
1186780	1192805	1909.4	1
1192805	1204884	1908.6	1
1204884	1220491	1908.6	1
1220491	1232152	1908.4	1
1232152	1250460	1911.1	1
1250460	1256412	1910.0	1
1256412	1273446	1909.2	1
1273446	1280489	1909.8	1
1280489	1292776	1909.2	1
1292776	1314063	1909.6	1
1314063	1320297	1909.4	1
1320297	1336149	1908.2	1
1336149	1348220	1911.7	1
1348220	1356575	1909.8	1
1356575	1372249	1908.8	1
1372249	1385641	1908.4	1
1385641	1396561	1908.8	1
1396561	1408703	1912.3	1
1408703	1420599	1912.3	1
1420599	1439648	1909.0	1
1439648	1451945	1908.6	1
1451945	1464044	1909.2	1
1464044	1474883	1911.2	1
1474883	1482476	1911.5	1
1482476	1498728	1910.4	1
1498728	1508813	1910.0	1
1508813	1525057	1913.1	1
1525057	1533538	1912.9	1
1533538	1545793	1912.9	1
1545793	1568090	1911.9	1
1568090	1574101	1912.9	1
1574101	1591117	1912.1	1
1591117	1599157	1912.3	1
1599157	1616527	1911.3	1
1616527	1633931	1909.2	1
1633931	1642340	1912.3	1
1642340	1655823	1912.1	1
1655823	1666226	1912.3	1
1666226	1680393	1912.1	1
1680393	1692173	1912.9	1
1692173	1706909	1909.2	1
1706909	1718721	1907.4	1
1718721	1727717	1906.8	1
1727717	1740051	1909.4	1
1740051	1755279	1909.0	1
1755279	1769762	1910.0	1
1769762	1783779	1909.0	1
1783779	1792286	1911.5	1
1792286	1808297	1909.6	1
1808297	1822690	1912.5	1
1822690	1829093	1912.9	1
1829093	1837967	1935.3	1
1837967	1855035	1910.2	1
1855035	1862360	1896.4	1
1862360	1874757	1926.5	1
1874757	1889578	1922.7	1
1889578	1899186	1921.1	1
1899186	1917687	1920.3	1
1917687	1933122	1919.7	1
1933122	1938038	1917.1	1
1938038	1955411	1917.1	1
1955411	1968114	1918.7	1
1968114	1975715	1918.3	1
1975715	1992837	1915.7	1
1992837	2007040	1914.3	1
2007040	2021896	1914.5	1
2021896	2033705	1913.9	1
2033705	2039882	1914.1	1
2039882	2058112	1909.4	1
2058112	2071399	1910.8	1
2071399	2089462	1911.2	1
2089462	2091962	1912.9	1
2091962	2104712	1912.9	1
2104712	2116637	1912.1	1
2116637	2133694	1912.7	1
2133694	2149291	1912.7	1
2149291	2163143	1909.2	1
2163143	2170802	1909.6	1
2170802	2187163	1908.2	1
2187163	2195715	1909.8	1
2195715	2212407	1909.2	1
2212407	2221475	1913.1	1
2221475	2240647	1912.1	1
2240647	2246862	1911.1	1
2246862	2272855	1911.7	1
2272855	2289017	1932.2	1
2289017	2304179	1927.0	1
2304179	2310323	1925.5	1
2310323	2327977	1922.7	1
2327977	2340304	1921.7	1
2340304	2352654	1922.3	1
2352654	2365705	1920.9	1
2365705	2377961	1915.9	1
2377961	2386282	1915.9	1
2386282	2397715	1911.2	1
2397715	2415544	1913.5	1
2415544	2428144	1913.9	1
2428144	2444965	1912.9	1
2444965	2458394	1913.9	1
2458394	2464448	1912.9	1
2464448	2482847	1914.1	1
2482847	2489175	1913.1	1
2489175	2507321	1912.7	1
2507321	2520050	1911.0	1
2520050	2532262	1910.4	1
2532262	2544320	1912.7	1
2544320	2555048	1913.1	1
2555048	2571046	1913.5	1
2571046	2579974	1909.0	1
2579974	2594144	1912.9	1
2594144	2605956	1912.5	1
2605956	2622707	1912.7	1
2622707	2629736	1909.4	1
2629736	2642342	1912.3	1
2642342	2660460	1912.5	1
2660460	2675033	1912.3	1
2675033	2681139	1912.9	1
2681139	2693544	1912.9	1
2693544	2706501	1913.3	1
2706501	2722607	1912.5	1
2722607	2741660	1910.4	1
2741660	2752617	1912.1	1
2752617	2760144	1909.8	1
2760144	2771647	1912.1	1
2771647	2783814	1912.1	1
2783814	2804065	1912.1	1
2804065	2816144	1909.6	1
2816144	2822504	1909.8	1
2822504	2839665	1912.7	1
2839665	2846617	1910.8	1
2846617	2866885	1909.6	1
2866885	2875223	1911.5	1
2875223	2888394	1909.0	1
2888394	2901945	1910.9	1
2901945	2912921	1913.3	1
2912921	2933596	1912.3	1
2933596	2946288	1912.5	1
2946288	2958425	1912.7	1
2958425	2968776	1912.5	1
2968776	2975478	1910.6	1
2975478	2994549	1910.8	1
2994549	3007443	1912.7	1
3007443	3014840	1909.2	1
3014840	3027381	1910.2	1
3027381	3039877	1909.6	1
3039877	3063791	1912.5	1
3063791	3073437	1910.4	1
3073437	3086114	1913.9	1
3086114	3095034	1910.0	1
3095034	3107517	1910.6	1
3107517	3126117	1909.0	1
3126117	3133624	1908.8	1
3133624	3150807	1911.1	1
3150807	3164456	1908.6	1
3164456	3176378	1911.7	1
3176378	3189396	1912.5	1
3189396	3199254	1908.6	1
3199254	3209891	1909.2	1
3209891	3221650	1911.9	1
3221650	3233984	1909.6	1
3233984	3251376	1908.8	1
3251376	3263977	1910.2	1
3263977	3279475	1910.2	1
3279475	3287806	1911.2	1
3287806	3301905	1910.4	1
3301905	3318399	1909.8	1
3318399	3328678	1912.1	1
3328678	3337279	1908.8	1
3337279	3349547	1908.6	1
3349547	3368953	1908.6	1
3368953	3387991	1906.2	1
3387991	3396677	1904.6	1
3396677	3406547	1908.2	1
3406547	3418704	1909.4	1
3418704	3429649	1909.0	1
3429649	3445502	1909.2	1
3445502	3462246	1909.8	1
3462246	3468946	1908.4	1
3468946	3486475	1908.2	1
3486475	3500710	1909.0	1
3500710	3511867	1906.6	1
3511867	3540610	1908.2	1
3540610	3546484	1912.7	1
3546484	3563523	1912.1	1
3563523	3576158	1911.5	1
3576158	3588092	1909.6	1
3588092	3601109	1909.6	1
3601109	3613046	1908.8	1
3613046	3632713	1907.2	1
3632713	3640715	1907.6	1
3640715	3655652	1909.8	1
3655652	3664218	1909.8	1
3664218	3682596	1912.1	1
3682596	3694628	1909.6	1
3694628	3713196	1912.3	1
3713196	3720896	1909.0	1
3720896	3734014	1909.6	1
3734014	3746247	1908.8	1
3746247	3753889	1907.8	1
3753889	3776939	1909.4	1
3776939	3790086	1912.1	1
3790086	3798914	1911.0	1
3798914	3811086	1912.3	1
3811086	3840626	1908.4	1
3840626	3852864	1911.9	1
3852864	3861965	1908.6	1
3861965	3873860	1910.6	1
3873860	3886457	1908.6	1
3886457	3903977	1910.0	1
3903977	3919300	1911.5	1
3919300	3925933	1909.4	1
3925933	3941965	1908.8	1
3941965	3950661	1908.4	1
3950661	3967285	1908.2	1
3967285	3982563	1908.4	1
3982563	3988914	1907.0	1
3988914	4007335	1908.0	1
4007335	4014087	1908.0	1
4014087	4038381	1908.0	1
4038381	4048567	1909.0	1
4048567	4060414	1909.6	1
4060414	4071298	1908.6	1
4071298	4081019	1909.4	1
4081019	4100177	1909.4	1
4100177	4112635	1910.2	1
4112635	4118830	1909.6	1
4118830	4135816	1910.0	1
4135816	4143775	1912.5	1
4143775	4162214	1912.7	1
4162214	4169386	1912.5	1
4169386	4181979	1908.4	1
4181979	4199321	1909.4	1
4199321	4212437	1910.4	1
4212437	4223980	1909.4	1
4223980	4240118	1910.4	1
4240118	4249038	1909.2	1
4249038	4263617	1908.8	1
4263617	4279547	1912.3	1
4279547	4292336	1908.2	1
4292336	4298433	1909.4	1
4298433	4310528	1908.2	1
4310528	4322680	1909.4	1
4322680	4335055	1911.5	1
4335055	4351657	1909.0	1
4351657	4363499	1908.0	1
4363499	4378975	1908.0	1
4378975	4388049	1908.6	1
4388049	4400131	1909.0	1
4400131	4421089	1909.0	1
4421089	4427245	1908.0	1
4427245	4572071	1907.4	1
4572071	4585771	1920.6	0
4585771	4605884	1933.7	0
4605884	4617102	1920.4	0
4617102	4630105	1916.8	0
4630105	4642372	1924.2	0
4642372	4654293	1932.1	0
4654293	4666148	1912.4	0
4666148	4677223	1921.8	0
4677223	4693381	1929.7	0
4693381	4701720	1922.2	0
4701720	4717906	1921.3	0
4717906	4728303	1920.4	0
4728303	4744525	1930.5	0
4744525	4756543	1933.3	0
4756543	4764462	1920.2	0
4764462	4780923	1927.2	0
4780923	4794017	1918.6	0
4794017	4809827	1931.2	0
4809827	4815976	1928.0	0
4815976	4834417	1923.4	0
4834417	4846774	1913.8	0
4846774	4858383	1922.0	0
4858383	4870143	1914.6	0
4870143	4886235	1917.2	0
4886235	4898890	1917.6	0
4898890	4910925	1929.2	0
4910925	4927618	1896.4	0
4927618	4933960	1924.2	0
4933960	4950578	1933.6	0
4950578	4958552	1914.2	0
4958552	4971085	1923.6	0
4971085	4989525	1908.4	0
4989525	5001819	1926.1	0
5001819	5015446	1913.8	0
5015446	5022949	1920.8	0
5022949	5034381	1917.8	0
5034381	5052800	1929.5	0
5052800	5067746	1927.2	0
5067746	5080091	1928.2	0
5080091	5092173	1869.6	0
5092173	5104473	1917.6	0
5104473	5117495	1930.7	0
5117495	5131275	1931.7	0
5131275	5143685	1917.4	0
5143685	5156015	1931.5	0
5156015	5168222	1930.0	0
5168222	5182231	1927.1	0
5182231	5195913	1923.6	0
5195913	5207033	1923.6	0
5207033	5218858	1931.3	0
5218858	5232370	1926.9	0
5232370	5246230	1928.5	0
5246230	5260888	1931.1	0
5260888	5273023	1925.0	0
5273023	5278310	1933.5	0
5278310	5296445	1931.5	0
5296445	5313947	1936.7	0
5313947	5322157	1933.7	0
5322157	5334601	1936.1	0
5334601	5346932	1935.5	0
5346932	5365458	1934.1	0
5365458	5376295	1934.1	0
5376295	5390092	1921.0	0
5390092	5398317	1933.1	0
5398317	5413242	1930.1	0
5413242	5421569	1935.7	0
5421569	5440412	1934.9	0
5440412	5454242	1932.9	0
5454242	5466883	1936.9	0
5466883	5479192	1939.7	0
5479192	5491439	1935.9	0
5491439	5508152	1934.3	0
5508152	5514267	1916.0	0
5514267	5532711	1935.1	0
5532711	5544037	1931.1	0
5544037	5551602	1933.9	0
5551602	5570060	1937.7	0
5570060	5583311	1937.1	0
5583311	5588709	1930.1	0
5588709	5601024	1939.2	0
5601024	5612102	1936.3	0
5612102	5637487	1930.5	0
5637487	5643696	1932.7	0
5643696	5660187	1927.9	0
5660187	5668106	1932.5	0
5668106	5679905	1918.6	0
5679905	5702315	1932.7	0
5702315	5707711	1923.4	0
5707711	5717830	1922.0	0
5717830	5735383	1940.7	0
5735383	5742979	1938.7	0
5742979	5759988	1920.4	0
5759988	5769263	1936.1	0
5769263	5787737	1929.5	0
5787737	5793611	1928.5	0
5793611	5806306	1929.1	0
5806306	5827769	1928.1	0
5827769	5839110	1926.3	0
5839110	5853135	1925.9	0
5853135	5864203	1928.8	0
5864203	5870602	1925.3	0
5870602	5889753	1926.7	0
5889753	5903236	1921.5	0
5903236	5911078	1915.4	0
5911078	5923540	1925.2	0
5923540	5935758	1925.6	0
5935758	5952922	1921.4	0
5952922	5966999	1923.2	0
5966999	5979976	1856.2	0
5979976	5988097	1856.2	0
5988097	6004821	1870.5	0
6004821	6025401	1884.8	0
6025401	6031774	1893.6	0
6031774	6049627	1895.6	0
6049627	6060901	1910.6	0
6060901	483	1911.2	0
483	6084861	1900.4	0
6084861	6097713	1894.2	0
6097713	6108583	1898.8	0
6108583	6120709	1898.6	0
6120709	6136931	1903.6	0
6136931	6149830	1905.4	0
6149830	6158704	1902.4	0
6158704	6181215	1908.0	0
6181215	6192920	1908.4	0
6192920	6199421	1905.6	0
6199421	6211882	1909.0	0
6211882	6230849	1910.4	0
6230849	6243836	1911.6	0
6243836	6254619	1912.0	0
6254619	6270924	1910.2	0
6270924	6280611	1913.8	0
6280611	6293073	1908.4	0
6293073	6311199	1908.2	0
6311199	6321101	1908.0	0
6321101	6332640	1909.4	0
6332640	6351370	1912.0	0
6351370	6358309	1906.4	0
6358309	6378562	1910.0	0
6378562	6389538	1909.6	0
6389538	6403571	1912.4	0
6403571	6409777	1909.0	0
6409777	6428595	1906.2	0
6428595	6440534	1914.0	0
6440534	6455994	1905.6	0
6455994	6464665	1901.2	0
6464665	6477569	1906.0	0
6477569	6488869	1890.2	0
6488869	6506783	1895.2	0
6506783	6522428	1906.6	0
6522428	6534414	1903.6	0
6534414	6548030	1897.2	0
6548030	6557306	1899.8	0
6557306	6575620	1902.4	0
6575620	6590360	1903.0	0
6590360	6603181	1908.6	0
6603181	6608212	1907.0	0
6608212	6625750	1904.0	0
6625750	6638531	1897.8	0
6638531	6646563	1898.4	0
6646563	6662951	1906.8	0
6662951	6670107	1902.6	0
6670107	6688587	1910.4	0
6688587	6707001	1905.4	0
6707001	6713140	1902.6	0
6713140	6731511	1901.4	0
6731511	6737901	1902.8	0
6737901	6756655	1900.4	0
6756655	6774038	1898.0	0
6774038	6778339	1856.2	0
6778339	6791831	1906.4	0
6791831	6804070	1899.4	0
6804070	6819607	1897.0	0
6819607	6836184	1898.6	0
6836184	6848223	1901.8	0
6848223	6859576	1901.8	0
6859576	6873422	1901.8	0
6873422	6878253	1899.6	0
6878253	6902978	1897.3	0
6902978	6916549	-1.0	0
6916549	6929309	-1.0	0
6929309	6941126	-1.0	0
6941126	6954704	1896.8	0
6954704	6976115	1895.6	0
6976115	6981712	1887.4	0
6981712	7000760	1893.0	0
7000760	7006960	1902.8	0
7006960	7019535	1900.7	0
7019535	7038678	1898.6	0
7038678	7051271	1900.4	0
7051271	7063671	1902.8	0
7063671	7069943	1896.2	0
7069943	7087758	1901.4	0
7087758	7104724	1897.8	0
7104724	7110864	1895.8	0
7110864	7127510	1898.2	0
7127510	7136482	1900.6	0
7136482	7151817	1897.4	0
7151817	7168935	1899.4	0
7168935	7178681	1901.4	0
7178681	7202524	1899.8	0
7202524	7211441	1895.6	0
7211441	7233305	1893.0	0
7233305	7242089	1892.2	0
7242089	7265687	-1.0	0
7265687	7283880	-1.0	0
7283880	7299912	-1.0	0
7299912	7314759	1898.8	0
7314759	7327446	1901.6	0
7327446	7339939	1901.2	0
7339939	7352523	1901.6	0
7352523	7360385	1898.4	0
7360385	7378020	1901.6	0
7378020	7392071	1893.8	0
7392071	7401672	1899.6	0
7401672	7413594	1899.2	0
7413594	7431464	1895.8	0
7431464	7444779	1897.4	0
7444779	7462154	1897.0	0
7462154	7473829	1898.6	0
7473829	7481265	1903.0	0
7481265	7498334	1893.4	0
7498334	7519066	1898.8	0
7519066	7526733	1895.4	0
7526733	7539615	1896.0	0
7539615	7552220	1892.2	0
7552220	7563188	1899.6	0
7563188	7575765	1896.8	0
7575765	7593351	1897.8	0
7593351	7603622	1897.4	0
7603622	7613562	1897.8	0
7613562	7626030	1898.0	0
7626030	7642893	1896.6	0
7642893	7654057	1893.4	0
7654057	7666188	1890.6	0
7666188	7683365	1895.6	0
7683365	7691351	1900.0	0
7691351	7712554	1890.4	0
7712554	7725107	1885.0	0
7725107	7732597	1892.8	0
7732597	7747875	1899.4	0
7747875	7760322	1893.0	0
7760322	7771117	1897.0	0
7771117	7784299	1856.2	0
7784299	7797867	1878.0	0
7797867	7815574	1899.8	0
7815574	7828178	1899.4	0
7828178	7839548	1894.8	0
7839548	7856411	1891.6	0
7856411	7865691	1902.2	0
7865691	7877686	1899.0	0
7877686	7887846	1897.2	0
7887846	7904673	1897.0	0
7904673	7917254	1896.8	0
7917254	7929820	1899.8	0
7929820	7940944	1899.8	0
7940944	7954071	1900.2	0
7954071	7978312	1892.4	0
7978312	7984136	1893.2	0
7984136	8002194	1890.6	0
8002194	8008499	1895.6	0
8008499	8022197	1891.8	0
8022197	8036651	1894.4	0
8036651	8228696	1885.4	0
8228696	8241231	1923.1	1
8241231	8253466	1922.1	1
8253466	8267465	1922.3	1
8267465	8276115	1923.1	1
8276115	8289957	1922.9	1
8289957	8302181	1924.6	1
8302181	8314495	1922.9	1
8314495	8332569	1917.8	1
8332569	8338849	1924.3	1
8338849	8354775	1923.7	1
8354775	8367029	1922.7	1
8367029	8381253	1922.5	1
8381253	8392024	1920.1	1
8392024	8399303	1919.5	1
8399303	8411254	1922.7	1
8411254	8429663	1923.5	1
8429663	8441696	1923.1	1
8441696	8452462	1923.9	1
8452462	8465924	1924.2	1
8465924	8478567	1923.9	1
8478567	8490212	1919.8	1
8490212	8498938	1920.7	1
8498938	8514971	1922.3	1
8514971	8526659	1922.1	1
8526659	8538953	1921.5	1
8538953	8551051	1921.3	1
8551051	8567095	1913.8	1
8567095	8585440	1923.9	1
8585440	8591940	1922.9	1
8591940	8607148	1922.7	1
8607148	8614656	1922.3	1
8614656	8630321	1908.8	1
8630321	8642157	1922.7	1
8642157	8654511	1924.9	1
8654511	8666498	1922.5	1
8666498	8673460	1921.5	1
8673460	8690882	1922.5	1
8690882	8712357	1922.3	1
8712357	8721001	1920.3	1
8721001	8732354	1922.3	1
8732354	8743670	1920.7	1
8743670	8753115	1922.9	1
8753115	8769404	1922.9	1
8769404	8782228	1925.0	1
8782228	8796723	1924.1	1
8796723	8805278	1925.6	1
8805278	8817810	1924.7	1
8817810	8835997	1923.5	1
8835997	8846404	1925.3	1
8846404	8858136	1918.7	1
8858136	8869976	1924.7	1
8869976	8878680	1923.5	1
8878680	8895742	1924.3	1
8895742	8903022	1924.9	1
8903022	8921262	1923.8	1
8921262	8933689	1922.7	1
8933689	8946492	1924.5	1
8946492	8959069	1922.7	1
8959069	8970598	1921.7	1
8970598	8982666	1918.5	1
8982666	8995460	1920.9	1
8995460	9009409	1922.1	1
9009409	9026426	1922.5	1
9026426	9035737	1921.7	1
9035737	9057047	1922.9	1
9057047	9069457	1934.0	1
9069457	9085547	1945.1	1
9085547	9100396	1942.1	1
9100396	9110028	1936.9	1
9110028	9118716	1936.1	1
9118716	9133963	1905.2	1
9133963	9143211	1933.7	1
9143211	9160754	1915.2	1
9160754	9172936	1934.3	1
9172936	9180902	1915.6	1
9180902	9198701	1926.1	1
9198701	9211047	1927.0	1
9211047	9223142	1927.0	1
9223142	9232825	1901.8	1
9232825	9245186	1923.6	1
9245186	9261356	1924.5	1
9261356	9269316	1924.2	1
9269316	9291449	1923.9	1
9291449	9297815	1923.9	1
9297815	9310195	1923.3	1
9310195	9323024	1922.5	1
9323024	9335907	1919.3	1
9335907	9357620	1920.7	1
9357620	9364315	1924.3	1
9364315	9376669	1923.5	1
9376669	9389185	1922.9	1
9389185	9402287	1922.9	1
9402287	9417772	1924.1	1
9417772	9429881	1923.9	1
9429881	9446894	1922.5	1
9446894	9454612	1920.5	1
9454612	9468303	1923.5	1
9468303	9488233	1922.9	1
9488233	9495400	1921.1	1
9495400	9513731	1917.7	1
9513731	x	1939.9	1
9519584	9522078	1929.2	1
9522078	9538033	1926.6	1
9538033	9550500	1928.3	1
9550500	9562993	1926.2	1
9562993	9581495	1925.7	1
9581495	9589476	1922.1	1
9589476	9598927	1921.9	1
9598927	9611338	1921.3	1
9611338	9626064	1923.7	1
9626064	9645416	1923.3	1
9645416	9651458	1922.5	1
9651458	9667569	1921.9	1
9667569	9679440	1923.3	1
9679440	9686359	1925.3	1
9686359	9705016	1925.1	1
9705016	9714717	1922.1	1
9714717	9729279	1920.5	1
9729279	9741385	1918.1	1
9741385	9749235	1922.9	1
9749235	9766256	1925.5	1
9766256	9777226	1924.5	1
9777226	9786488	1921.3	1
9786488	9802392	1924.5	1
9802392	9808782	1922.1	1
9808782	9832810	1924.9	1
9832810	9839164	1923.3	1
9839164	9856583	1922.7	1
9856583	9868892	1910.2	1
9868892	9880982	1924.7	1
9880982	9893118	1924.1	1
9893118	9906230	1924.1	1
9906230	9914530	1924.5	1
9914530	9930808	1922.7	1
9930808	9939804	1922.3	1
9939804	9955170	1922.7	1
9955170	9972642	1924.3	1
9972642	9984937	1920.8	1
9984937	9990623	1922.3	1
9990623	10008940	1920.1	1
10008940	10022007	1924.7	1
10022007	10029731	1924.1	1
10029731	10041566	1920.7	1
10041566	10058953	1972.7	1
10058953	10070961	1923.1	1
10070961	10083377	1925.3	1
10083377	10095439	1924.1	1
10095439	10111277	1923.9	1
10111277	10120189	1922.9	1
10120189	10136077	1922.5	1
10136077	10152030	1923.9	1
10152030	10158149	1922.9	1
10158149	10170474	1922.7	1
10170474	10183415	1923.5	1
10183415	10194783	1922.7	1
10194783	10210657	1922.9	1
10210657	10225383	1921.7	1
10225383	10234794	1921.7	1
10234794	10247955	1921.1	1
10247955	10258527	1920.7	1
10258527	10280808	1921.9	1
10280808	10285968	1923.7	1
10285968	10303279	1922.5	1
10303279	10316380	1921.7	1
10316380	10323372	1923.1	1
10323372	10341426	1923.5	1
10341426	10351797	1921.9	1
10351797	10366751	1922.9	1
10366751	10373553	1923.5	1
10373553	10390486	1923.3	1
10390486	10406122	1884.0	1
10406122	10418872	1925.2	1
10418872	10427060	1924.1	1
10427060	10438403	1922.7	1
10438403	10454967	1925.3	1
10454967	10469026	1924.4	1
10469026	10477499	1905.0	1
10477499	10494197	1979.5	1
10494197	10501941	1910.0	1
10501941	10518577	1921.3	1
10518577	10532291	1923.7	1
10532291	10540902	1923.9	1
10540902	10556550	1918.6	1
10556550	10565227	1922.9	1
10565227	10581376	1921.9	1
10581376	10594716	1923.9	1
10594716	10611300	1856.2	1
10611300	10617525	1916.8	1
10617525	10631178	1980.5	1
10631178	10643346	1951.4	1
10643346	10661967	1922.3	1
10661967	10674128	1923.5	1
10674128	10686351	1919.1	1
10686351	10698974	1924.1	1
10698974	10705146	1928.6	1
10705146	10728302	1921.6	1
10728302	10734907	1920.1	1
10734907	10745732	1923.1	1
10745732	10760003	1922.9	1
10760003	10774663	1924.7	1
10774663	10790402	1923.7	1
10790402	10797604	1922.1	1
10797604	10809793	1925.3	1
10809793	10821349	1923.9	1
10821349	10834097	1922.9	1
10834097	10849622	1921.9	1
10849622	10861496	1923.9	1
10861496	10877236	1921.6	1
10877236	10885730	1922.5	1
10885730	10897481	1914.2	1
10897481	10913641	1919.9	1
10913641	10929905	1897.8	1
10929905	10937598	1922.3	1
10937598	10955525	1922.3	1
10955525	10963425	1916.9	1
10963425	10978855	1919.9	1
10978855	10988520	1920.3	1
10988520	11005918	1921.9	1
11005918	11019493	1920.1	1
11019493	11025844	1914.6	1
11025844	11050359	1972.3	1
11050359	11056987	1920.7	1
11056987	11075480	1921.7	1
11075480	11081810	1919.3	1
11081810	11099387	1920.7	1
11099387	11114880	1920.3	1
11114880	11123710	1923.9	1
11123710	11139116	1913.0	1
11139116	11283255	1885.0	1
11283255	11294396	1889.2	0
11294396	11300404	1897.5	0
11300404	11316373	1905.8	0
11316373	11325437	1899.1	0
11325437	11338981	1892.4	0
11338981	11357714	-1.0	0
11357714	11369048	-1.0	0
11369048	11382692	-1.0	0
11382692	11399049	1887.2	0
11399049	11406485	-1.0	0
11406485	11433322	-1.0	0
11433322	11441029	-1.0	0
11441029	11447514	-1.0	0
11447514	11459727	1894.4	0
11459727	11479075	1896.0	0
11479075	11487036	1897.6	0
11487036	11510788	1883.8	0
11510788	11524322	1878.6	0
11524322	11530780	1886.0	0
11530780	11550905	1899.2	0
11550905	11563856	1893.4	0
11563856	11583540	1899.2	0
11583540	11591625	1893.2	0
11591625	11605028	1896.2	0
11605028	11612248	1899.2	0
11612248	11625346	1900.0	0
11625346	11650595	1898.0	0
11650595	11662207	1892.8	0
11662207	11671585	1887.6	0
11671585	11683432	1896.8	0
11683432	11696860	1898.6	0
11696860	11716983	1903.6	0
11716983	11729340	1892.0	0
11729340	11734995	1899.0	0
11734995	11753898	1896.8	0
11753898	11767789	1893.4	0
11767789	11786366	1897.6	0
11786366	11791104	1905.2	0
11791104	11805522	1876.6	0
11805522	11818966	1888.5	0
11818966	11831703	1900.4	0
11831703	11848669	1902.2	0
11848669	11856803	1905.6	0
11856803	11869039	1894.0	0
11869039	11881472	1894.6	0
11881472	11893798	1902.6	0
11893798	11916760	1891.6	0
11916760	11923940	1873.9	0
11923940	11938409	1856.2	0
11938409	11951217	1900.2	0
11951217	11957549	1898.2	0
11957549	11976708	1879.6	0
11976708	11989664	1895.0	0
11989664	12002608	1893.6	0
12002608	12014370	1895.5	0
12014370	12026559	1897.4	0
12026559	12045575	1892.6	0
12045575	12057175	1902.0	0
12057175	12064350	1896.0	0
12064350	12078687	1898.0	0
12078687	12089497	1899.8	0
12089497	12112437	1901.4	0
12112437	12120749	1901.8	0
12120749	12133282	1902.0	0
12133282	12145616	1899.4	0
12145616	12154521	1904.6	0
12154521	12173314	1897.0	0
12173314	12188559	1901.6	0
12188559	12196761	1899.2	0
12196761	12209084	1898.4	0
12209084	12221464	1907.4	0
12221464	12233601	1909.6	0
12233601	12243667	1904.0	0
12243667	12261756	1896.6	0
12261756	12268710	1892.4	0
12268710	12286992	1897.4	0
12286992	12300360	1898.2	0
12300360	12311247	1895.2	0
12311247	12322711	1895.8	0
12322711	12335365	1899.8	0
12335365	12350169	1898.6	0
12350169	12364188	1890.8	0
12364188	12380157	1885.6	0
12380157	12388035	1885.0	0
12388035	12406998	1900.4	0
12406998	12413596	1896.0	0
12413596	12431168	1901.8	0
12431168	12445957	1899.8	0
12445957	12459133	1899.8	0
12459133	12468145	1891.2	0
12468145	12480772	1898.8	0
12480772	12498672	1896.8	0
12498672	12510291	1901.0	0
12510291	12529332	1883.6	0
12529332	12540609	-1.0	0
12540609	12549335	-1.0	0
12549335	12570142	-1.0	0
12570142	12576148	1903.4	0
12576148	12587570	-1.0	0
12587570	12607150	-1.0	0
12607150	12619562	-1.0	0
12619562	12631273	1903.4	0
12631273	12642216	1905.2	0
12642216	12655462	1903.8	0
12655462	12668385	1904.2	0
12668385	12685206	1901.2	0
12685206	12701892	1898.2	0
12701892	12714511	1897.4	0
12714511	12725441	1898.8	0
12725441	12740285	1898.8	0
12740285	12746573	1898.8	0
12746573	12769601	1899.4	0
12769601	12778195	1898.0	0
12778195	12790993	1901.4	0
12790993	12804319	1892.8	0
12804319	12817315	1888.4	0
12817315	12829805	1898.4	0
12829805	12841437	1895.2	0
12841437	12853208	1892.8	0
12853208	12869319	1889.1	0
12869319	12877904	1885.4	0
12877904	12897971	1897.6	0
12897971	12904138	1890.2	0
12904138	12916402	1887.2	0
12916402	12928816	1897.6	0
12928816	12945880	1888.0	0
12945880	12961178	1892.2	0
12961178	12970945	1900.0	0
12970945	12983157	1878.6	0
12983157	12994969	1882.4	0
12994969	13002857	1884.0	0
13002857	13030891	1889.4	0
13030891	13042955	1894.8	0
13042955	13049782	1893.0	0
13049782	13068313	1897.0	0
13068313	13079919	1898.2	0
13079919	13098803	1896.8	0
13098803	13106321	1889.1	0
13106321	13118068	1881.4	0
13118068	13133278	1890.4	0
13133278	13145197	1899.4	0
13145197	13164058	1899.3	0
13164058	13175849	1899.2	0
13175849	13188170	1901.6	0
13188170	13207727	1887.6	0
13207727	13216359	1902.8	0
13216359	13234047	1896.4	0
13234047	13245532	1895.8	0
13245532	13258037	1899.4	0
13258037	13270633	1882.6	0
13270633	13282871	1894.6	0
13282871	13295414	1896.0	0
13295414	13306446	1900.8	0
13306446	13323988	1902.6	0
13323988	13332832	1895.2	0
13332832	13348373	1856.2	0
13348373	13365218	1894.2	0
13365218	13377358	1885.0	0
13377358	13383619	1896.4	0
13383619	13396635	1895.2	0
13396635	13411773	1893.8	0
13411773	13431996	1892.4	0
13431996	13444283	1899.0	0
13444283	13450614	1892.4	0
13450614	13463133	-1.0	0
13463133	13475580	-1.0	0
13475580	13503529	-1.0	0
13503529	13514309	1897.4	0
13514309	13522323	1900.2	0
13522323	13540900	1897.0	0
13540900	13551628	1888.0	0
13551628	13570377	1898.6	0
13570377	13575531	1898.6	0
13575531	13586654	1897.0	0
13586654	13604629	1902.0	0
13604629	13612956	1895.4	0
13612956	13634540	1904.8	0
13634540	13644744	1900.2	0
13644744	13654954	1895.6	0
13654954	13670076	1895.6	0
13670076	13678369	1889.2	0
13678369	13702911	1856.2	0
13702911	13716202	1875.8	0
13716202	13722405	1895.4	0
13722405	13735202	1898.0	0
13735202	13754383	1893.0	0
13754383	13766997	1888.2	0
13766997	13780196	1883.8	0
13780196	13790578	1898.4	0
13790578	13808682	1895.8	0
13808682	13820957	1898.4	0
13820957	13834800	1896.6	0
13834800	13844682	1896.6	0
13844682	13862124	1891.0	0
13862124	13874102	1900.6	0
13874102	13883891	1894.6	0
13883891	13901723	1892.8	0
13901723	13918784	1891.4	0
13918784	13928386	1896.4	0
13928386	13940965	1876.3	0
13940965	13954821	1856.2	0
13954821	13969797	1897.6	0
13969797	13982988	1899.0	0
13982988	13996734	1901.8	0
13996734	14005549	1895.8	0
14005549	14018263	1897.6	0
14018263	14039699	-1.0	0
14039699	14048042	-1.0	0
14048042	14067043	-1.0	0
14067043	14079434	1892.0	0
14079434	14088158	1897.2	0
14088158	14105420	1897.2	0
14105420	14120911	1896.6	0
14120911	14133011	1896.0	0
14133011	14141510	-1.0	0
14141510	14153912	-1.0	0
14153912	14176264	-1.0	0
14176264	14192177	1894.4	0
14192177	14202124	1888.8	0
14202124	14213494	1897.0	0
14213494	14229963	1894.2	0
14229963	14246261	1881.6	0
14246261	14258926	1891.4	0
14258926	14272942	1884.2	0
14272942	14286585	1893.6	0
14286585	14295987	1888.0	0
14295987	14311178	1898.2	0
14311178	14322213	1900.0	0
14322213	14335862	1898.2	0
14335862	14350837	1895.8	0
14350837	15076707	1890.2	0
15076707	15089197	1925.1	0
15089197	15100254	1922.9	1
15100254	15116666	1924.1	1
15116666	15124296	1922.9	1
15124296	15138224	1923.7	1
15138224	15156605	1923.3	1
15156605	15169159	1924.9	1
15169159	15181800	1924.5	1
15181800	15194674	1925.3	1
15194674	15203939	1920.4	1
15203939	15225305	1925.9	1
15225305	15231568	1924.9	1
15231568	15249262	1926.1	1
15249262	15256384	1930.1	1
15256384	15268524	1925.1	1
15268524	15283996	1925.3	1
15283996	15295108	1927.9	1
15295108	15307799	1925.8	1
15307799	15322793	1927.7	1
15322793	15335236	1928.2	1
15335236	15351531	1924.9	1
15351531	15362316	1927.3	1
15362316	15371872	1928.3	1
15371872	15387368	1927.8	1
15387368	15399796	1926.1	1
15399796	15415047	1925.7	1
15415047	15426709	1926.0	1
15426709	15437392	1928.4	1
15437392	15454878	1924.6	1
15454878	15466132	1925.9	1
15466132	15481086	1927.5	1
15481086	15488353	1919.2	1
15488353	15506455	1925.6	1
15506455	15518286	1925.8	1
15518286	15531096	1926.5	1
15531096	15546448	1926.1	1
15546448	15554400	1925.8	1
15554400	15569875	1925.8	1
15569875	15582774	1926.3	1
15582774	15595595	1925.2	1
15595595	15607761	1925.3	1
15607761	15620474	1924.9	1
15620474	15746575	-1.0	1
15746575	15758240	-1.0	0
15758240	15777134	-1.0	0
15777134	15791144	-1.0	0
15791144	15804809	-1.0	0
15804809	15820230	1856.2	0
15820230	15834026	1856.2	0
15834026	15849189	1872.4	0
15849189	15874393	1888.6	0
15874393	15880717	1856.2	0
15880717	15898489	1867.9	0
15898489	15907696	1879.6	0
15907696	15920524	1889.2	0
15920524	15943892	1856.2	0
15943892	15956014	1875.4	0
15956014	15963117	1894.6	0
15963117	15980551	1884.6	0
15980551	15988792	1886.4	0
15988792	16007288	1887.0	0
16007288	16021240	1856.2	0
16021240	16035186	1886.8	0
16035186	16048292	1884.4	0
16048292	16055651	1856.2	0
16055651	16074666	1878.0	0
16074666	16086645	1887.6	0
16086645	16099935	1880.0	0
16099935	16116002	1867.6	0
16116002	16128468	1856.2	0
16128468	16140074	1884.6	0
16140074	16157750	1876.4	0
16157750	16170231	1856.2	0
16170231	16184424	1891.0	0
16184424	16198108	1856.2	0
16198108	16211264	1884.8	0
16211264	16224864	1885.4	0
16224864	16237484	1884.8	0
16237484	16249921	1886.4	0
16249921	16261367	1884.4	0
16261367	16275383	1865.6	0
16275383	16287505	1888.0	0
16287505	16301431	1888.0	0
16301431	16319136	1885.6	0
16319136	16327117	1885.9	0
16327117	16345946	1886.2	0
16345946	16358213	1884.2	0
16358213	16371293	1888.6	0
16371293	16378421	1890.2	0
16378421	16397111	1860.6	0
16397111	16409732	-1.0	0
16409732	16421147	-1.0	0
16421147	16437564	-1.0	0
16437564	16451327	1882.2	0
16451327	16465118	1883.0	0
16465118	16485734	1883.2	0
16485734	16496363	1881.4	0
16496363	16508987	1857.4	0
16508987	16516542	1883.8	0
16516542	16527682	1882.6	0
16527682	16546211	1882.6	0
16546211	16561277	1856.2	0
16561277	16569864	1868.6	0
16569864	16582443	-1.0	0
16582443	16599799	-1.0	0
16599799	16611955	-1.0	0
16611955	16627890	1879.6	0
16627890	16640359	1884.0	0
16640359	16653042	1882.0	0
16653042	16665564	1883.4	0
16665564	16678310	1883.6	0
16678310	16691619	1884.4	0
16691619	16703148	1856.2	0
16703148	16714293	1856.2	0
16714293	16726724	1876.0	0
16726724	16739468	1880.4	0
16739468	16749923	1884.8	0
16749923	16764759	1883.2	0
16764759	16774850	1879.6	0
16774850	16790364	1867.9	0
16790364	16810194	1856.2	0
16810194	16819255	1856.2	0
16819255	16833456	1880.0	0
16833456	16847541	-1.0	0
16847541	16862048	-1.0	0
16862048	16884960	-1.0	0
16884960	16899161	1877.0	0
16899161	16909463	1877.2	0
16909463	16922256	1878.4	0
16922256	16938563	1879.6	0
16938563	16953940	1874.6	0
16953940	16973240	1865.4	0
16973240	16985227	1856.2	0
16985227	16992274	1874.8	0
16992274	17004631	1893.4	0
17004631	17023170	1869.2	0
17023170	17031629	1895.6	0
17031629	17047141	1890.8	0
17047141	17056225	1856.2	0
17056225	17068628	1856.2	0
17068628	17087116	1856.2	0
17087116	17098289	1856.2	0
17098289	17110398	1856.2	0
17110398	17126013	1856.2	0
17126013	17136500	1874.6	0
17136500	17152277	1893.0	0
17152277	17167896	1888.4	0
17167896	17180858	1889.0	0
17180858	17194282	1889.6	0
17194282	17201906	1889.2	0
17201906	17219702	1883.6	0
17219702	17232468	1883.2	0
17232468	17247622	1883.9	0
17247622	17256916	1884.6	0
17256916	17268569	1886.8	0
17268569	17290112	1883.2	0
17290112	17302464	1886.0	0
17302464	17316087	1884.4	0
17316087	17322704	1882.8	0
17322704	17342204	1886.0	0
17342204	17355768	-1.0	0
17355768	17366205	-1.0	0
17366205	17380902	-1.0	0
17380902	17393396	-1.0	0
17393396	17409729	1882.8	0
17409729	17421786	1874.0	0
17421786	17434378	1860.6	0
17434378	17451578	1858.4	0
17451578	17461459	1856.2	0
17461459	17477558	1856.2	0
17477558	17490824	1886.4	0
17490824	17506783	1886.6	0
17506783	17519619	1886.2	0
17519619	17532583	1885.0	0
17532583	17544783	1883.8	0
17544783	17558682	1876.2	0
17558682	17571362	1883.6	0
17571362	17580671	1858.4	0
17580671	17599051	-1.0	0
17599051	17611727	-1.0	0
17611727	17632002	-1.0	0
17632002	17640649	1873.4	0
17640649	17657791	1883.0	0
17657791	17670728	1883.8	0
17670728	17683466	1890.0	0
17683466	17695763	1875.8	0
17695763	17711717	1881.8	0
17711717	17720800	1892.8	0
17720800	17733773	1884.2	0
17733773	17749936	1883.4	0
17749936	17761559	1885.8	0
17761559	17773021	1888.8	0
17773021	17785127	1888.6	0
17785127	17804202	1887.6	0
17804202	17816613	1887.0	0
17816613	17830458	1885.2	0
17830458	17840294	1887.0	0
17840294	17852303	1883.6	0
17852303	17865435	1872.8	0
17865435	17878762	1886.6	0
17878762	17894179	1886.0	0
17894179	17905627	1880.6	0
17905627	17924132	1881.4	0
17924132	17936838	1886.4	0
17936838	17943960	1886.6	0
17943960	17966099	1884.2	0
17966099	17972581	1882.2	0
17972581	17988797	1887.3	0
17988797	18001998	1892.4	0
18001998	18015251	1874.3	0
18015251	18031587	1856.2	0
18031587	18048007	1889.4	0
18048007	18060974	-1.0	0
18060974	18075431	-1.0	0
18075431	18081730	-1.0	0
18081730	18101068	1886.2	0
18101068	18114197	1884.8	0
18114197	18126989	1880.7	0
18126989	18140513	1876.6	0
18140513	18152239	1889.0	0
18152239	18165725	1876.2	0
18165725	18173924	1857.8	0
18173924	18191801	1857.0	0
18191801	18205139	-1.0	0
18205139	18215016	-1.0	0
18215016	18236718	-1.0	0
18236718	18247216	1877.6	0
18247216	18264626	1856.2	0
18264626	18272897	1893.8	0
18272897	18285553	1894.6	0
18285553	18303463	1887.4	0
18303463	18318050	1890.6	0
18318050	18326089	1896.0	0
18326089	18339565	1891.8	0
18339565	18351834	1884.8	0
18351834	18371543	1896.8	0
18371543	18381391	1892.0	0
18381391	18394902	1887.8	0
18394902	18417101	1856.2	0
18417101	18434306	1856.2	0
18434306	18452697	1882.8	0
18452697	18463928	1860.6	0
18463928	18477196	1886.2	0
18477196	18483659	1880.0	0
18483659	18500238	1881.4	0
18500238	18510172	1881.6	0
18510172	18528938	1856.2	0
18528938	18542128	1856.2	0
18542128	18555138	1884.8	0
18555138	18574490	1887.4	0
18574490	18580868	1890.0	0
18580868	18593428	1890.4	0
18593428	18602536	1892.8	0
18602536	18617635	1868.6	0
18617635	18633992	1885.4	0
18633992	18647937	-1.0	0
18647937	18657057	-1.0	0
18657057	18671064	-1.0	0
18671064	18683406	1885.4	0
18683406	18702506	1884.0	0
18702506	18715117	1881.4	0
18715117	18723340	1884.4	0
18723340	18740319	1882.6	0
18740319	18752557	1885.0	0
18752557	18765480	1880.6	0
18765480	18783674	1881.6	0
18783674	18794785	1888.4	0
18794785	18802047	1886.0	0
18802047	18814736	1887.0	0
18814736	18834061	1871.6	0
18834061	18843211	1856.2	0
18843211	18854918	1885.2	0
18854918	18867228	1892.8	0
18867228	18885937	1891.0	0
18885937	18898199	1887.8	0
18898199	18910103	1888.6	0
18910103	18926282	1888.0	0
18926282	18933859	1856.2	0
18933859	18946827	1856.2	0
18946827	18969271	-1.0	0
18969271	18981311	-1.0	0
18981311	18989966	-1.0	0
18989966	19006828	-1.0	0
19006828	19020061	-1.0	0
19020061	19033447	-1.0	0
19033447	19044668	1856.2	0
19044668	19055540	1893.2	0
19055540	19072829	1886.8	0
19072829	19085871	1889.0	0
19085871	19097794	1892.0	0
19097794	19108772	1877.4	0
19108772	19122599	1893.6	0
19122599	19137486	1886.2	0
19137486	19150835	-1.0	0
19150835	19167720	-1.0	0
19167720	19184481	-1.0	0
19184481	19191809	1884.4	0
19191809	19205955	1884.6	0
19205955	19221979	1885.4	0
19221979	19236052	1856.2	0
19236052	19247773	1863.4	0
19247773	19261157	1859.8	0
19261157	19277421	1856.2	0
19277421	19292099	1856.2	0
19292099	19305995	1885.8	0
19305995	19323455	1856.4	0
19323455	19337994	1856.3	0
19337994	19344508	1856.2	0
19344508	19363366	1887.2	0
19363366	19378632	1856.2	0
19378632	19388363	1895.2	0
19388363	19400865	1880.6	0
19400865	19416036	1856.2	0
19416036	19430240	-1.0	0
19430240	19448573	-1.0	0
19448573	19463935	-1.0	0
19463935	19477103	1887.2	0
19477103	19489994	1877.6	0
19489994	19496423	1883.6	0
19496423	19517761	1871.0	0
19517761	19524424	-1.0	0
19524424	19540776	-1.0	0
19540776	19550122	-1.0	0
19550122	19566110	1886.4	0
19566110	19582951	1875.8	0
19582951	19598267	1886.8	0
19598267	19613186	1874.6	0
19613186	19625770	1885.4	0
19625770	19638205	1881.8	0
19638205	19655169	1888.0	0
19655169	19845741	1888.6	0
19845741	19857905	1927.0	1
19857905	19870150	1925.6	1
19870150	19876536	1926.6	1
19876536	19895169	1925.1	1
19895169	19907768	1925.5	1
19907768	19914153	1927.2	1
19914153	19932901	1927.1	1
19932901	99999999	1926.2	1
