#Processing Run 48444 for polarization tables
#The run table thinks this was a DPERPL2 run
#Corresponding AMO file is :/home/clasg8/rootbeer2.1/dat/pol/amo_tesc_48430.dat
#Coherent Edge positions for TESC events follow:
#Event	Coh Edge	PolPlane(PARA=0,PERP=1,AMO=2,CHANGING=3)
0	7695	1507.1	1
7695	22474	1508.7	1
22474	40392	1510.3	1
40392	62342	1509.9	1
62342	70547	1510.3	1
70547	85280	1510.3	1
85280	102734	1509.9	1
102734	119835	1508.9	1
119835	138860	1508.7	1
138860	146366	1507.5	1
146366	161143	1506.9	1
161143	190908	1507.3	1
190908	201985	1509.9	1
201985	223343	1508.5	1
223343	230457	1507.1	1
230457	244782	1508.1	1
244782	264309	1507.7	1
264309	279603	1508.9	1
279603	292178	1507.5	1
292178	307159	1509.3	1
307159	322183	1508.5	1
322183	338530	1508.9	1
338530	358930	1508.7	1
358930	365597	1508.7	1
365597	379605	1508.3	1
379605	393823	1508.7	1
393823	410747	1508.7	1
410747	429455	1509.5	1
429455	443580	1508.5	1
443580	458051	1508.1	1
458051	466538	1508.3	1
466538	485790	1508.7	1
485790	499122	1507.7	1
499122	513260	1507.3	1
513260	528802	1507.3	1
528802	541164	1505.9	1
541164	560286	1506.3	1
560286	571366	1506.7	1
571366	585851	1506.1	1
585851	600468	1506.7	1
600468	614244	1509.1	1
614244	639040	1508.5	1
639040	652134	1508.5	1
652134	660053	1506.5	1
660053	673537	1507.7	1
673537	687159	1508.7	1
687159	709690	1506.7	1
709690	734355	1506.5	1
734355	748094	1506.7	1
748094	762157	1508.5	1
762157	786734	1506.7	1
786734	791850	1506.5	1
791850	811880	1507.7	1
811880	821549	1506.7	1
821549	833761	1506.7	1
833761	854840	1506.7	1
854840	870300	1506.7	1
870300	882496	1507.7	1
882496	896263	1508.1	1
896263	915679	1510.5	1
915679	932037	1508.9	1
932037	946376	1509.3	1
946376	962611	1508.1	1
962611	971910	1508.3	1
971910	1003761	1507.5	1
1003761	1016399	1508.9	1
1016399	1028023	1509.3	1
1028023	1049054	1506.9	1
1049054	1056312	1506.3	1
1056312	1073210	1505.3	1
1073210	1087864	1507.1	1
1087864	1101598	1508.9	1
1101598	1116243	1508.7	1
1116243	1136650	1507.7	1
1136650	1152345	1508.1	1
1152345	1166382	1509.5	1
1166382	1184501	1511.1	1
1184501	1193629	1510.9	1
1193629	1213282	1509.5	1
1213282	1236664	1508.7	1
1236664	1242966	1509.9	1
1242966	1265172	1508.7	1
1265172	1269862	1508.3	1
1269862	1284085	1509.3	1
1284085	1308121	1509.5	1
1308121	x	1511.1	1
1308283	1314958	1511.1	1
1314958	1329111	1510.3	1
1329111	1349214	1509.9	1
1349214	1355521	1512.3	1
1355521	1379029	1511.9	1
1379029	1386536	1511.9	1
1386536	1400341	1511.1	1
1400341	1414542	1510.9	1
1414542	1428671	1509.1	1
1428671	1452715	1510.3	1
1452715	1464745	1554.6	1
1464745	1481566	1538.4	1
1481566	1491315	1538.1	1
1491315	1523998	1533.6	1
1523998	1539273	1524.8	1
1539273	1547392	1520.6	1
1547392	1560963	1520.4	1
1560963	1574699	1520.0	1
1574699	1592993	1519.8	1
1592993	1607199	1519.0	1
1607199	1619807	1516.8	1
1619807	1639871	1514.8	1
1639871	1647878	1515.4	1
1647878	1670234	1512.5	1
1670234	1677858	1512.1	1
1677858	1691746	1511.5	1
1691746	1708082	1510.3	1
1708082	1722739	1509.5	1
1722739	1739572	1510.9	1
1739572	1752092	1509.3	1
1752092	1765702	1509.9	1
1765702	1779480	1510.3	1
1779480	1793678	1509.5	1
1793678	1811353	1509.7	1
1811353	1824999	1509.5	1
1824999	1838820	1508.5	1
1838820	1852725	1510.7	1
1852725	1867513	1510.3	1
1867513	1887948	1511.9	1
1887948	1898091	1511.5	1
1898091	1911586	1510.5	1
1911586	1925799	1510.9	1
1925799	1944718	1510.5	1
1944718	1958294	1510.7	1
1958294	1971204	1510.3	1
1971204	1985038	1511.1	1
1985038	1999669	1511.5	1
1999669	2021615	1510.7	1
2021615	2035824	1511.5	1
2035824	2048213	1511.3	1
2048213	2062384	1509.5	1
2062384	2076212	1508.7	1
2076212	2091304	1509.5	1
2091304	2113875	1508.3	1
2113875	2128105	1508.7	1
2128105	2142400	1509.3	1
2142400	2156720	1510.3	1
2156720	2163617	1509.9	1
2163617	2183454	1510.7	1
2183454	2193668	1510.7	1
2193668	2208130	1510.3	1
2208130	2223643	1509.7	1
2223643	2242813	1509.1	1
2242813	2262303	1510.9	1
2262303	2272447	1513.1	1
2272447	2291635	1511.7	1
2291635	2305527	1515.4	1
2305527	2313244	1515.0	1
2313244	2334046	1510.1	1
2334046	2348624	1510.9	1
2348624	2363120	1510.5	1
2363120	2377060	1510.7	1
2377060	2398018	1509.3	1
2398018	2412332	1509.3	1
2412332	2424507	1510.1	1
2424507	2437688	1512.1	1
2437688	2452416	1512.1	1
2452416	2470729	1511.7	1
2470729	2489462	1514.8	1
2489462	2499766	1510.1	1
2499766	2513719	1510.3	1
2513719	2527294	1509.7	1
2527294	2557531	1510.3	1
2557531	2572666	1511.1	1
2572666	2588708	1512.1	1
2588708	2597238	1511.3	1
2597238	2611395	1510.9	1
2611395	2629213	1512.3	1
2629213	2643383	1511.1	1
2643383	2657158	1510.5	1
2657158	2670994	1510.3	1
2670994	2684391	1510.7	1
2684391	2704301	1510.3	1
2704301	2721249	1509.7	1
2721249	2730192	1508.5	1
2730192	2741246	1510.1	1
2741246	2757294	1510.1	1
2757294	2777190	1509.9	1
2777190	2789924	1509.9	1
2789924	2808460	1508.7	1
2808460	2819153	1508.5	1
2819153	2834401	1509.3	1
2834401	2849652	1508.9	1
2849652	2862480	1511.1	1
2862480	2876514	1510.9	1
2876514	2890553	1510.9	1
2890553	2904689	1509.5	1
2904689	2922897	1510.3	1
2922897	2940617	1507.3	1
2940617	2958203	1507.9	1
2958203	2970104	1508.7	1
2970104	2977507	1510.5	1
2977507	2996353	1511.9	1
2996353	3010588	1512.1	1
3010588	3030993	1511.3	1
3030993	3038755	1511.5	1
3038755	3052581	1511.7	1
3052581	3071473	1511.5	1
3071473	3088762	1509.9	1
3088762	3102822	1510.1	1
3102822	3116915	1509.5	1
3116915	3123918	1510.1	1
3123918	3144769	1511.5	1
3144769	3155995	1511.5	1
3155995	3175320	1515.0	1
3175320	3185024	1511.5	1
3185024	3198340	1511.1	1
3198340	3214853	1510.7	1
3214853	3224543	1510.9	1
3224543	3238507	1511.9	1
3238507	3258029	1510.3	1
3258029	3266326	1511.3	1
3266326	3290664	1511.1	1
3290664	3301672	1510.3	1
3301672	3315093	1510.5	1
3315093	3336087	1511.3	1
3336087	3342880	1511.5	1
3342880	3363626	1510.5	1
3363626	3383309	1510.7	1
3383309	3391217	1511.3	1
3391217	3405361	1511.9	1
3405361	3419569	1512.1	1
3419569	3437473	1511.7	1
3437473	3447797	1511.5	1
3447797	3469186	1511.3	1
3469186	3476554	1508.9	1
3476554	3496581	1509.1	1
3496581	3511211	1508.5	1
3511211	3528338	1508.5	1
3528338	3536520	1507.9	1
3536520	3550514	1509.1	1
3550514	3564814	1509.1	1
3564814	3582738	1509.7	1
3582738	3602938	1510.3	1
3602938	3614849	1510.7	1
3614849	3629486	1510.1	1
3629486	3643342	1511.3	1
3643342	3660200	1510.7	1
3660200	3674431	1509.9	1
3674431	3689577	1508.5	1
3689577	3703058	1510.7	1
3703058	3717273	1510.5	1
3717273	3738388	1510.7	1
3738388	3745780	1510.3	1
3745780	3766783	1510.3	1
3766783	3781043	1510.9	1
3781043	3804005	1510.3	1
3804005	3823528	1509.5	1
3823528	3833051	1511.3	1
3833051	3846256	1511.7	1
3846256	3860649	1511.9	1
3860649	3884907	1515.0	1
3884907	3893343	1511.7	1
3893343	3911231	1510.3	1
3911231	3919589	1510.5	1
3919589	3936460	1510.5	1
3936460	3955144	1510.1	1
3955144	3971866	1510.3	1
3971866	3979214	1511.5	1
3979214	3993220	1511.3	1
3993220	4024682	1510.9	1
4024682	4035477	1511.3	1
4035477	4054631	1511.3	1
4054631	4068692	1510.5	1
4068692	4075728	1509.7	1
4075728	4096632	1509.7	1
4096632	4107574	1511.1	1
4107574	4122380	1510.5	1
4122380	4142183	1510.5	1
4142183	4150718	1510.7	1
4150718	4167197	1509.3	1
4167197	4186852	1511.1	1
4186852	4194496	1515.6	1
4194496	4214536	1508.5	1
4214536	4229369	1509.5	1
4229369	4244266	1510.1	1
4244266	4257444	1510.7	1
4257444	4277164	1511.3	1
4277164	4285783	1510.9	1
4285783	4306813	1510.5	1
4306813	4320864	1510.1	1
4320864	4335546	1510.5	1
4335546	4355069	1509.3	1
4355069	4363519	1509.1	1
4363519	4377371	1509.9	1
4377371	4399867	1510.5	1
4399867	4414714	1510.5	1
4414714	4429084	1509.3	1
4429084	4436654	1509.3	1
4436654	4450632	1507.5	1
4450632	4468742	1508.3	1
4468742	4482627	1509.3	1
4482627	4503061	1508.9	1
4503061	4510524	1507.7	1
4510524	4524151	1508.5	1
4524151	4541687	1510.1	1
4541687	4555924	1510.5	1
4555924	4577012	1510.1	1
4577012	4584318	1510.1	1
4584318	4598587	1509.5	1
4598587	4616601	1509.1	1
4616601	4628320	1507.7	1
4628320	4642398	1508.5	1
4642398	4658758	1507.7	1
4658758	4671831	1507.5	1
4671831	4692369	1510.3	1
4692369	4704575	1510.5	1
4704575	4717124	1511.1	1
4717124	4731766	1510.3	1
4731766	4747286	1509.1	1
4747286	4764288	1509.5	1
4764288	4782516	1510.5	1
4782516	4797328	1511.3	1
4797328	4810454	1510.5	1
4810454	284	1510.9	1
284	4825436	1552.2	1
4825436	4842748	1540.4	1
4842748	4857130	1535.3	1
4857130	4871552	1529.2	1
4871552	4892457	1528.8	1
4892457	4899298	1527.8	1
4899298	4920852	1527.0	1
4920852	4929007	1524.4	1
4929007	4942504	1521.8	1
4942504	4956381	1520.0	1
4956381	4974843	1518.2	1
4974843	4991388	1518.2	1
4991388	5006775	1517.0	1
5006775	5020741	1515.8	1
5020741	5035582	1515.8	1
5035582	5068790	1515.8	1
5068790	5080224	1515.2	1
5080224	5088517	1512.3	1
5088517	5109961	1511.1	1
5109961	5116966	1510.3	1
5116966	5137162	1510.1	1
5137162	5155376	1509.1	1
5155376	5160091	1509.1	1
5160091	5177695	1534.5	1
5177695	5192443	1529.6	1
5192443	5199627	1526.0	1
5199627	5214383	1529.8	1
5214383	5236996	1521.2	1
5236996	5246359	1516.0	1
5246359	5266283	1510.5	1
5266283	5274126	1511.1	1
5274126	5293756	1510.7	1
5293756	5299681	1511.7	1
5299681	5309943	1537.7	1
5309943	5329207	1531.6	1
5329207	5343573	1526.8	1
5343573	5363911	1525.8	1
5363911	5371411	1524.8	1
5371411	5391784	1523.4	1
5391784	5408077	1520.0	1
5408077	5418454	1519.0	1
5418454	5432488	1519.4	1
5432488	5446941	1517.4	1
5446941	5475254	1516.0	1
5475254	5489335	1514.8	1
5489335	5506863	1515.6	1
5506863	5518267	1512.7	1
5518267	5534338	1515.8	1
5534338	5549611	1515.6	1
5549611	5561334	1511.5	1
5561334	5582911	1512.1	1
5582911	5589871	1511.5	1
5589871	5608841	1510.7	1
5608841	5625364	1509.3	1
5625364	5636373	1510.5	1
5636373	5649593	1510.1	1
5649593	5668267	1509.7	1
5668267	5679085	1550.4	1
5679085	5692673	1538.1	1
5692673	5718139	1531.4	1
5718139	5731919	1530.2	1
5731919	5738873	1526.0	1
5738873	5759280	1523.0	1
5759280	5765471	1519.6	1
5765471	5786032	1519.2	1
5786032	5797453	1517.0	1
5797453	5816006	1517.8	1
5816006	5831027	1517.4	1
5831027	5845460	1510.5	1
5845460	5865316	1508.7	1
5865316	5872914	1510.7	1
5872914	5888276	1511.5	1
5888276	5905860	1511.1	1
5905860	5914762	1511.1	1
5914762	5932874	1509.9	1
5932874	5945107	1508.7	1
5945107	5958526	1509.1	1
5958526	5973211	1509.3	1
5973211	5987473	1508.5	1
5987473	6011100	1508.7	1
6011100	6024494	1509.1	1
6024494	6032840	1510.7	1
6032840	6046481	1510.1	1
6046481	6066347	1509.7	1
6066347	6087176	1508.7	1
6087176	6096774	1508.9	1
6096774	6111331	1507.1	1
6111331	6126019	1507.5	1
6126019	6154929	1509.1	1
6154929	6172229	1510.1	1
6172229	6185831	1510.3	1
6185831	6193566	1509.1	1
6193566	6213336	1507.7	1
6213336	6234354	1508.7	1
6234354	6239542	1508.7	1
6239542	6256457	1508.7	1
6256457	6273160	1508.9	1
6273160	6281315	1508.7	1
6281315	6297825	1509.5	1
6297825	6312335	1510.5	1
6312335	6332940	1509.7	1
6332940	6347305	1509.7	1
6347305	6354915	1509.3	1
6354915	6374772	1508.9	1
6374772	6394117	1507.5	1
6394117	6403063	1507.3	1
6403063	6421332	1508.1	1
6421332	6429901	1509.1	1
6429901	6446970	1508.7	1
6446970	6461106	1508.1	1
6461106	6475412	1508.5	1
6475412	6489326	1507.9	1
6489326	6503581	1506.9	1
6503581	6521011	1505.7	1
6521011	6533798	1507.3	1
6533798	6548036	1505.9	1
6548036	6564603	1506.5	1
6564603	6584148	1507.5	1
6584148	6604657	1508.5	1
6604657	6611889	1509.1	1
6611889	6627578	1505.7	1
6627578	6641458	1505.7	1
6641458	6672236	1506.9	1
6672236	6689711	1508.7	1
6689711	6704090	1508.7	1
6704090	6712163	1509.3	1
6712163	6725472	1508.3	1
6725472	6743981	1510.1	1
6743981	6757248	1510.5	1
6757248	6775438	1509.3	1
6775438	6785026	1509.9	1
6785026	6802871	1508.9	1
6802871	6820065	1507.9	1
6820065	6833422	1508.1	1
6833422	6846654	1508.1	1
6846654	6860633	1510.1	1
6860633	6891316	1510.5	1
6891316	6903043	1512.1	1
6903043	6915873	1511.5	1
6915873	6931223	1511.9	1
6931223	6945110	1509.7	1
6945110	6962771	1509.9	1
6962771	6974575	1509.9	1
6974575	6995215	1507.9	1
6995215	7003935	1508.5	1
7003935	7023117	1509.5	1
7023117	7039097	1509.3	1
7039097	7048855	1509.5	1
7048855	7063562	1509.1	1
7063562	7077808	1509.3	1
7077808	7093076	1508.5	1
7093076	7115567	1509.3	1
7115567	7124157	1508.5	1
7124157	7139319	1508.5	1
7139319	7157203	1507.5	1
7157203	7166573	1508.3	1
7166573	7184092	1508.1	1
7184092	7201291	1507.7	1
7201291	7208894	1505.9	1
7208894	7223130	1505.5	1
7223130	7236835	1505.9	1
7236835	7260581	1506.7	1
7260581	7278620	1507.1	1
7278620	7285343	1508.3	1
7285343	7306699	1507.7	1
7306699	7313751	1507.1	1
7313751	7340410	1507.5	1
7340410	7346806	1507.1	1
7346806	7366899	1507.1	1
7366899	7389186	1506.3	1
7389186	7406618	1505.5	1
7406618	7420922	1507.9	1
7420922	7442512	1508.3	1
7442512	7449729	1508.3	1
7449729	7464021	1509.1	1
7464021	7482795	1509.3	1
7482795	7494593	1508.5	1
7494593	7508080	1508.1	1
7508080	7528465	1507.5	1
7528465	7536221	1506.9	1
7536221	7557043	1506.9	1
7557043	7568763	1508.3	1
7568763	7583041	1508.7	1
7583041	7596952	1509.5	1
7596952	7618482	1509.5	1
7618482	7635596	1507.7	1
7635596	7648148	1508.3	1
7648148	7669751	1506.7	1
7669751	7676606	1506.3	1
7676606	7689341	1507.9	1
7689341	7712834	1516.0	1
7712834	7720680	1512.3	1
7720680	7735047	1509.7	1
7735047	7755871	1508.7	1
7755871	7763122	1509.3	1
7763122	7785984	1510.7	1
7785984	7793818	1508.9	1
7793818	7815211	1508.1	1
7815211	7820966	1508.9	1
7820966	7834982	1508.1	1
7834982	7860667	1508.1	1
7860667	7867174	1508.9	1
7867174	7881802	1510.3	1
7881802	7897106	1509.9	1
7897106	7910651	1508.7	1
7910651	7927139	1509.3	1
7927139	7946169	1509.3	1
7946169	7960185	1509.5	1
7960185	7974805	1508.9	1
7974805	7980739	1510.7	1
7980739	8000900	1511.9	1
8000900	8012975	1510.3	1
8012975	8027186	1510.3	1
8027186	8040510	1509.9	1
8040510	8058994	1508.7	1
8058994	8074302	1508.9	1
8074302	8086498	1508.5	1
8086498	8100677	1507.5	1
8100677	8114569	1508.5	1
8114569	8128859	1509.1	1
8128859	8151192	1509.5	1
8151192	8166266	1509.9	1
8166266	8173720	1510.3	1
8173720	8193339	1509.9	1
8193339	8200020	1510.1	1
8200020	8220608	1509.1	1
8220608	8233890	1508.9	1
8233890	8247968	1508.5	1
8247968	8261464	1508.7	1
8261464	8275636	1508.1	1
8275636	8292792	1510.1	1
8292792	8305251	1510.3	1
8305251	8325202	1510.1	1
8325202	8339992	1508.5	1
8339992	8346900	1508.5	1
8346900	8368868	1507.7	1
8368868	8379278	1508.1	1
8379278	8392320	1508.3	1
8392320	8406016	1506.7	1
8406016	8425138	1507.9	1
8425138	8445864	1508.5	1
8445864	8453247	1509.3	1
8453247	8467428	1508.5	1
8467428	8481171	1509.1	1
8481171	8501334	1509.5	1
8501334	8515899	1508.9	1
8515899	8536892	1508.9	1
8536892	8543988	1509.7	1
8543988	8556568	1509.7	1
8556568	8591680	1508.7	1
8591680	8599065	1509.1	1
8599065	8613760	1508.9	1
8613760	8632938	1510.3	1
8632938	8641210	1508.3	1
8641210	8658232	1507.9	1
8658232	8679406	1507.3	1
8679406	8687182	1506.1	1
8687182	8701854	1506.9	1
8701854	8716203	1507.5	1
8716203	8737809	1508.9	1
8737809	8752403	1510.3	1
8752403	8761292	1508.9	1
8761292	8775355	1507.9	1
8775355	8790866	1509.1	1
8790866	8807973	1507.9	1
8807973	8821943	1508.9	1
8821943	8841938	1509.7	1
8841938	8854386	1509.5	1
8854386	8862779	1511.1	1
8862779	8884967	1510.5	1
8884967	8894758	1510.3	1
8894758	8908320	1512.5	1
8908320	8927018	1511.1	1
8927018	8934029	1515.0	1
8934029	8954729	1510.9	1
8954729	8966841	1510.9	1
8966841	8980090	1512.1	1
8980090	8992819	1514.6	1
8992819	9007447	1515.8	1
9007447	9025335	1511.7	1
9025335	9039292	1510.1	1
9039292	9058765	1510.7	1
9058765	9067805	1511.1	1
9067805	9089481	1510.5	1
9089481	9103798	1510.3	1
9103798	9118163	1511.1	1
9118163	9137263	1510.7	1
9137263	9146169	1512.1	1
9146169	9161395	1512.5	1
9161395	9178691	1511.9	1
9178691	9196760	1510.5	1
9196760	9206478	1510.3	1
9206478	9217551	1511.3	1
9217551	9233880	1510.9	1
9233880	9251832	1510.1	1
9251832	9264326	1510.3	1
9264326	9278224	1511.7	1
9278224	9292877	1511.9	1
9292877	9326259	1514.8	1
9326259	9339463	1510.7	1
9339463	9353202	1511.5	1
9353202	9372676	1511.3	1
9372676	9389070	1509.7	1
9389070	9407427	1509.9	1
9407427	9418136	1510.7	1
9418136	9436303	1512.3	1
9436303	9444576	1515.0	1
9444576	9458854	1512.1	1
9458854	9479088	1511.1	1
9479088	9493166	1511.1	1
9493166	9511120	1511.5	1
9511120	9520579	1509.7	1
9520579	9533539	1508.1	1
9533539	9550760	1509.3	1
9550760	9569792	1511.3	1
9569792	9581480	1516.8	1
9581480	9590654	1516.0	1
9590654	9604479	1509.7	1
9604479	9625549	1509.9	1
9625549	9637088	1511.1	1
9637088	9649670	1511.1	1
9649670	9663593	1515.2	1
9663593	9679041	1514.6	1
9679041	9695677	1511.9	1
9695677	9706974	1514.8	1
9706974	9723655	1516.2	1
9723655	9736721	1511.7	1
9736721	9751541	1511.3	1
9751541	9770451	1515.4	1
9770451	9788898	1514.4	1
9788898	9797393	1511.1	1
9797393	9809684	1511.1	1
9809684	9822750	1508.9	1
9822750	9843749	1509.9	1
9843749	9862223	1511.9	1
9862223	9872076	1511.1	1
9872076	9890268	1511.5	1
9890268	9900291	1510.5	1
9900291	9916854	1510.5	1
9916854	9937015	1510.7	1
9937015	9951448	1511.5	1
9951448	9965593	1510.3	1
9965593	9972807	1509.5	1
9972807	9995649	1510.5	1
9995649	10005199	1511.9	1
10005199	10019572	1511.5	1
10019572	10037402	1510.5	1
10037402	10045155	1510.3	1
10045155	10067456	1512.1	1
10067456	10076407	1509.5	1
10076407	10090457	1509.7	1
10090457	10103063	1509.3	1
10103063	10116860	1510.3	1
10116860	10135559	1511.3	1
10135559	10146807	1511.3	1
10146807	10166241	1511.5	1
10166241	10181002	1510.9	1
10181002	10193813	1510.5	1
10193813	10212079	1510.3	1
10212079	10220752	1508.7	1
10220752	10232661	1509.9	1
10232661	10255436	1510.1	1
10255436	10263699	1510.7	1
10263699	10285140	1510.9	1
10285140	10299379	1510.9	1
10299379	10313274	1510.1	1
10313274	10328105	1510.7	1
10328105	10341564	1510.9	1
10341564	10356449	1511.3	1
10356449	10370845	1510.1	1
10370845	10392684	1509.9	1
10392684	10404920	1509.7	1
10404920	10428453	1511.5	1
10428453	10442667	1510.3	1
10442667	10463822	1510.7	1
10463822	10471216	1510.3	1
10471216	10483783	1510.1	1
10483783	10504083	1510.3	1
10504083	10516425	1509.5	1
10516425	10535441	1510.3	1
10535441	10549946	1511.1	1
10549946	10557795	1511.9	1
10557795	10578123	1511.3	1
10578123	10588127	1511.5	1
10588127	10610409	1510.1	1
10610409	10619366	1509.7	1
10619366	10636812	1508.3	1
10636812	10654052	1509.1	1
10654052	10666509	1509.7	1
10666509	10680810	1509.7	1
10680810	10693779	1510.3	1
10693779	10706409	1509.7	1
10706409	10726525	1510.9	1
10726525	10740269	1511.3	1
10740269	10754548	1509.9	1
10754548	10768629	1509.5	1
10768629	10782926	1510.3	1
10782926	10800093	1510.3	1
10800093	10812803	1511.5	1
10812803	10825281	1511.3	1
10825281	10839349	1512.1	1
10839349	10853674	1511.1	1
10853674	10878024	1510.5	1
10878024	10887053	1509.5	1
10887053	10901866	1509.5	1
10901866	10914611	1510.1	1
10914611	10933088	1510.5	1
10933088	10949143	1509.1	1
10949143	10967348	1509.9	1
10967348	10982742	1511.1	1
10982742	10996816	1512.3	1
10996816	11011170	1511.5	1
11011170	11025499	1511.9	1
11025499	11039823	1511.1	1
11039823	11061127	1511.5	1
11061127	11068230	1510.9	1
11068230	11082665	1511.7	1
11082665	11101882	1511.5	1
11101882	11111635	1511.5	1
11111635	11132536	1515.8	1
11132536	11146837	1515.8	1
11146837	11161094	1515.4	1
11161094	11175014	1511.5	1
11175014	11187260	1511.9	1
11187260	11200956	1511.9	1
11200956	11221198	1515.6	1
11221198	11231894	1512.3	1
11231894	11253441	1512.1	1
11253441	11260332	1511.9	1
11260332	11274238	1515.4	1
11274238	11294388	1515.4	1
11294388	11308931	1511.3	1
11308931	11325446	1511.7	1
11325446	11344020	1511.9	1
11344020	11357930	1511.7	1
11357930	11365339	1511.5	1
11365339	11379566	1511.5	1
11379566	11398713	1511.9	1
11398713	11409559	1512.3	1
11409559	11424296	1515.4	1
11424296	11437967	1511.7	1
11437967	11472076	1512.1	1
11472076	11484367	1510.1	1
11484367	11498436	1509.7	1
11498436	11512785	1509.9	1
11512785	11526727	1511.3	1
11526727	11540337	1538.7	1
11540337	11571808	1531.2	1
11571808	11584036	1532.8	1
11584036	11597640	1526.0	1
11597640	11613052	1520.8	1
11613052	11624203	1518.8	1
11624203	11643997	1519.6	1
11643997	11663014	1519.0	1
11663014	11669948	1518.0	1
11669948	11690708	1517.6	1
11690708	11698570	1517.2	1
11698570	11716983	1516.6	1
11716983	11728008	1515.6	1
11728008	11741763	1515.8	1
11741763	11756097	1515.6	1
11756097	11776170	1517.4	1
11776170	11792107	1517.0	1
11792107	11810030	1516.8	1
11810030	11819450	1516.8	1
11819450	11831825	1515.6	1
11831825	11852417	1515.0	1
11852417	11866528	1515.6	1
11866528	11880849	1512.5	1
11880849	11896499	1511.7	1
11896499	11911662	1511.7	1
11911662	11939766	1511.9	1
11939766	11953283	1512.3	1
11953283	11965616	1512.7	1
11965616	11979987	1512.5	1
11979987	12001410	1511.5	1
12001410	12022659	1511.7	1
12022659	12029898	1510.3	1
12029898	12044132	1510.3	1
12044132	12058367	1515.0	1
12058367	12078760	1512.3	1
12078760	12100655	1514.6	1
12100655	12107592	1514.8	1
12107592	12121160	1512.3	1
12121160	12136197	1512.3	1
12136197	12149913	1514.8	1
12149913	12166606	1511.1	1
12166606	12179378	1510.5	1
12179378	12193645	1512.3	1
12193645	12207931	1511.3	1
12207931	12221785	1511.7	1
12221785	12246149	1511.7	1
12246149	12255526	1511.7	1
12255526	12269403	1510.7	1
12269403	12284637	1512.1	1
12284637	12304298	1511.1	1
12304298	12321910	1510.9	1
12321910	12333883	1511.7	1
12333883	12353652	1511.7	1
12353652	12361933	1511.5	1
12361933	12376660	1510.9	1
12376660	12395821	1510.5	1
12395821	12415375	1511.1	1
12415375	12422341	1511.9	1
12422341	12441442	1510.1	1
12441442	12450439	1509.3	1
12450439	12469553	1509.7	1
12469553	12479952	1510.9	1
12479952	12493855	1511.9	1
12493855	12513122	1511.5	1
12513122	12521767	1511.7	1
12521767	12541355	1511.5	1
12541355	12561867	1511.5	1
12561867	12569385	1511.7	1
12569385	12583916	1515.0	1
12583916	12595684	1511.7	1
12595684	12618505	1514.4	1
12618505	12625705	1514.4	1
12625705	12639234	1514.6	1
12639234	12653461	1514.8	1
12653461	12670938	1514.4	1
12670938	12687654	1511.7	1
12687654	12699746	1515.0	1
12699746	12717227	1515.6	1
12717227	12728772	1514.2	1
12728772	12743209	1512.1	1
12743209	12766235	1515.2	1
12766235	12773228	1516.0	1
12773228	12787370	1516.4	1
12787370	12802535	1516.6	1
12802535	12815308	1516.2	1
12815308	12833662	1516.4	1
12833662	12845708	1516.2	1
12845708	12859277	1515.4	1
12859277	12873036	1514.8	1
12873036	12887533	1512.1	1
12887533	12906575	1511.3	1
12906575	12918718	1516.2	1
12918718	12932391	1515.8	1
12932391	12945636	1512.1	1
12945636	12959351	1512.1	1
12959351	12983594	1511.9	1
12983594	12991020	1512.3	1
12991020	13012172	1515.6	1
13012172	13019306	1514.8	1
13019306	13040676	1511.3	1
13040676	13058042	1511.7	1
13058042	13065223	1514.8	1
13065223	13085823	1512.5	1
13085823	13093178	1511.5	1
13093178	13113065	1511.5	1
13113065	13129738	1512.1	1
13129738	13145379	1515.2	1
13145379	13153286	1515.4	1
13153286	13174426	1515.6	1
13174426	13181574	1511.7	1
13181574	13203514	1511.9	1
13203514	13212679	1511.3	1
13212679	13231901	1511.9	1
13231901	13244884	1514.8	1
13244884	13259704	1515.2	1
13259704	13277924	1511.1	1
13277924	13288622	1517.0	1
13288622	13307907	1517.8	1
13307907	13321969	1511.3	1
13321969	13336016	1514.4	1
13336016	13354907	1516.2	1
13354907	13361895	1516.8	1
13361895	13380966	1513.3	1
13380966	13393510	1515.8	1
13393510	13403008	1515.0	1
13403008	13420979	1515.6	1
13420979	13440371	1514.6	1
13440371	13448787	1516.2	1
13448787	13462733	1515.2	1
13462733	13476815	1516.0	1
13476815	13502073	1516.2	1
13502073	13511998	1515.4	1
13511998	13526360	1512.5	1
13526360	13541582	1515.6	1
13541582	13549033	1515.0	1
13549033	13567822	1515.2	1
13567822	13587473	1512.1	1
13587473	13596148	1511.5	1
13596148	13614636	1514.8	1
13614636	13624049	1512.5	1
13624049	13643684	1514.8	1
13643684	13654094	1512.3	1
13654094	13668081	1515.2	1
13668081	13682010	1516.0	1
13682010	13700939	1515.0	1
13700939	13715741	1512.5	1
13715741	13736041	1512.3	1
13736041	13743786	1514.4	1
13743786	13757747	1516.6	1
13757747	13792111	1515.8	1
13792111	13800947	1516.2	1
13800947	13813647	1514.6	1
13813647	13834589	1516.2	1
13834589	13841612	1516.8	1
13841612	13860839	1515.8	1
13860839	13876716	1515.6	1
13876716	13890743	1511.9	1
13890743	13898184	1510.5	1
13898184	13911820	1516.0	1
13911820	13939237	1516.4	1
13939237	13945539	1515.2	1
13945539	13962187	1515.2	1
13962187	13975695	1516.4	1
13975695	13985199	1515.8	1
13985199	14003618	1515.4	1
14003618	14017518	1515.8	1
14017518	14032429	1514.8	1
14032429	14046138	1515.4	1
14046138	14065720	1517.0	1
14065720	14081237	1515.4	1
14081237	14094706	1515.0	1
14094706	14114804	1514.6	1
14114804	14122820	1514.8	1
14122820	14155769	1514.2	1
14155769	14165266	1511.7	1
14165266	14178248	1515.0	1
14178248	14191544	1516.4	1
14191544	14210681	1516.0	1
14210681	14226830	1514.4	1
14226830	14239911	1515.4	1
14239911	14254767	1516.0	1
14254767	14272279	1514.4	1
14272279	14281919	1515.6	1
14281919	14299457	1511.7	1
14299457	14312995	1511.7	1
14312995	14326828	1515.0	1
14326828	14341705	1517.2	1
14341705	14354887	1516.8	1
14354887	14375796	1512.3	1
14375796	14393251	1511.9	1
14393251	14404509	1510.7	1
14404509	14414600	1510.9	1
14414600	14432543	1511.1	1
14432543	14449224	1510.9	1
14449224	14466387	1514.4	1
14466387	14474627	1514.6	1
14474627	14488732	1515.0	1
14488732	14502517	1511.7	1
14502517	14523770	1516.4	1
14523770	14531454	1514.6	1
14531454	14545893	1511.9	1
14545893	14566857	1515.8	1
14566857	14581872	1516.0	1
14581872	14598772	1512.7	1
14598772	14610901	1515.2	1
14610901	14630548	1516.0	1
14630548	14644593	1516.0	1
14644593	14652182	1511.9	1
14652182	14671277	1511.7	1
14671277	14687111	1511.7	1
14687111	14701262	1512.1	1
14701262	14708320	1512.1	1
14708320	14722023	1516.0	1
14722023	14750049	1511.9	1
14750049	14756335	1512.3	1
14756335	14778207	1514.2	1
14778207	14785293	1514.2	1
14785293	14799477	1514.4	1
14799477	14818165	1515.2	1
14818165	14829430	1511.3	1
14829430	14838332	1511.3	1
14838332	14848206	1551.6	1
14848206	14863375	1539.5	1
14863375	14875837	1536.9	1
14875837	14907474	1530.8	1
14907474	14918664	1524.4	1
14918664	14931965	1524.0	1
14931965	14952831	1520.2	1
14952831	14961346	1518.2	1
14961346	14974515	1557.0	1
14974515	14990750	1539.6	1
14990750	15000589	1536.3	1
15000589	15020137	1532.8	1
15020137	15028565	1530.6	1
15028565	15042715	1532.8	1
15042715	15062952	1529.8	1
15062952	15075341	1524.6	1
15075341	15088219	1524.8	1
15088219	15103944	1521.6	1
15103944	15120602	1521.4	1
15120602	15136743	1520.2	1
15136743	15146591	1519.2	1
15146591	15160330	1519.8	1
15160330	15175070	1519.0	1
15175070	15195500	1518.4	1
15195500	15217110	1518.6	1
15217110	15222556	1517.2	1
15222556	15237531	1516.8	1
15237531	15250829	1515.0	1
15250829	15264925	1515.2	1
15264925	15284898	1514.8	1
15284898	15301403	1515.2	1
15301403	15315845	1515.8	1
15315845	15323886	1515.6	1
15323886	15337825	1516.4	1
15337825	15363057	1516.8	1
15363057	15369969	1515.4	1
15369969	15384022	1514.4	1
15384022	15398209	1512.1	1
15398209	15416771	1510.5	1
15416771	15433672	1510.5	1
15433672	15447253	1510.7	1
15447253	15461750	1509.9	1
15461750	15475747	1512.1	1
15475747	15503272	1515.0	1
15503272	15517405	1511.7	1
15517405	15530815	1512.1	1
15530815	15549178	1510.5	1
15549178	15559028	1510.3	1
15559028	15580652	1510.9	1
15580652	15595083	1494.5	1
15595083	15609131	1490.9	1
15609131	15616232	1491.5	1
15616232	15630597	1491.3	1
15630597	15653212	1491.5	1
15653212	15667091	1489.9	1
15667091	15676644	1487.0	1
15676644	15689897	1489.5	1
15689897	15710916	1488.7	1
15710916	15728765	1485.6	1
15728765	15744898	1486.8	1
15744898	15758377	1486.6	1
15758377	15769293	1486.4	1
15769293	15783546	1484.2	1
15783546	15801657	1483.8	1
15801657	15810537	1484.0	1
15810537	15830162	1484.8	1
15830162	15838896	1485.6	1
15838896	15859091	1485.2	1
15859091	15879791	1486.0	1
15879791	15886837	1486.8	1
15886837	15900891	1488.9	1
15900891	15921693	1488.5	1
15921693	15929448	1487.0	1
15929448	15949799	1488.3	1
15949799	15962023	1487.2	1
15962023	15980516	1490.5	1
15980516	15989350	1490.7	1
15989350	16005437	1489.9	1
16005437	16022145	1488.9	1
16022145	16036117	1485.8	1
16036117	16057154	1491.3	1
16057154	16070073	1490.7	1
16070073	16086170	1489.5	1
16086170	16101495	1488.9	1
16101495	16119724	1486.6	1
16119724	16129382	1485.0	1
16129382	16143493	1483.6	1
16143493	16157868	1481.0	1
16157868	16175673	1481.6	1
16175673	16189151	1482.8	1
16189151	16202825	1484.0	1
16202825	16223027	1483.8	1
16223027	16237304	1484.6	1
16237304	16254493	1483.0	1
16254493	16273220	1485.2	1
16273220	16288315	1486.2	1
16288315	16296059	1485.4	1
16296059	16324934	1483.4	1
16324934	16344631	1488.5	1
16344631	16358958	1489.3	1
16358958	16365415	1488.5	1
16365415	16370597	1483.0	1
16370597	16384181	1520.8	1
16384181	16392172	1515.2	1
16392172	16415426	1510.3	1
16415426	16424359	1510.3	1
16424359	16437855	1502.7	1
16437855	16452624	1498.5	1
16452624	16466705	1498.3	1
16466705	16484992	1496.3	1
16484992	16502313	1494.3	1
16502313	16511845	1493.3	1
16511845	16531018	1493.1	1
16531018	16537239	1494.5	1
16537239	16558428	1492.5	1
16558428	16576755	1493.1	1
16576755	16587018	1491.7	1
16587018	16601783	1490.1	1
16601783	16615295	1489.1	1
16615295	16633158	1488.1	1
16633158	16644250	1490.3	1
16644250	16665256	1489.9	1
16665256	16672711	1489.5	1
16672711	16693822	1489.5	1
16693822	16708983	1491.3	1
16708983	16723110	1489.3	1
16723110	16743364	1489.1	1
16743364	16751381	1486.6	1
16751381	16781331	1486.6	1
16781331	16801223	1486.2	1
16801223	16809469	1484.4	1
16809469	16823917	1485.8	1
16823917	16838593	1484.6	1
16838593	16874534	1492.1	1
16874534	16883382	1489.7	1
16883382	16898210	1486.4	1
16898210	16912333	1486.2	1
16912333	16932082	1485.6	1
16932082	16945246	1487.7	1
16945246	16959039	1485.8	1
16959039	16973953	1489.3	1
16973953	16986335	1488.9	1
16986335	17010122	1489.7	1
17010122	17019297	1488.3	1
17019297	17033025	1489.5	1
17033025	17047623	1490.9	1
17047623	17059873	1489.7	1
17059873	17081261	1489.7	1
17081261	17098316	1485.6	1
17098316	17107369	1485.8	1
17107369	17121226	1488.3	1
17121226	17138629	1488.9	1
17138629	17160155	1489.9	1
17160155	17175680	1487.9	1
17175680	17183621	1487.0	1
17183621	17203455	1488.5	1
17203455	17226772	1488.1	1
17226772	17241089	1488.1	1
17241089	17260584	1490.5	1
17260584	17268244	1490.5	1
17268244	17284485	1490.3	1
17284485	17304133	1489.7	1
17304133	17317020	1488.3	1
17317020	17332456	1488.3	1
17332456	17345315	1488.7	1
17345315	17358728	1488.5	1
17358728	17377773	1488.7	1
17377773	17389747	1489.7	1
17389747	17404175	1490.5	1
17404175	17418569	1488.1	1
17418569	17440212	1488.7	1
17440212	17454491	1490.5	1
17454491	17465292	1489.3	1
17465292	17482361	1490.5	1
17482361	17493555	1490.5	1
17493555	17510518	1490.7	1
17510518	17529090	1489.9	1
17529090	17539960	1491.1	1
17539960	17554093	1490.5	1
17554093	17568460	1490.7	1
17568460	17582659	1490.5	1
17582659	17604939	1492.3	1
17604939	17612367	1491.1	1
17612367	17633240	1490.7	1
17633240	17642315	1489.5	1
17642315	17654753	1490.7	1
17654753	17676042	1489.9	1
17676042	17687830	1488.7	1
17687830	17702167	1488.1	1
17702167	17722318	1490.7	1
17722318	17733001	1490.1	1
17733001	17749562	1489.3	1
17749562	17768733	1490.7	1
17768733	17775818	1489.5	1
17775818	17789992	1488.9	1
17789992	17810888	1489.9	1
17810888	17824607	1489.3	1
17824607	17839512	1487.7	1
17839512	17850381	1486.0	1
17850381	17865165	1487.7	1
17865165	17878775	1489.5	1
17878775	17897607	1491.9	1
17897607	17911024	1490.9	1
17911024	17924326	1490.3	1
17924326	17938159	1489.1	1
17938159	17954107	1490.9	1
17954107	17972351	1490.1	1
17972351	17984171	1489.9	1
17984171	99999999	1491.9	1
