#Processing Run 48623 for polarization tables
#The run table thinks this was a DPERPL2 run
#Corresponding AMO file is :/home/clasg8/rootbeer2.1/dat/pol/amo_tesc_48579.dat
#Coherent Edge positions for TESC events follow:
#Event	Coh Edge	PolPlane(PARA=0,PERP=1,AMO=2,CHANGING=3)
0	6240	1725.7	1
6240	13941	1725.7	1
13941	33032	1723.9	1
33032	50845	1723.1	1
50845	65844	1722.9	1
65844	77513	1723.7	1
77513	88227	1723.3	1
88227	104227	1722.7	1
104227	125069	1721.9	1
125069	129850	1719.9	1
129850	149429	1720.5	1
149429	162006	1721.1	1
162006	177496	1721.5	1
177496	187892	1721.3	1
187892	206050	1723.5	1
206050	219403	1720.7	1
219403	229719	1720.1	1
229719	246844	1719.7	1
246844	268356	1719.5	1
268356	277194	1720.3	1
277194	282139	1720.9	1
282139	302138	1719.9	1
302138	315712	1720.7	1
315712	330883	1720.3	1
330883	345885	1720.5	1
345885	359512	1720.7	1
359512	375046	1720.9	1
375046	390473	1720.7	1
390473	413647	1719.7	1
413647	419649	1721.5	1
419649	433356	1719.9	1
433356	450390	1716.7	1
450390	460488	1719.3	1
460488	480399	1719.7	1
480399	494475	1721.5	1
494475	509774	1721.1	1
509774	519452	1722.5	1
519452	535910	1722.5	1
535910	551043	1717.9	1
551043	559713	1717.7	1
559713	577910	1720.7	1
577910	589912	1720.5	1
589912	602245	1721.3	1
602245	625464	1721.5	1
625464	635076	1727.5	1
635076	645936	1720.3	1
645936	658839	1708.9	1
658839	672651	1707.5	1
672651	694140	1711.3	1
694140	706964	1707.7	1
706964	721766	1707.3	1
721766	735569	1709.5	1
735569	749290	1709.7	1
749290	765928	1709.7	1
765928	775564	1716.3	1
775564	787828	1716.7	1
787828	804838	1716.3	1
804838	816981	1715.7	1
816981	839097	1711.9	1
839097	846339	1706.1	1
846339	859503	1704.9	1
859503	879135	1704.7	1
879135	892763	1703.9	1
892763	907721	1702.7	1
907721	916894	1704.1	1
916894	936496	1704.9	1
936496	949443	1705.3	1
949443	958070	1705.7	1
958070	976604	1704.9	1
976604	995235	1707.1	1
995235	1003793	1710.3	1
1003793	1018859	1710.5	1
1018859	1030612	1710.9	1
1030612	1052930	1709.7	1
1052930	1059457	1708.9	1
1059457	1081648	1709.9	1
1081648	1094894	1710.5	1
1094894	1102980	1709.9	1
1102980	1124096	1710.5	1
1124096	1139900	1709.1	1
1139900	1146269	1706.7	1
1146269	1165356	1706.7	1
1165356	1179759	1708.9	1
1179759	1189837	1709.9	1
1189837	1203628	1708.9	1
1203628	1224423	1707.3	1
1224423	1236148	1709.1	1
1236148	1252096	1709.3	1
1252096	1265136	1710.3	1
1265136	1275661	1706.9	1
1275661	1294662	1709.1	1
1294662	1307212	1706.9	1
1307212	1320016	1710.7	1
1320016	1334683	1708.5	1
1334683	1350004	1708.7	1
1350004	1368677	1706.7	1
1368677	1374644	1706.7	1
1374644	1388571	1707.5	1
1388571	1410969	1706.3	1
1410969	1419535	1707.3	1
1419535	1437708	1707.5	1
1437708	1453465	1707.9	1
1453465	1459168	1710.1	1
1459168	1481965	1710.5	1
1481965	1491257	1709.3	1
1491257	1504457	1709.9	1
1504457	1520892	1706.9	1
1520892	1530933	1708.5	1
1530933	1548626	1709.5	1
1548626	1567738	1706.7	1
1567738	1581848	1708.7	1
1581848	1594251	1707.7	1
1594251	1611197	1709.7	1
1611197	1621363	1710.5	1
1621363	1632886	1708.9	1
1632886	1652548	1709.9	1
1652548	1665602	1708.9	1
1665602	1679506	1705.7	1
1679506	1694541	1708.9	1
1694541	1713680	1708.3	1
1713680	1726497	1709.7	1
1726497	1736264	1709.7	1
1736264	1755605	1709.5	1
1755605	1767391	1709.9	1
1767391	1783990	1709.1	1
1783990	1793971	1710.1	1
1793971	1807068	1710.1	1
1807068	1821708	1710.7	1
1821708	1842830	1709.5	1
1842830	1856066	1709.3	1
1856066	1869959	1710.5	1
1869959	1885101	1709.5	1
1885101	1894718	1709.5	1
1894718	1915355	1709.9	1
1915355	1928404	1709.9	1
1928404	1937687	1706.7	1
1937687	1960060	1709.1	1
1960060	1966427	1732.5	1
1966427	1983108	1731.3	1
1983108	1997941	1728.7	1
1997941	2004096	1727.7	1
2004096	2016954	1726.1	1
2016954	2035524	1720.7	1
2035524	2050126	1713.5	1
2050126	2060828	1712.1	1
2060828	2080145	1718.5	1
2080145	2086630	1734.5	1
2086630	2098000	1733.5	1
2098000	2114449	1731.7	1
2114449	2121348	1730.5	1
2121348	2141335	1728.7	1
2141335	2156046	1720.5	1
2156046	2167783	1721.1	1
2167783	2196326	1714.5	1
2196326	2216706	1714.3	1
2216706	2225629	1716.5	1
2225629	2241022	1716.3	1
2241022	2250770	1714.7	1
2250770	2265114	1713.5	1
2265114	2282211	1713.3	1
2282211	2292789	1713.1	1
2292789	2307582	1712.7	1
2307582	2319877	1711.9	1
2319877	2337659	1711.3	1
2337659	2353989	1710.5	1
2353989	2368906	1709.7	1
2368906	2382861	1709.9	1
2382861	2397689	1709.7	1
2397689	2410022	1712.7	1
2410022	2432455	1710.3	1
2432455	2444543	1709.7	1
2444543	2459036	1709.5	1
2459036	2466357	1709.7	1
2466357	2483337	1706.3	1
2483337	2497780	1706.9	1
2497780	2510924	1706.7	1
2510924	2524212	1709.3	1
2524212	2542463	1709.3	1
2542463	2550574	1709.5	1
2550574	2575147	1709.9	1
2575147	2586666	1707.1	1
2586666	2596493	1709.1	1
2596493	2610612	1707.1	1
2610612	2624434	1709.5	1
2624434	2644665	1710.1	1
2644665	2655389	1709.7	1
2655389	2668395	1706.7	1
2668395	2686626	1706.1	1
2686626	2699132	1708.1	1
2699132	2712689	1710.9	1
2712689	2721675	1706.7	1
2721675	2742164	1708.3	1
2742164	2753810	1707.3	1
2753810	2762830	1707.5	1
2762830	2790401	1709.7	1
2790401	2797324	1704.9	1
2797324	2817917	1706.5	1
2817917	2824717	1708.5	1
2824717	2845130	1710.1	1
2845130	2861230	1710.3	1
2861230	2868220	1709.5	1
2868220	2883315	1707.9	1
2883315	2900833	1707.3	1
2900833	2910213	1708.7	1
2910213	2928703	1708.9	1
2928703	2948885	1709.1	1
2948885	2957615	1708.9	1
2957615	2969630	1707.3	1
2969630	2983027	1710.5	1
2983027	3004444	1709.3	1
3004444	3018218	1709.5	1
3018218	3025132	1707.5	1
3025132	3038760	1709.3	1
3038760	3058011	1709.1	1
3058011	3073085	1709.3	1
3073085	3084053	1708.7	1
3084053	3099866	1708.5	1
3099866	3111634	1710.3	1
3111634	3125563	1710.1	1
3125563	3148010	1709.3	1
3148010	3158478	1707.3	1
3158478	3174999	1709.7	1
3174999	3189151	1709.7	1
3189151	3202923	1709.7	1
3202923	3220118	1708.3	1
3220118	3231949	1708.9	1
3231949	3245846	1710.1	1
3245846	3259956	1708.9	1
3259956	3274016	1709.9	1
3274016	3293332	1709.5	1
3293332	3304294	1707.3	1
3304294	3318278	1708.9	1
3318278	3326936	1708.7	1
3326936	3340978	1709.9	1
3340978	3371990	1708.9	1
3371990	3390739	1709.5	1
3390739	3404352	1709.5	1
3404352	3411114	1709.7	1
3411114	3437499	1709.9	1
3437499	3449548	1709.1	1
3449548	3455649	1709.5	1
3455649	3476683	1709.1	1
3476683	3484664	1709.5	1
3484664	3502326	1711.5	1
3502326	3521531	1707.1	1
3521531	3534673	1707.1	1
3534673	3542638	1710.5	1
3542638	3558322	1708.7	1
3558322	3575526	1708.1	1
3575526	3585349	1709.1	1
3585349	3605080	1706.5	1
3605080	3612638	1706.5	1
3612638	3632539	1708.9	1
3632539	3646702	1707.3	1
3646702	3667337	1708.7	1
3667337	3680151	1708.7	1
3680151	3701444	1709.7	1
3701444	3718451	1710.7	1
3718451	3729213	1703.3	1
3729213	3748192	1703.1	1
3748192	3763931	1705.3	1
3763931	3777728	1708.9	1
3777728	3790641	1709.5	1
3790641	3802581	1709.7	1
3802581	3820049	1710.5	1
3820049	3835112	1709.9	1
3835112	3842855	1708.3	1
3842855	3867707	1710.1	1
3867707	3880021	1708.9	1
3880021	3890511	1710.1	1
3890511	3908084	1708.9	1
3908084	3921141	1709.1	1
3921141	3938550	1705.9	1
3938550	3944566	1708.9	1
3944566	3962940	1710.9	1
3962940	3977922	1709.1	1
3977922	3990395	1708.5	1
3990395	4010862	1708.5	1
4010862	4019229	1707.3	1
4019229	4036574	1709.1	1
4036574	4044655	1709.3	1
4044655	4064431	1708.9	1
4064431	4080373	1706.9	1
4080373	4094384	1710.7	1
4094384	4104904	1710.1	1
4104904	4118417	1710.1	1
4118417	4133525	1708.9	1
4133525	4149352	1708.7	1
4149352	4167652	1707.5	1
4167652	4180985	1707.9	1
4180985	4188745	1708.7	1
4188745	4202573	1709.1	1
4202573	4219677	1708.1	1
4219677	4238424	1710.1	1
4238424	4245884	1710.1	1
4245884	4259423	1709.3	1
4259423	4279823	1709.1	1
4279823	4290698	1708.9	1
4290698	4308262	1707.1	1
4308262	4322160	1708.5	1
4322160	4331401	1706.5	1
4331401	4348615	1708.3	1
4348615	4368875	1709.1	1
4368875	4376552	1709.9	1
4376552	4393441	1710.7	1
4393441	4401143	1710.1	1
4401143	4415325	1708.5	1
4415325	4443711	1709.3	1
4443711	4451718	1709.3	1
4451718	4468513	1706.3	1
4468513	4480384	1706.3	1
4480384	4489746	1707.5	1
4489746	4506721	1709.5	1
4506721	4520576	1707.9	1
4520576	4534407	1709.5	1
4534407	4546422	1709.5	1
4546422	4569064	1707.3	1
4569064	4583018	1708.5	1
4583018	4596753	1708.7	1
4596753	4603633	1706.5	1
4603633	4623731	1706.7	1
4623731	4633982	1709.3	1
4633982	4651942	1709.1	1
4651942	4668549	1709.7	1
4668549	4679440	1707.1	1
4679440	4698541	1709.3	1
4698541	4705285	1708.5	1
4705285	4721628	1708.7	1
4721628	4734651	1708.7	1
4734651	4756015	1708.7	1
4756015	4769088	1707.3	1
4769088	4782786	1709.9	1
4782786	4802265	1711.5	1
4802265	4813196	1710.5	1
4813196	4821226	1710.1	1
4821226	4834386	1706.9	1
4834386	4851926	1707.3	1
4851926	4868048	1708.5	1
4868048	4881625	1708.9	1
4881625	4898832	1709.3	1
4898832	4906072	1708.5	1
4906072	4919253	1710.5	1
4919253	4939320	1709.9	1
4939320	4949863	1708.9	1
4949863	4968276	1707.7	1
4968276	4976577	1707.3	1
4976577	4996338	1709.3	1
4996338	5016555	1709.3	1
5016555	5028690	1705.9	1
5028690	5041287	1706.1	1
5041287	5056014	1710.3	1
5056014	5067426	1710.5	1
5067426	5078802	1709.7	1
5078802	5099417	1708.7	1
5099417	5106301	1706.7	1
5106301	5127017	1706.7	1
5127017	5139171	1709.5	1
5139171	5159499	1709.7	1
5159499	5166455	1710.1	1
5166455	5180355	1709.9	1
5180355	5198765	1709.5	1
5198765	5205920	1709.7	1
5205920	5229162	1709.9	1
5229162	5242929	1709.9	1
5242929	5253996	1708.9	1
5253996	5274385	1708.5	1
5274385	5292864	1709.3	1
5292864	5311213	1708.1	1
5311213	5321085	1708.7	1
5321085	5333861	1708.9	1
5333861	5339766	1709.9	1
5339766	5361645	1710.1	1
5361645	5382173	1708.9	1
5382173	5388312	1707.1	1
5388312	5410364	1708.3	1
5410364	5421235	1706.9	1
5421235	5428610	1709.1	1
5428610	5449728	1707.1	1
5449728	5465889	1706.5	1
5465889	5482115	1709.1	1
5482115	5486690	1709.5	1
5486690	5506815	1707.5	1
5506815	5523603	1706.5	1
5523603	5536637	1708.5	1
5536637	5548392	1706.1	1
5548392	5562576	1708.1	1
5562576	5571132	1708.3	1
5571132	5591942	1707.1	1
5591942	5610682	1707.1	1
5610682	5620444	1707.1	1
5620444	5631423	1709.7	1
5631423	5649639	1710.5	1
5649639	5666077	1709.3	1
5666077	5680754	1734.5	1
5680754	5688928	1731.9	1
5688928	6410509	1732.3	1
6410509	6424735	1708.9	1
6424735	6449145	1706.9	1
6449145	6462540	1706.7	1
6462540	6469456	1708.9	1
6469456	6485497	1708.7	1
6485497	6497723	1708.9	1
6497723	6514520	1709.1	1
6514520	6526340	1708.9	1
6526340	6545922	1706.7	1
6545922	6553728	1708.5	1
6553728	6573176	1707.3	1
6573176	6591251	1706.9	1
6591251	6607593	1708.5	1
6607593	6614900	1708.1	1
6614900	6634051	1707.3	1
6634051	6644457	1708.9	1
6644457	6664303	1709.5	1
6664303	6678391	1709.5	1
6678391	6691272	1708.7	1
6691272	6704898	1709.1	1
6704898	6712655	1709.3	1
6712655	6732049	1708.9	1
6732049	6749233	1708.3	1
6749233	6762982	1709.1	1
6762982	6777619	1710.1	1
6777619	6789792	1709.7	1
6789792	6807133	1711.1	1
6807133	6818243	1709.1	1
6818243	6831533	1709.5	1
6831533	6845248	1710.1	1
6845248	6863151	1709.7	1
6863151	6874385	1708.5	1
6874385	6891312	1709.9	1
6891312	6905412	1709.3	1
6905412	6920319	1707.9	1
6920319	6928873	1709.9	1
6928873	6946745	1710.7	1
6946745	6965334	1709.9	1
6965334	6973296	1709.5	1
6973296	6986695	1709.5	1
6986695	7002523	1709.5	1
7002523	7020010	1707.1	1
7020010	7029876	1709.5	1
7029876	7043658	1708.7	1
7043658	7063542	1708.5	1
7063542	7077444	1708.5	1
7077444	7094828	1709.1	1
7094828	7104922	1708.7	1
7104922	7120823	1709.3	1
7120823	7132489	1709.1	1
7132489	7141743	1710.5	1
7141743	7160042	1709.3	1
7160042	7173479	1709.7	1
7173479	7181805	1710.9	1
7181805	7201471	1710.1	1
7201471	7213583	1708.7	1
7213583	7239179	1709.9	1
7239179	7248928	1708.7	1
7248928	7263458	1709.1	1
7263458	7275742	1708.5	1
7275742	7291141	1709.3	1
7291141	7308448	1709.3	1
7308448	7321510	1707.7	1
7321510	7335085	1709.7	1
7335085	7346874	1709.5	1
7346874	7358251	1709.7	1
7358251	7378674	1710.1	1
7378674	7395273	1709.1	1
7395273	7409112	1708.5	1
7409112	7421979	1708.9	1
7421979	7430661	1709.7	1
7430661	7454796	1708.9	1
7454796	7460188	1708.7	1
7460188	7474039	1709.3	1
7474039	7480496	1709.7	1
7480496	7486330	1747.8	1
7486330	7499664	1743.2	1
7499664	7510736	1741.2	1
7510736	7522256	1739.2	1
7522256	7540887	1734.3	1
7540887	7552480	1727.9	1
7552480	7561001	1728.3	1
7561001	7576403	1724.3	1
7576403	7593878	1722.1	1
7593878	7610023	1721.1	1
7610023	7616759	1721.1	1
7616759	7639770	1719.9	1
7639770	7655273	1741.4	1
7655273	7666435	1739.0	1
7666435	7678661	1735.1	1
7678661	7690507	1733.3	1
7690507	7702658	1726.7	1
7702658	7719097	1731.1	1
7719097	7728726	1721.3	1
7728726	7746560	1720.9	1
7746560	7760206	1719.7	1
7760206	7776695	1720.7	1
7776695	7792441	1720.5	1
7792441	7805121	1717.7	1
7805121	7812797	1726.1	1
7812797	7827302	1723.5	1
7827302	7849827	1718.7	1
7849827	7863850	1716.3	1
7863850	7877111	1716.3	1
7877111	7884022	1714.7	1
7884022	7901347	1711.9	1
7901347	7922860	1709.1	1
7922860	7931851	1711.1	1
7931851	7946747	1711.3	1
7946747	7961647	1708.1	1
7961647	7975384	1709.3	1
7975384	7989379	1706.1	1
7989379	8005213	1712.3	1
8005213	8014960	1711.9	1
8014960	8029834	1709.3	1
8029834	8041944	1702.5	1
8041944	8061545	1703.1	1
8061545	8077918	1708.5	1
8077918	8091542	1708.1	1
8091542	8098519	1709.5	1
8098519	8112430	1713.5	1
8112430	8132128	1710.5	1
8132128	8144997	1705.9	1
8144997	8159515	1704.3	1
8159515	8175973	1706.5	1
8175973	8184437	1705.1	1
8184437	8209343	1709.5	1
8209343	8216302	1710.1	1
8216302	8236477	1710.1	1
8236477	8248910	1711.3	1
8248910	8263156	1708.1	1
8263156	8275007	1708.7	1
8275007	8287595	1707.3	1
8287595	8301413	1707.1	1
8301413	8315368	1706.7	1
8315368	8335577	1711.3	1
8335577	8351303	1711.1	1
8351303	8368219	1705.7	1
8368219	8375119	1711.9	1
8375119	8395580	1708.7	1
8395580	8409180	1708.3	1
8409180	8428215	1709.9	1
8428215	8436904	1710.9	1
8436904	8454594	1710.9	1
8454594	8462188	1709.7	1
8462188	8480796	1703.1	1
8480796	8498963	1705.9	1
8498963	8505390	1705.5	1
8505390	8519177	1708.7	1
8519177	8532903	1706.3	1
8532903	8546716	1708.7	1
8546716	8567062	1705.7	1
8567062	8579877	1709.9	1
8579877	8595445	1708.5	1
8595445	8610792	1710.1	1
8610792	8622230	1713.1	1
8622230	8643869	1710.7	1
8643869	8656062	1711.7	1
8656062	8669558	1710.5	1
8669558	8677324	1710.7	1
8677324	8692423	1709.5	1
8692423	8720388	1709.3	1
8720388	8734319	1708.3	1
8734319	8748011	1707.1	1
8748011	8753616	1740.0	1
8753616	8771511	1734.9	1
8771511	8782601	1733.7	1
8782601	8788619	1731.9	1
8788619	8805827	1728.9	1
8805827	8820613	1727.5	1
8820613	8833636	1723.3	1
8833636	8849069	1722.5	1
8849069	8861120	1721.7	1
8861120	8876474	1722.1	1
8876474	8884483	1720.9	1
8884483	8901955	1718.1	1
8901955	8911064	1718.5	1
8911064	8931876	1723.5	1
8931876	8945596	1717.3	1
8945596	8959310	1714.1	1
8959310	8977748	1714.3	1
8977748	8992526	1706.3	1
8992526	8999761	1712.3	1
8999761	9018357	1709.7	1
9018357	9028497	1709.5	1
9028497	9049161	1711.9	1
9049161	9059731	1712.1	1
9059731	9077916	1712.5	1
9077916	9086686	1706.1	1
9086686	9103740	1707.1	1
9103740	9117852	1709.5	1
9117852	9133213	1708.7	1
9133213	9151698	1712.7	1
9151698	9159554	1709.3	1
9159554	9171501	1705.3	1
9171501	9193050	1709.9	1
9193050	9211064	1713.1	1
9211064	9224935	1713.3	1
9224935	9238839	1706.9	1
9238839	9246523	1710.5	1
9246523	9270161	1708.7	1
9270161	9284487	1712.1	1
9284487	9296125	1713.3	1
9296125	9311639	1710.3	1
9311639	9325528	1716.7	1
9325528	9336822	1715.7	1
9336822	9354906	1714.1	1
9354906	9369681	1711.3	1
9369681	9383678	1708.9	1
9383678	9391450	1711.3	1
9391450	9408024	1706.7	1
9408024	9416957	1696.4	1
9416957	9436398	1696.6	1
9436398	9448783	1700.9	1
9448783	9457068	1700.7	1
9457068	9480718	1704.9	1
9480718	9489552	1705.1	1
9489552	9503962	1708.7	1
9503962	9516545	1709.1	1
9516545	9530973	1709.1	1
9530973	9550619	1710.1	1
9550619	9564682	1709.7	1
9564682	9579716	1709.3	1
9579716	9594145	1711.9	1
9594145	9608397	1711.1	1
9608397	9621689	1711.5	1
9621689	9642183	1711.1	1
9642183	9648580	1710.3	1
9648580	9659164	1709.5	1
9659164	9673621	1710.3	1
9673621	9698308	1710.1	1
9698308	9709361	1709.1	1
9709361	9725791	1709.7	1
9725791	9738197	1709.3	1
9738197	9750559	1709.5	1
9750559	9768762	1711.3	1
9768762	9781404	1711.3	1
9781404	9795599	1710.9	1
9795599	9803404	1709.1	1
9803404	9816940	1706.1	1
9816940	9836676	1708.3	1
9836676	9850043	1709.9	1
9850043	9869081	1708.5	1
9869081	9882222	1708.7	1
9882222	9891332	1734.7	1
9891332	9906374	1734.3	1
9906374	9915990	1732.7	1
9915990	9927190	1731.5	1
9927190	9942717	1727.7	1
9942717	9953635	1726.7	1
9953635	9977330	1724.1	1
9977330	9988162	1722.3	1
9988162	10003914	1721.3	1
10003914	10018951	1720.5	1
10018951	10032165	1716.7	1
10032165	10046347	1716.3	1
10046347	10054925	1716.5	1
10054925	10068833	1714.5	1
10068833	10088294	1715.3	1
10088294	10101757	1714.1	1
10101757	10122585	1714.1	1
10122585	10134968	1712.7	1
10134968	10150222	1712.7	1
10150222	10156832	1711.1	1
10156832	10169455	1710.9	1
10169455	10188056	1710.9	1
10188056	10199879	1709.9	1
10199879	10219576	1711.1	1
10219576	10232697	1710.7	1
10232697	10247048	1711.3	1
10247048	10262330	1710.7	1
10262330	10292333	1709.9	1
10292333	10303683	1710.7	1
10303683	10314282	1710.7	1
10314282	10332506	1710.9	1
10332506	10347832	1711.1	1
10347832	10357147	1712.7	1
10357147	10371148	1711.1	1
10371148	10390742	1710.3	1
10390742	10402689	1710.5	1
10402689	10419258	1709.1	1
10419258	10436610	1708.7	1
10436610	10448525	1711.1	1
10448525	10455179	1707.1	1
10455179	10479753	1708.5	1
10479753	10495501	1709.7	1
10495501	10500559	1713.5	1
10500559	10513889	1709.9	1
10513889	10523856	1734.9	1
10523856	10549615	1733.3	1
10549615	10555042	1731.5	1
10555042	10566924	1730.1	1
10566924	10584750	1727.7	1
10584750	10600125	1725.9	1
10600125	10616860	1725.9	1
10616860	10623234	1722.3	1
10623234	10641167	1720.5	1
10641167	10654367	1718.7	1
10654367	10663855	1717.5	1
10663855	10681634	1716.5	1
10681634	10700040	1715.9	1
10700040	10716463	1714.7	1
10716463	10721895	1712.7	1
10721895	10743238	1712.1	1
10743238	10756174	1712.3	1
10756174	10769345	1711.1	1
10769345	10783186	1711.3	1
10783186	10790286	1710.5	1
10790286	10811172	1711.3	1
10811172	10827044	1710.3	1
10827044	10843827	1710.3	1
10843827	10857191	1710.7	1
10857191	10870963	1710.5	1
10870963	10878651	1710.9	1
10878651	10903565	1709.3	1
10903565	10917009	1709.5	1
10917009	10923926	1709.7	1
10923926	10938328	1710.1	1
10938328	10958267	1710.1	1
10958267	10975100	1710.1	1
10975100	10987709	1710.7	1
10987709	10999837	1710.3	1
10999837	11009148	1710.1	1
11009148	11023288	1709.7	1
11023288	11041252	1709.1	1
11041252	11054187	1709.3	1
11054187	11068243	1709.7	1
11068243	11086371	1709.5	1
11086371	11094799	1709.1	1
11094799	11120991	1710.1	1
11120991	11126633	1710.1	1
11126633	11138892	1709.5	1
11138892	11159035	1710.3	1
11159035	11165973	1709.3	1
11165973	11186169	1708.9	1
11186169	11201968	1708.7	1
11201968	11217945	1709.7	1
11217945	11230272	1709.9	1
11230272	11237913	1708.9	1
11237913	11262105	1709.7	1
11262105	11274575	1709.7	1
11274575	11282548	1710.9	1
11282548	11296475	1710.1	1
11296475	11314695	1709.9	1
11314695	11331733	1710.1	1
11331733	11340279	1708.7	1
11340279	11359327	1709.5	1
11359327	11373166	1709.9	1
11373166	11387007	1708.7	1
11387007	11405178	1710.3	1
11405178	11420966	1710.7	1
11420966	11434965	1710.3	1
11434965	11439682	1710.1	1
11439682	11460143	1710.3	1
11460143	11476286	1709.9	1
11476286	11490216	1710.1	1
11490216	11504323	1709.7	1
11504323	11511304	1709.7	1
11511304	11530905	1710.5	1
11530905	11541753	1710.3	1
11541753	11558612	1710.7	1
11558612	11566609	1710.3	1
11566609	11580593	1709.7	1
11580593	11594455	1709.3	1
11594455	11616455	1708.5	1
11616455	11629014	1708.5	1
11629014	11648472	1711.5	1
11648472	11656339	1710.5	1
11656339	11669524	1710.3	1
11669524	11694311	1711.1	1
11694311	11700293	1710.5	1
11700293	11714035	1709.5	1
11714035	11728111	1709.7	1
11728111	11742315	1711.9	1
11742315	11765152	1709.3	1
11765152	11778897	1708.7	1
11778897	11791715	1709.1	1
11791715	11806323	1710.7	1
11806323	11815047	1710.1	1
11815047	11835807	1710.7	1
11835807	11842602	1710.5	1
11842602	11863681	1709.1	1
11863681	11877477	1708.7	1
11877477	11884313	1708.7	1
11884313	11904540	1709.1	1
11904540	11916374	1710.5	1
11916374	11938030	1709.3	1
11938030	11951282	1709.3	1
11951282	11959261	1709.7	1
11959261	11975340	1709.9	1
11975340	11995408	1710.1	1
11995408	12002196	1709.3	1
12002196	12018896	1708.5	1
12018896	12029105	1709.1	1
12029105	12050062	1709.1	1
12050062	12064448	1709.7	1
12064448	12078458	1710.3	1
12078458	12092336	1709.3	1
12092336	12106098	1710.3	1
12106098	12119964	1710.5	1
12119964	12138112	1710.3	1
12138112	12152916	1709.7	1
12152916	12161239	1709.1	1
12161239	12179479	1709.7	1
12179479	12195169	1706.9	1
12195169	12209891	1709.3	1
12209891	12223831	1710.3	1
12223831	12230591	1711.3	1
12230591	12251336	1710.7	1
12251336	12269419	1709.1	1
12269419	12279069	1708.3	1
12279069	12288784	1709.1	1
12288784	12308597	1709.1	1
12308597	12316602	1709.7	1
12316602	12334646	1710.3	1
12334646	12354914	1708.5	1
12354914	12368673	1708.7	1
12368673	12381944	1709.3	1
12381944	12387607	1709.7	1
12387607	12410163	1709.7	1
12410163	12417881	1710.3	1
12417881	12437190	1708.9	1
12437190	12444543	1710.5	1
12444543	12460090	1710.5	1
12460090	12479909	1710.3	1
12479909	12498470	1710.1	1
12498470	12509526	1710.5	1
12509526	12522062	1708.7	1
12522062	12531597	1709.5	1
12531597	12551927	1710.1	1
12551927	12568317	1708.5	1
12568317	12575176	1709.3	1
12575176	12596095	1708.5	1
12596095	12607842	1709.7	1
12607842	12627774	1709.5	1
12627774	12635475	1709.9	1
12635475	12648531	1709.5	1
12648531	12664959	1709.7	1
12664959	12674879	1709.1	1
12674879	12692386	1709.1	1
12692386	12711931	1709.7	1
12711931	12718404	1709.7	1
12718404	12739738	1709.9	1
12739738	12751576	1709.9	1
12751576	12766196	1709.5	1
12766196	12783503	1710.7	1
12783503	12789226	1710.7	1
12789226	12802584	1710.7	1
12802584	12816406	1709.9	1
12816406	12841902	1710.3	1
12841902	12849369	1708.7	1
12849369	12869484	1709.1	1
12869484	12877373	1709.1	1
12877373	12896518	1709.5	1
12896518	12915133	1710.1	1
12915133	12926907	1710.3	1
12926907	12940717	1710.3	1
12940717	12952802	1710.7	1
12952802	12966820	1710.3	1
12966820	12988761	1710.7	1
12988761	13002858	1712.1	1
13002858	13016573	1710.1	1
13016573	13036082	1709.5	1
13036082	13057641	1710.7	1
13057641	13065527	1711.3	1
13065527	13078594	1711.1	1
13078594	13098467	1709.9	1
13098467	13109821	1709.7	1
13109821	13121260	1709.7	1
13121260	13140331	1709.9	1
13140331	13155652	1709.7	1
13155652	13168167	1708.7	1
13168167	13177672	1708.7	1
13177672	13195522	1708.9	1
13195522	13213103	1710.1	1
13213103	13221740	1709.3	1
13221740	13239605	1709.7	1
13239605	13248131	1708.3	1
13248131	13271672	1708.7	1
13271672	13285332	1708.7	1
13285332	13297490	1709.1	1
13297490	13312841	1709.1	1
13312841	13319630	1710.1	1
13319630	13340289	1710.3	1
13340289	13354504	1711.5	1
13354504	13363355	1711.1	1
13363355	13376849	1709.3	1
13376849	13391245	1709.5	1
13391245	13412490	1706.9	1
13412490	13428590	1709.7	1
13428590	13436317	1708.3	1
13436317	13456436	1709.1	1
13456436	13469674	1708.9	1
13469674	13478344	1710.7	1
13478344	13497702	1710.5	1
13497702	13511669	1710.7	1
13511669	13522470	1711.9	1
13522470	13531252	1711.1	1
13531252	13553915	1710.1	1
13553915	13572185	1711.5	1
13572185	13579400	1710.7	1
13579400	13592390	1710.5	1
13592390	13605490	1710.5	1
13605490	13626732	1711.9	1
13626732	13636355	1711.7	1
13636355	13650373	1710.1	1
13650373	13670220	1710.1	1
13670220	13681431	1708.7	1
13681431	13700126	1709.5	1
13700126	13715507	1709.9	1
13715507	13725776	1709.9	1
13725776	13733937	1711.3	1
13733937	13752273	1710.7	1
13752273	13765029	1710.3	1
13765029	13775773	1711.1	1
13775773	13789503	1710.3	1
13789503	13808572	1710.9	1
13808572	13824272	1711.3	1
13824272	13836080	1710.1	1
13836080	13848650	1710.7	1
13848650	13869031	1709.5	1
13869031	13883658	1710.5	1
13883658	13893347	1710.9	1
13893347	13912601	1711.1	1
13912601	13926903	1711.3	1
13926903	13934801	1711.9	1
13934801	13953368	1711.9	1
13953368	13962058	1710.7	1
13962058	13980573	1709.7	1
13980573	13992550	1711.1	1
13992550	14005847	1710.7	1
14005847	14020329	1709.9	1
14020329	14040983	1710.7	1
14040983	14054609	1710.7	1
14054609	14068762	1709.9	1
14068762	867	1710.1	1
867	14095236	1709.1	1
14095236	14106475	1741.6	1
14106475	14111903	1735.3	1
14111903	14122555	1734.3	1
14122555	14141095	1732.9	1
14141095	14158605	1729.3	1
14158605	14171094	1726.9	1
14171094	14179084	1726.7	1
14179084	14198537	1721.9	1
14198537	14206695	1720.9	1
14206695	14229392	1721.1	1
14229392	14242031	1719.1	1
14242031	14248992	1720.5	1
14248992	14268036	1717.7	1
14268036	14282355	1715.9	1
14282355	14296656	1716.1	1
14296656	14311923	1714.9	1
14311923	14325136	1715.1	1
14325136	14338841	1714.3	1
14338841	14347583	1714.3	1
14347583	14366620	1713.3	1
14366620	14383793	1712.9	1
14383793	14396928	1711.1	1
14396928	14410740	1712.3	1
14410740	14425214	1711.5	1
14425214	14443880	1711.3	1
14443880	14450877	1710.5	1
14450877	14465901	1711.9	1
14465901	14484923	1711.1	1
14484923	14498705	1712.1	1
14498705	14513052	1710.7	1
14513052	14526246	1709.9	1
14526246	14532936	1710.3	1
14532936	14546854	1711.1	1
14546854	14567321	1710.3	1
14567321	14587637	1710.9	1
14587637	14601277	1711.1	1
14601277	14608115	1711.7	1
14608115	14621762	1712.3	1
14621762	14640477	1711.9	1
14640477	14651700	1709.9	1
14651700	14663953	1710.1	1
14663953	14683086	1710.7	1
14683086	14697451	1710.7	1
14697451	14705389	1710.1	1
14705389	14723150	1710.3	1
14723150	14737707	1710.9	1
14737707	14767189	1711.1	1
14767189	14777233	1711.3	1
14777233	14800558	1710.9	1
14800558	14807703	1709.7	1
14807703	14828390	1709.7	1
14828390	14842005	1708.9	1
14842005	14848967	1709.7	1
14848967	14868224	1711.3	1
14868224	14880166	1710.5	1
14880166	14894579	1710.7	1
14894579	14912987	1709.7	1
14912987	15645130	1709.9	1
15645130	15658544	1710.1	1
15658544	15674985	1710.1	1
15674985	15688459	1710.1	1
15688459	15694298	1710.5	1
15694298	15708389	1710.5	1
15708389	15731061	1710.9	1
15731061	15741977	1711.9	1
15741977	15762195	1710.7	1
15762195	15769100	1710.7	1
15769100	15789574	1710.7	1
15789574	15803344	1710.3	1
15803344	15816785	1711.5	1
15816785	15831993	1710.3	1
15831993	15845426	1711.1	1
15845426	15858858	1709.9	1
15858858	15877059	1710.3	1
15877059	15890560	1709.7	1
15890560	15899646	1710.3	1
15899646	15918515	1709.3	1
15918515	15931126	1710.3	1
15931126	15947182	1738.6	1
15947182	15952564	1734.5	1
15952564	15962719	1732.5	1
15962719	15974573	1731.3	1
15974573	15994709	1728.3	1
15994709	16003722	1723.9	1
16003722	16017116	1725.9	1
16017116	16030196	1722.9	1
16030196	16046394	1721.7	1
16046394	16058120	1743.6	1
16058120	16066766	1736.5	1
16066766	16076803	1735.5	1
16076803	16092769	1733.9	1
16092769	16105060	1732.7	1
16105060	16121068	1728.9	1
16121068	16138023	1727.9	1
16138023	16151509	1727.7	1
16151509	16166119	1727.3	1
16166119	16178827	1723.1	1
16178827	16189667	1720.9	1
16189667	16202464	1719.7	1
16202464	16216469	1717.9	1
16216469	16229811	1717.3	1
16229811	16243748	1715.1	1
16243748	16263087	1714.7	1
16263087	16274673	1715.3	1
16274673	16288136	1713.3	1
16288136	16302238	1712.9	1
16302238	16333770	1712.1	1
16333770	16350453	1712.9	1
16350453	16360053	1712.3	1
16360053	16379420	1712.5	1
16379420	16388738	1711.5	1
16388738	16412868	1710.7	1
16412868	16420963	1710.5	1
16420963	16431188	1710.1	1
16431188	16452220	1709.9	1
16452220	16460808	1709.9	1
16460808	16484816	1710.5	1
16484816	16495811	1710.7	1
16495811	16520077	1710.9	1
16520077	16533087	1710.3	1
16533087	16552901	1710.5	1
16552901	16561125	1711.7	1
16561125	16573980	1711.3	1
16573980	16594465	1710.9	1
16594465	16602017	1710.7	1
16602017	16633979	1711.7	1
16633979	16647520	1710.9	1
16647520	16662198	1710.1	1
16662198	16675233	1710.5	1
16675233	16695933	1708.7	1
16695933	16709739	1709.7	1
16709739	16723435	1708.7	1
16723435	16731386	1711.9	1
16731386	16751645	1709.5	1
16751645	16772632	1709.5	1
16772632	16783258	1709.9	1
16783258	16796917	1710.7	1
16796917	16812551	1710.1	1
16812551	16824464	1709.7	1
16824464	16841902	1710.1	1
16841902	16855754	1710.9	1
16855754	16862699	1710.9	1
16862699	16882056	1709.9	1
16882056	16890406	1709.9	1
16890406	16915927	1710.7	1
16915927	16927756	1711.3	1
16927756	16939602	1711.1	1
16939602	16953211	1710.5	1
16953211	16964411	1709.5	1
16964411	16985739	1709.5	1
16985739	16999718	1711.5	1
16999718	17008013	1709.7	1
17008013	17017706	1710.3	1
17017706	17031943	1741.2	1
17031943	17047622	1734.7	1
17047622	17061640	1733.5	1
17061640	17079314	1732.1	1
17079314	17096209	1729.7	1
17096209	17114458	1725.1	1
17114458	17120927	1723.7	1
17120927	17141155	1723.1	1
17141155	17154671	1722.1	1
17154671	17162026	1720.5	1
17162026	17180609	1718.3	1
17180609	17191957	1717.3	1
17191957	17208385	1715.7	1
17208385	17225167	1716.5	1
17225167	17233116	1715.9	1
17233116	17251677	1715.3	1
17251677	17266095	1738.0	1
17266095	17271701	1734.1	1
17271701	17282602	1732.9	1
17282602	17294062	1731.3	1
17294062	17311561	1730.9	1
17311561	17330194	1727.5	1
17330194	17345722	1724.3	1
17345722	17353635	1721.1	1
17353635	17367787	1722.1	1
17367787	17380762	1720.9	1
17380762	17396744	1718.1	1
17396744	17410107	1716.5	1
17410107	17430720	1714.3	1
17430720	17438385	1714.7	1
17438385	17458338	1714.7	1
17458338	17472008	1714.7	1
17472008	17481547	1713.3	1
17481547	17502812	1712.9	1
17502812	17509495	1712.5	1
17509495	17529400	1711.9	1
17529400	17540827	1713.1	1
17540827	17554668	1712.1	1
17554668	17568402	1713.3	1
17568402	17586725	1713.5	1
17586725	17601042	1713.1	1
17601042	17614260	1712.5	1
17614260	17630725	1711.5	1
17630725	17644482	1710.7	1
17644482	17658390	1711.1	1
17658390	17665830	1710.7	1
17665830	17692182	1711.7	1
17692182	17703889	1710.9	1
17703889	17717347	1712.9	1
17717347	17732788	1711.9	1
17732788	17745350	1712.3	1
17745350	17759744	1710.9	1
17759744	17769383	1710.9	1
17769383	17783136	1710.9	1
17783136	17803320	1711.1	1
17803320	17810291	1710.9	1
17810291	17834229	1711.3	1
17834229	17840805	1711.3	1
17840805	17859552	1712.1	1
17859552	17874592	1711.7	1
17874592	17887928	1711.3	1
17887928	17906808	1710.7	1
17906808	17913783	1709.9	1
17913783	17932618	1709.5	1
17932618	17945941	1710.1	1
17945941	17960270	1710.1	1
17960270	17976316	1709.7	1
17976316	17990979	1709.3	1
17990979	18000218	1709.7	1
18000218	18013823	1710.3	1
18013823	18032862	1710.7	1
18032862	18050490	1709.7	1
18050490	18058567	1710.1	1
18058567	18070852	1710.7	1
18070852	18084212	1711.7	1
18084212	18102931	1712.3	1
18102931	18113916	1710.9	1
18113916	18133559	1711.7	1
18133559	18147876	1711.7	1
18147876	18154104	1712.7	1
18154104	18168717	1711.7	1
18168717	18191811	1711.5	1
18191811	18203696	1710.5	1
18203696	18212260	1709.9	1
18212260	18225081	1711.3	1
18225081	18245179	1710.3	1
18245179	18258798	1711.3	1
18258798	18278132	1710.5	1
18278132	18289577	1710.9	1
18289577	18300079	1711.5	1
18300079	18313849	1710.9	1
18313849	18329722	1710.5	1
18329722	18348790	1711.7	1
18348790	18362164	1710.1	1
18362164	18369061	1710.5	1
18369061	18383118	1711.9	1
18383118	18408119	1711.1	1
18408119	18414258	1711.5	1
18414258	18433811	1711.7	1
18433811	18442668	1710.5	1
18442668	18460699	1711.3	1
18460699	18472197	1711.3	1
18472197	18483943	1710.5	1
18483943	18500069	1710.7	1
18500069	18513716	1713.7	1
18513716	18527471	1711.3	1
18527471	18549227	1711.1	1
18549227	18556906	1712.5	1
18556906	18575928	1711.7	1
18575928	18589632	1711.9	1
18589632	18603345	1711.7	1
18603345	18623497	1710.9	1
18623497	18629969	1711.7	1
18629969	18649528	1710.9	1
18649528	18662005	1710.9	1
18662005	18671802	1711.1	1
18671802	18693036	1711.5	1
18693036	18706790	1711.5	1
18706790	18720623	1710.3	1
18720623	18734669	1711.3	1
18734669	18748191	1710.7	1
18748191	18761946	1710.5	1
18761946	18772183	1710.7	1
18772183	18790797	1710.3	1
18790797	18804340	1710.7	1
18804340	18817746	1710.9	1
18817746	18839753	1711.9	1
18839753	18859251	1711.5	1
18859251	18872912	1710.7	1
18872912	18888823	1710.7	1
18888823	18903741	1710.7	1
18903741	18914650	1710.9	1
18914650	18935389	1711.1	1
18935389	18949299	1711.9	1
18949299	18963154	1710.3	1
18963154	18976334	1711.7	1
18976334	18995327	1711.1	1
18995327	19004897	1711.5	1
19004897	19021290	1711.5	1
19021290	19034033	1710.7	1
19034033	19045981	1711.7	1
19045981	19066736	1711.3	1
19066736	19080263	1711.5	1
19080263	19087516	1711.1	1
19087516	19101172	1710.7	1
19101172	19120364	1712.1	1
19120364	19137797	1711.5	1
19137797	19154858	1710.9	1
19154858	19158559	1711.1	1
19158559	19172531	1711.1	1
19172531	19196834	1711.3	1
19196834	19209591	1711.5	1
19209591	19222597	1711.1	1
19222597	19230903	1710.7	1
19230903	19249940	1710.5	1
19249940	19267263	1711.7	1
19267263	19280896	1711.3	1
19280896	19288668	1713.1	1
19288668	19308802	1709.9	1
19308802	19322418	1710.9	1
19322418	19340150	1710.5	1
19340150	19346920	1710.5	1
19346920	19362585	1710.5	1
19362585	19374762	1711.7	1
19374762	19388770	1710.9	1
19388770	19408716	1712.5	1
19408716	19415299	1711.1	1
19415299	19434057	1711.7	1
19434057	19443033	1710.5	1
19443033	19462577	1710.5	1
19462577	19482895	1710.9	1
19482895	19496847	1710.3	1
19496847	19503214	1711.9	1
19503214	19516712	1711.5	1
19516712	19554842	1711.3	1
19554842	19571872	1734.1	1
19571872	19583845	1732.7	1
19583845	19596632	1731.7	1
19596632	19609758	1729.7	1
19609758	19623223	1727.9	1
19623223	19632800	1724.3	1
19632800	19649255	1723.9	1
19649255	19661431	1722.1	1
19661431	19680404	1721.9	1
19680404	19692895	1718.7	1
19692895	19705321	1718.1	1
19705321	19718912	1719.7	1
19718912	19739543	1716.7	1
19739543	19753253	1715.9	1
19753253	19768056	1714.5	1
19768056	19777366	1715.7	1
19777366	19794896	1712.7	1
19794896	19802230	1712.5	1
19802230	19822468	1711.7	1
19822468	19837232	1712.1	1
19837232	19850143	1711.7	1
19850143	19863900	1711.7	1
19863900	19870795	1712.7	1
19870795	19884526	1716.1	1
19884526	19912492	1712.3	1
19912492	19919441	1712.3	1
19919441	19939684	1711.5	1
19939684	19953279	1714.9	1
19953279	19960203	1711.5	1
19960203	19980923	1711.7	1
19980923	99999999	1711.9	1
