#Processing Run 48597 for polarization tables
#The run table thinks this was a DPERPL2 run
#Corresponding AMO file is :/home/clasg8/rootbeer2.1/dat/pol/amo_tesc_48579.dat
#Coherent Edge positions for TESC events follow:
#Event	Coh Edge	PolPlane(PARA=0,PERP=1,AMO=2,CHANGING=3)
0	8756	1676.0	1
8756	22253	1680.0	1
22253	35528	1679.0	1
35528	46199	1678.4	1
46199	64692	1678.2	1
64692	83512	1679.4	1
83512	96403	1681.8	1
96403	109333	1681.4	1
109333	121846	1678.4	1
121846	131793	1683.0	1
131793	154637	1677.6	1
154637	168671	1681.0	1
168671	175650	1680.2	1
175650	189693	1680.6	1
189693	203584	1682.0	1
203584	224536	1680.8	1
224536	237584	1680.4	1
237584	252760	1679.6	1
252760	263595	1679.4	1
263595	277881	1679.4	1
277881	297114	1680.8	1
297114	308679	1679.4	1
308679	325475	1678.8	1
325475	343928	1675.8	1
343928	354106	1679.2	1
354106	372894	1677.8	1
372894	386110	1677.8	1
386110	393547	1678.0	1
393547	407225	1679.6	1
407225	428296	1678.4	1
428296	442572	1680.2	1
442572	457229	1680.2	1
457229	467451	1679.8	1
467451	483111	1675.8	1
483111	496950	1679.4	1
496950	516810	1677.4	1
516810	531881	1676.2	1
531881	545761	1670.1	1
545761	559876	1677.8	1
559876	574200	1678.6	1
574200	591382	1680.8	1
591382	604102	1680.2	1
604102	614025	1680.2	1
614025	631599	1679.6	1
631599	641189	1678.6	1
641189	666713	1678.0	1
666713	677316	1678.4	1
677316	691418	1678.2	1
691418	699906	1678.6	1
699906	735763	1680.4	1
735763	744565	1679.0	1
744565	761382	1679.4	1
761382	772740	1679.0	1
772740	786976	1678.6	1
786976	810823	1678.4	1
810823	821717	1678.8	1
821717	848234	1679.0	1
848234	861827	1677.6	1
861827	885850	1679.2	1
885850	893007	1679.8	1
893007	910654	1677.2	1
910654	921651	1679.8	1
921651	938320	1680.6	1
938320	957514	1680.0	1
957514	970445	1677.8	1
970445	985135	1677.6	1
985135	993582	1678.8	1
993582	1012459	1679.0	1
1012459	1026166	1679.6	1
1026166	1037952	1680.4	1
1037952	1054956	1680.8	1
1054956	1082744	1680.2	1
1082744	1103831	1708.5	1
1103831	1117574	1703.7	1
1117574	1146098	1696.2	1
1146098	1159863	1691.9	1
1159863	1183208	1686.1	1
1183208	1193883	1683.0	1
1193883	1207255	1682.4	1
1207255	1221862	1682.2	1
1221862	1235958	1683.2	1
1235958	1250869	1681.0	1
1250869	1263060	1683.2	1
1263060	1276820	1681.6	1
1276820	1285622	1681.4	1
1285622	1299752	1677.6	1
1299752	1334905	1673.9	1
1334905	1338105	1682.4	1
1338105	1356470	1680.8	1
1356470	1370533	1680.2	1
1370533	1384796	1679.8	1
1384796	1398548	1680.2	1
1398548	1409256	1679.2	1
1409256	1427093	1678.6	1
1427093	1441357	1679.2	1
1441357	1455843	1678.2	1
1455843	1476268	1679.2	1
1476268	1484051	1679.8	1
1484051	1498277	1680.6	1
1498277	1515793	1678.8	1
1515793	1525702	1678.8	1
1525702	1548162	1681.4	1
1548162	1561767	1680.4	1
1561767	1575851	1680.2	1
1575851	1584499	1679.4	1
1584499	1604178	1678.8	1
1604178	1618367	1679.2	1
1618367	1629968	1679.6	1
1629968	1643302	1680.4	1
1643302	1658854	1679.0	1
1658854	1672597	1678.8	1
1672597	1690289	1679.8	1
1690289	1704953	1678.2	1
1704953	1716997	1680.6	1
1716997	1733357	1678.6	1
1733357	1747457	1676.8	1
1747457	1771305	1672.9	1
1771305	1777642	1678.8	1
1777642	1791644	1678.8	1
1791644	1809907	1680.0	1
1809907	1823731	1677.0	1
1823731	1837786	1679.4	1
1837786	1851621	1680.4	1
1851621	1866267	1680.6	1
1866267	1880257	1673.5	1
1880257	1897889	1676.4	1
1897889	1913598	1676.6	1
1913598	1923245	1681.4	1
1923245	1943955	1679.6	1
1943955	1951745	1680.8	1
1951745	1972954	1680.0	1
1972954	1987029	1681.4	1
1987029	2005725	1679.2	1
2005725	2018085	1710.1	1
2018085	2032300	1706.7	1
2032300	2053182	1701.7	1
2053182	2064920	1694.4	1
2064920	2080840	1691.3	1
2080840	2094504	1685.0	1
2094504	2108464	1672.9	1
2108464	2135250	1690.7	1
2135250	2149689	1683.4	1
2149689	2163933	1680.2	1
2163933	2177575	1681.4	1
2177575	2202432	1681.4	1
2202432	2209892	1682.0	1
2209892	2227174	1680.4	1
2227174	2236199	1679.4	1
2236199	2251832	1679.2	1
2251832	2269117	1678.8	1
2269117	2286566	1680.8	1
2286566	2296372	1679.2	1
2296372	2311105	1678.0	1
2311105	2328533	1680.6	1
2328533	2346742	1682.0	1
2346742	2359842	1679.2	1
2359842	2375068	1677.4	1
2375068	2388125	1676.4	1
2388125	2400762	1681.6	1
2400762	2422042	1678.4	1
2422042	2431934	1678.4	1
2431934	2446024	1678.2	1
2446024	2456941	1679.4	1
2456941	2473468	1679.8	1
2473468	2494578	1679.4	1
2494578	2501682	1679.4	1
2501682	2520868	1679.6	1
2520868	2529856	1679.6	1
2529856	2543978	1681.0	1
2543978	2562352	1680.6	1
2562352	2574955	1680.8	1
2574955	2596257	1680.4	1
2596257	2611094	1712.9	1
2611094	2631743	1706.7	1
2631743	2639629	1697.1	1
2639629	2652509	1694.4	1
2652509	2666500	1692.3	1
2666500	2680064	1688.9	1
2680064	2705344	1687.5	1
2705344	2712405	1684.4	1
2712405	2729519	1682.4	1
2729519	2743202	1725.5	1
2743202	2756553	1714.5	1
2756553	2772019	1709.7	1
2772019	2790483	1703.3	1
2790483	2803041	1697.0	1
2803041	2821738	1692.4	1
2821738	2835089	1690.9	1
2835089	2844219	1691.1	1
2844219	2867719	1685.0	1
2867719	2875997	1683.2	1
2875997	2892440	1681.0	1
2892440	2907691	1680.0	1
2907691	2922758	1683.8	1
2922758	2941053	1682.8	1
2941053	2951277	1682.0	1
2951277	2963833	1677.8	1
2963833	2973858	1678.8	1
2973858	2987271	1681.2	1
2987271	3009773	1680.6	1
3009773	3022589	1681.2	1
3022589	3037862	1679.8	1
3037862	3052155	1680.4	1
3052155	3059710	1680.6	1
3059710	3084829	1682.8	1
3084829	3098351	1681.6	1
3098351	3107256	1681.6	1
3107256	3118532	1681.8	1
3118532	3134614	1681.6	1
3134614	3147891	1679.4	1
3147891	3157767	1681.6	1
3157767	3168033	1681.0	1
3168033	3181682	1683.4	1
3181682	3191328	1683.8	1
3191328	3212178	1686.4	1
3212178	3222025	1685.2	1
3222025	3230193	1681.6	1
3230193	3238362	1685.8	1
3238362	3247121	1690.5	1
3247121	3258128	1689.5	1
3258128	3274025	1693.1	1
3274025	3294393	1688.9	1
3294393	3316041	1719.3	1
3316041	3334593	1708.3	1
3334593	3341618	1701.1	1
3341618	3361948	1696.7	1
3361948	3374542	1688.9	1
3374542	3387067	1690.9	1
3387067	3402215	1691.1	1
3402215	3414316	1689.9	1
3414316	3428741	1724.5	1
3428741	3441621	1717.1	1
3441621	3468759	1715.1	1
3468759	3474440	1703.3	1
3474440	3496357	1698.9	1
3496357	3502732	1694.4	1
3502732	3521681	1693.5	1
3521681	3538806	1692.1	1
3538806	3547013	1692.1	1
3547013	3560603	1694.9	1
3560603	3578390	1690.5	1
3578390	3596663	1687.5	1
3596663	3608628	1683.0	1
3608628	3621206	1688.1	1
3621206	3640863	1682.2	1
3640863	3648712	1683.6	1
3648712	3663839	1681.4	1
3663839	3675766	1683.4	1
3675766	3693361	1682.4	1
3693361	3707745	1685.0	1
3707745	3718811	1685.6	1
3718811	3726250	1683.4	1
3726250	3738216	1684.6	1
3738216	3754246	1685.8	1
3754246	3763456	1682.4	1
3763456	3775874	1681.2	1
3775874	3790442	1684.0	1
3790442	3808653	1681.4	1
3808653	3825676	1682.8	1
3825676	3839696	1683.0	1
3839696	3853483	1682.8	1
3853483	3868795	1682.6	1
3868795	3881505	1681.6	1
3881505	3894541	1678.2	1
3894541	3902986	1680.2	1
3902986	3911071	1683.2	1
3911071	3923467	1684.6	1
3923467	3940911	1689.7	1
3940911	3943998	1687.8	1
3943998	3960174	1690.3	1
3960174	3965540	1687.2	1
3965540	3980197	1689.1	1
3980197	3994358	1687.8	1
3994358	4005594	1687.0	1
4005594	4012279	1686.0	1
4012279	4026138	1686.6	1
4026138	4036940	1689.1	1
4036940	4051230	1693.3	1
4051230	4058957	1689.0	1
4058957	4074023	1690.7	1
4074023	4086695	1692.3	1
4086695	4095082	1689.1	1
4095082	4111501	1689.9	1
4111501	4124110	1682.4	1
4124110	4133156	1685.2	1
4133156	4142849	1683.2	1
4142849	4155702	1688.5	1
4155702	4175179	1686.8	1
4175179	4189940	1686.8	1
4189940	4202039	1685.8	1
4202039	4212202	1686.4	1
4212202	4224625	1685.6	1
4224625	4240600	1687.2	1
4240600	4256827	1683.4	1
4256827	4264917	1684.0	1
4264917	4277852	1687.3	1
4277852	4297677	1681.8	1
4297677	4312089	1682.8	1
4312089	4320232	1684.2	1
4320232	4339880	1680.8	1
4339880	4354013	1681.2	1
4354013	4367737	1681.6	1
4367737	4381860	1678.2	1
4381860	4398035	1679.4	1
4398035	4408215	1680.2	1
4408215	4425958	1681.0	1
4425958	4437796	1680.2	1
4437796	4455222	1680.0	1
4455222	4474573	1679.6	1
4474573	4481817	1678.0	1
4481817	4502180	1677.6	1
4502180	4509947	1677.6	1
4509947	4529872	1676.8	1
4529872	4542211	1679.6	1
4542211	4556983	1679.0	1
4556983	4573796	1678.2	1
4573796	4589606	1678.0	1
4589606	4603540	1677.0	1
4603540	4615571	1678.6	1
4615571	4629641	1678.4	1
4629641	4644024	1677.2	1
4644024	4658271	1677.2	1
4658271	4677317	1678.4	1
4677317	4687915	1678.2	1
4687915	4707469	1678.4	1
4707469	4716365	1680.0	1
4716365	4736401	1676.4	1
4736401	4746533	1678.0	1
4746533	4764182	1677.8	1
4764182	4778463	1680.4	1
4778463	4787305	1680.0	1
4787305	4806992	1670.1	1
4806992	4824259	1671.5	1
4824259	4842955	1681.8	1
4842955	4857476	1683.2	1
4857476	4871246	1678.0	1
4871246	4885422	1670.3	1
4885422	4904358	1669.5	1
4904358	4915896	1677.4	1
4915896	4926035	1677.6	1
4926035	4941304	1677.6	1
4941304	4956246	1677.4	1
4956246	4972209	1676.8	1
4972209	4988669	1679.0	1
4988669	5002282	1677.2	1
5002282	5011289	1679.4	1
5011289	5030491	1679.8	1
5030491	5042016	1678.4	1
5042016	5071757	1680.8	1
5071757	5085643	1679.2	1
5085643	5095917	1671.9	1
5095917	5117170	1675.8	1
5117170	5134522	1674.3	1
5134522	5148443	1680.8	1
5148443	5159517	1679.8	1
5159517	5173699	1681.4	1
5173699	5194834	1679.4	1
5194834	5209414	1679.6	1
5209414	5223452	1677.0	1
5223452	5238013	1672.3	1
5238013	5251703	1676.4	1
5251703	5266521	1676.4	1
5266521	5281615	1677.4	1
5281615	5295293	1678.2	1
5295293	5306552	1679.4	1
5306552	5320505	1681.6	1
5320505	5339679	1678.6	1
5339679	5351631	1682.6	1
5351631	5370989	1681.2	1
5370989	5385809	1673.1	1
5385809	5394550	1673.1	1
5394550	5418912	1673.1	1
5418912	5426345	1678.6	1
5426345	5438992	1679.4	1
5438992	5457576	1679.4	1
5457576	5466605	1678.8	1
5466605	5485082	1679.8	1
5485082	5499350	1679.0	1
5499350	5516410	1678.2	1
5516410	5526462	1676.8	1
5526462	5543327	1673.1	1
5543327	5565897	1680.2	1
5565897	5576449	1681.0	1
5576449	5584949	1679.4	1
5584949	5604589	1681.0	1
5604589	5613278	1680.4	1
5613278	5632610	1681.8	1
5632610	5644211	1682.4	1
5644211	5660002	1677.4	1
5660002	5675791	1678.4	1
5675791	5689915	1678.0	1
5689915	5710882	1677.2	1
5710882	5718119	1678.2	1
5718119	5738369	1678.8	1
5738369	5752163	1679.2	1
5752163	5764630	1678.4	1
5764630	5784753	1679.8	1
5784753	5792925	1680.4	1
5792925	5806128	1677.8	1
5806128	5819681	1674.1	1
5819681	5837792	1676.8	1
5837792	5852089	1671.9	1
5852089	5869949	1678.0	1
5869949	5883754	1676.4	1
5883754	5896780	1676.6	1
5896780	5910511	1678.0	1
5910511	5926174	1678.2	1
5926174	5943722	1678.4	1
5943722	5952233	1677.2	1
5952233	5966253	1670.3	1
5966253	5980754	1672.1	1
5980754	5997934	1677.4	1
5997934	6010697	1679.6	1
6010697	6024769	1680.2	1
6024769	6038910	1674.3	1
6038910	6053053	1676.0	1
6053053	6077121	1678.0	1
6077121	6089798	1679.0	1
6089798	6102143	1676.8	1
6102143	6116165	1672.1	1
6116165	6126199	1679.4	1
6126199	6153323	1679.2	1
6153323	6159471	1679.6	1
6159471	6176941	1679.4	1
6176941	6190818	1677.6	1
6190818	6204698	1679.6	1
6204698	6223509	1679.4	1
6223509	6232808	1676.4	1
6232808	6250099	1678.6	1
6250099	6265127	1678.0	1
6265127	6277926	1679.2	1
6277926	6299444	1678.0	1
6299444	6308845	1676.8	1
6308845	6323799	1678.2	1
6323799	6337904	1678.6	1
6337904	6357623	1680.2	1
6357623	6370491	1708.9	1
6370491	6386413	1709.7	1
6386413	6399275	1703.7	1
6399275	6413584	1695.0	1
6413584	6434773	1689.5	1
6434773	6445460	1687.1	1
6445460	6463290	1688.3	1
6463290	6474563	1684.4	1
6474563	6490636	1684.8	1
6490636	6508034	1682.8	1
6508034	6521758	1681.8	1
6521758	6532915	1682.4	1
6532915	6547162	1681.2	1
6547162	6560696	1681.4	1
6560696	6585319	1680.4	1
6585319	6594044	1680.4	1
6594044	6610325	1682.2	1
6610325	6624787	1682.0	1
6624787	6633496	1678.8	1
6633496	6653173	1679.8	1
6653173	6664764	1678.6	1
6664764	6679342	1679.4	1
6679342	6694090	1677.6	1
6694090	6710615	1672.9	1
6710615	6727763	1678.6	1
6727763	6738433	1679.0	1
6738433	6753953	1680.4	1
6753953	6767696	1676.8	1
6767696	6780160	1680.2	1
6780160	6801235	1679.4	1
6801235	6811747	1679.2	1
6811747	6830187	1680.6	1
6830187	6840813	1679.6	1
6840813	6857698	1679.2	1
6857698	6877780	1680.0	1
6877780	6885632	1678.4	1
6885632	6902458	1680.4	1
6902458	6918187	1676.6	1
6918187	6948608	1679.2	1
6948608	6963350	1679.2	1
6963350	6977311	1681.0	1
6977311	6985524	1676.6	1
6985524	7005225	1677.6	1
7005225	7019820	1672.5	1
7019820	7037226	1674.3	1
7037226	7045483	1676.8	1
7045483	7062828	1679.2	1
7062828	7073911	1676.8	1
7073911	7094673	1677.2	1
7094673	7109965	1677.6	1
7109965	7119076	1677.2	1
7119076	7139403	1681.0	1
7139403	7147673	1678.8	1
7147673	7170624	1672.7	1
7170624	7183473	1673.9	1
7183473	7190497	1676.4	1
7190497	7204919	1676.6	1
7204919	7218164	1671.7	1
7218164	7246037	1676.6	1
7246037	7259403	1677.6	1
7259403	7269147	1680.6	1
7269147	7282736	1673.1	1
7282736	7300070	1676.0	1
7300070	7321881	1672.7	1
7321881	7332726	1677.6	1
7332726	7346825	1678.6	1
7346825	7360594	1680.0	1
7360594	7374214	1680.2	1
7374214	7389060	1677.4	1
7389060	7401420	1677.4	1
7401420	7417935	1677.6	1
7417935	7428852	1672.5	1
7428852	7448762	1672.3	1
7448762	7459412	1677.0	1
7459412	7477929	1678.2	1
7477929	7487272	1677.0	1
7487272	7500555	1707.3	1
7500555	7514641	1698.3	1
7514641	7532543	1696.0	1
7532543	7544474	1694.2	1
7544474	7561276	1690.7	1
7561276	7572051	1688.1	1
7572051	7588504	1687.7	1
7588504	7608383	1688.5	1
7608383	7621682	1683.6	1
7621682	7636104	1679.8	1
7636104	7647087	1678.2	1
7647087	7664096	1678.6	1
7664096	7685455	1678.7	1
7685455	7691255	1681.4	1
7691255	7706562	1683.0	1
7706562	7720567	1680.6	1
7720567	7734601	1677.8	1
7734601	7757661	1682.0	1
7757661	7763314	1679.0	1
7763314	7777381	1677.2	1
7777381	7792663	1675.8	1
7792663	7812644	1677.0	1
7812644	7826780	1678.8	1
7826780	7840665	1681.2	1
7840665	7854950	1679.2	1
7854950	7866084	1679.6	1
7866084	7880240	1679.4	1
7880240	7898762	1673.1	1
7898762	7917291	1676.8	1
7917291	7925528	1677.0	1
7925528	7943115	1672.9	1
7943115	7957408	1678.6	1
7957408	7975838	1673.3	1
7975838	7987886	1680.0	1
7987886	7997447	1679.8	1
7997447	8013528	1677.8	1
8013528	8023605	1680.2	1
8023605	8051754	1677.8	1
8051754	8060365	1677.6	1
8060365	8076600	1672.9	1
8076600	8090903	1678.8	1
8090903	8103343	1673.3	1
8103343	8123060	1680.4	1
8123060	8137207	1677.6	1
8137207	8146595	1676.8	1
8146595	8165336	1677.6	1
8165336	8172433	1678.8	1
8172433	8192745	1680.6	1
8192745	8204163	1673.1	1
8204163	8217982	1672.5	1
8217982	8235694	1677.0	1
8235694	8249738	1673.9	1
8249738	8270757	1674.1	1
8270757	8281625	1678.8	1
8281625	8292256	1680.0	1
8292256	8306136	1679.0	1
8306136	8320432	1679.6	1
8320432	8339774	1677.0	1
8339774	8356063	1677.2	1
8356063	8370157	1678.6	1
8370157	8384412	1673.5	1
8384412	8392901	1677.8	1
8392901	8413839	1677.2	1
8413839	8427874	1678.6	1
8427874	8455291	1677.8	1
8455291	8466171	1676.8	1
8466171	8486072	1673.3	1
8486072	8502217	1677.4	1
8502217	8512265	1674.3	1
8512265	8529744	1674.1	1
8529744	8538740	1677.6	1
8538740	8560108	1673.3	1
8560108	8574225	1677.4	1
8574225	8588387	1677.6	1
8588387	8599419	1678.2	1
8599419	8612031	1675.5	1
8612031	8633678	1678.6	1
8633678	8649986	1677.2	1
8649986	8664374	1673.3	1
8664374	8678169	1672.7	1
8678169	8692427	1677.8	1
8692427	8707267	1672.5	1
8707267	8722555	1677.6	1
8722555	8736718	1678.0	1
8736718	8744894	1680.6	1
8744894	8763788	1677.4	1
8763788	8779272	1673.1	1
8779272	8791344	1672.3	1
8791344	8805248	1677.0	1
8805248	8822669	1673.5	1
8822669	8838425	1677.0	1
8838425	8857281	1671.9	1
8857281	8869696	1673.1	1
8869696	8883463	1676.4	1
8883463	8892537	1676.2	1
8892537	8911869	1673.1	1
8911869	8939472	1671.1	1
8939472	8956014	1681.6	1
8956014	8966507	1670.1	1
8966507	8984051	1678.4	1
8984051	9003675	1678.0	1
9003675	9016850	1678.6	1
9016850	9030897	1677.8	1
9030897	9040574	1673.3	1
9040574	9053157	1678.2	1
9053157	9072587	1670.3	1
9072587	9089962	1678.6	1
9089962	9098282	1679.2	1
9098282	9112423	1673.5	1
9112423	9127256	1676.6	1
9127256	9145439	1673.5	1
9145439	9159281	1678.0	1
9159281	9172905	1676.8	1
9172905	9189887	1673.5	1
9189887	9201911	1672.7	1
9201911	9224821	1677.0	1
9224821	9233035	1674.5	1
9233035	9249187	1678.0	1
9249187	9263408	1676.6	1
9263408	9273047	1678.4	1
9273047	9294241	1674.9	1
9294241	9304287	1677.6	1
9304287	9320392	1672.3	1
9320392	9336915	1678.2	1
9336915	9348333	1672.3	1
9348333	9373422	1678.2	1
9373422	9384417	1680.4	1
9384417	9396507	1679.6	1
9396507	9409772	1678.4	1
9409772	9418990	1677.6	1
9418990	9438666	1678.0	1
9438666	9456512	1679.4	1
9456512	9470156	1677.6	1
9470156	9482346	1672.7	1
9482346	9498765	1677.8	1
9498765	9512764	1678.0	1
9512764	9525668	1677.6	1
9525668	9541494	1679.0	1
9541494	9552674	1676.8	1
9552674	9569627	1679.2	1
9569627	9587216	1677.8	1
9587216	9598260	1678.8	1
9598260	9612316	1680.0	1
9612316	9633652	1672.9	1
9633652	9641001	1672.7	1
9641001	9666993	1674.1	1
9666993	9672413	1673.5	1
9672413	9686223	1676.6	1
9686223	9707169	1675.8	1
9707169	9720935	1711.9	1
9720935	9736653	1708.5	1
9736653	9748120	1696.8	1
9748120	9761260	1694.8	1
9761260	9778448	1692.1	1
9778448	9789086	1687.5	1
9789086	9808224	1688.1	1
9808224	9820272	1684.0	1
9820272	9834206	1680.0	1
9834206	9852527	1678.4	1
9852527	9862576	1681.8	1
9862576	9883905	1682.6	1
9883905	9896084	1683.6	1
9896084	9905109	1682.8	1
9905109	9924795	1679.4	1
9924795	9932555	1678.0	1
9932555	9956375	1679.2	1
9956375	9969782	1673.1	1
9969782	9984274	1679.2	1
9984274	10004867	1678.6	1
10004867	10018966	1680.8	1
10018966	10039087	1678.2	1
10039087	10046549	1674.3	1
10046549	10060749	1674.9	1
10060749	10081245	1678.0	1
10081245	10086143	1677.2	1
10086143	10102977	1674.1	1
10102977	10117019	1677.6	1
10117019	10127986	1672.1	1
10127986	10142005	1678.0	1
10142005	10159193	1677.0	1
10159193	10177819	1678.8	1
10177819	10186750	1679.0	1
10186750	10205984	1679.4	1
10205984	10215227	1680.2	1
10215227	10229470	1679.2	1
10229470	10251226	1672.9	1
10251226	10265665	1674.3	1
10265665	10276459	1678.2	1
10276459	10293484	1673.9	1
10293484	10307459	1678.2	1
10307459	10321529	1679.0	1
10321529	10337080	1679.4	1
10337080	10350740	1676.8	1
10350740	10361449	1674.7	1
10361449	10377295	1679.4	1
10377295	10398259	1674.5	1
10398259	10412298	1677.8	1
10412298	10426327	1678.6	1
10426327	10432790	1678.0	1
10432790	10447642	1678.0	1
10447642	10471643	1676.8	1
10471643	10482760	1677.8	1
10482760	10496993	1678.2	1
10496993	10511059	1678.4	1
10511059	10525355	1679.4	1
10525355	10546376	1676.2	1
10546376	10553643	1678.6	1
10553643	10569177	1678.8	1
10569177	10582642	1679.0	1
10582642	10594048	1678.0	1
10594048	10614550	1679.6	1
10614550	10625486	1680.6	1
10625486	10638739	1679.6	1
10638739	10651949	1678.4	1
10651949	10670759	1677.2	1
10670759	10689588	1674.9	1
10689588	10697200	1677.2	1
10697200	10714648	1678.2	1
10714648	10728890	1672.7	1
10728890	10742864	1680.4	1
10742864	10760874	1680.6	1
10760874	10770487	1677.4	1
10770487	10785404	1678.8	1
10785404	10804692	1677.6	1
10804692	10819550	1672.1	1
10819550	10828620	1676.0	1
10828620	10844749	1677.0	1
10844749	10858897	1678.8	1
10858897	10869134	1678.4	1
10869134	10883176	1674.7	1
10883176	10905561	1679.6	1
10905561	10919250	1678.6	1
10919250	10932183	1680.2	1
10932183	10946706	1677.4	1
10946706	10965328	1674.5	1
10965328	10979557	1672.3	1
10979557	10996038	1672.3	1
10996038	11011041	1678.0	1
11011041	11018308	1674.3	1
11018308	11032527	1677.8	1
11032527	11057007	1678.4	1
11057007	11065035	1678.6	1
11065035	11082669	1679.2	1
11082669	11094749	1677.4	1
11094749	11111365	1679.4	1
11111365	11128929	1680.4	1
11128929	11138867	1678.2	1
11138867	11152988	1676.8	1
11152988	11167132	1679.2	1
11167132	11181038	1674.7	1
11181038	11196043	1679.8	1
11196043	11212148	1679.6	1
11212148	11222979	1678.4	1
11222979	11239615	1673.3	1
11239615	11250519	1677.0	1
11250519	11271072	1677.8	1
11271072	11284576	1678.2	1
11284576	11298193	1677.4	1
11298193	11312374	1678.6	1
11312374	11330782	1680.0	1
11330782	11350177	1678.2	1
11350177	11362802	1678.6	1
11362802	11378278	1674.1	1
11378278	11390947	1673.9	1
11390947	11399454	1677.6	1
11399454	11420473	1679.8	1
11420473	11435248	1680.8	1
11435248	11445865	1678.0	1
11445865	11458893	1673.9	1
11458893	11477372	1678.6	1
11477372	11498578	1674.5	1
11498578	11510499	1676.8	1
11510499	11525254	1672.3	1
11525254	11537040	1674.5	1
11537040	11547741	1679.2	1
11547741	11570048	1679.4	1
11570048	11578363	1679.4	1
11578363	11597836	1678.4	1
11597836	11612092	1678.0	1
11612092	11626014	1679.4	1
11626014	11640391	1679.4	1
11640391	11652636	1677.0	1
11652636	11666505	1673.5	1
11666505	11685113	1670.9	1
11685113	11699181	1673.1	1
11699181	11717265	1678.8	1
11717265	11724157	1673.7	1
11724157	11745054	1680.2	1
11745054	11757266	1674.3	1
11757266	11771844	1679.6	1
11771844	11788157	1676.8	1
11788157	11802536	1677.4	1
11802536	11813536	1676.2	1
11813536	11827807	1673.5	1
11827807	11841872	1674.1	1
11841872	11866647	1673.9	1
11866647	11873155	1677.6	1
11873155	11890774	1677.8	1
11890774	11899745	1677.4	1
11899745	11917533	1679.0	1
11917533	11934056	1680.0	1
11934056	11950168	1673.7	1
11950168	11958835	1673.7	1
11958835	11978745	1675.1	1
11978745	11992266	1674.7	1
11992266	12007154	1677.8	1
12007154	12020792	1680.6	1
12020792	12034987	1679.0	1
12034987	12049414	1679.4	1
12049414	12064842	1673.9	1
12064842	12082000	1677.6	1
12082000	12098806	1677.0	1
12098806	12112391	1675.3	1
12112391	12126202	1678.0	1
12126202	12140150	1679.0	1
12140150	12159138	1678.6	1
12159138	12170599	1679.2	1
12170599	12184539	1676.8	1
12184539	12198672	1677.6	1
12198672	12209035	1674.1	1
12209035	12226662	1678.4	1
12226662	12243840	1672.7	1
12243840	12258230	1677.2	1
12258230	12272270	1679.0	1
12272270	12282954	1678.6	1
12282954	12305265	1677.2	1
12305265	12320004	1677.4	1
12320004	12334118	1674.9	1
12334118	12342265	1676.8	1
12342265	12361751	1678.2	1
12361751	12379756	1673.9	1
12379756	12388430	1670.3	1
12388430	12401953	1677.2	1
12401953	12418572	1677.2	1
12418572	12432665	1678.0	1
12432665	12453955	1679.4	1
12453955	12462385	1676.4	1
12462385	12479199	1678.4	1
12479199	12493610	1678.0	1
12493610	12507964	1680.4	1
12507964	12527016	1672.9	1
12527016	12539052	1672.5	1
12539052	12547982	1676.6	1
12547982	12568673	1678.4	1
12568673	12578058	1678.2	1
12578058	12602855	1678.4	1
12602855	12610338	1680.4	1
12610338	12628738	1681.4	1
12628738	12640177	1681.0	1
12640177	12650959	1678.2	1
12650959	12674399	1673.5	1
12674399	12687224	1673.7	1
12687224	12701678	1678.0	1
12701678	12709461	1677.8	1
12709461	12722866	1678.6	1
12722866	12742111	1679.6	1
12742111	12756888	1674.3	1
12756888	12771643	1677.4	1
12771643	12787078	1677.8	1
12787078	12799652	1675.1	1
12799652	12821220	1675.5	1
12821220	12832585	1679.6	1
12832585	12846757	1678.8	1
12846757	12855784	1680.2	1
12855784	12874591	1677.4	1
12874591	12894379	1673.5	1
12894379	12910395	1703.3	1
12910395	12925200	1700.3	1
12925200	12941001	1694.4	1
12941001	12948833	1692.9	1
12948833	12968708	1687.9	1
12968708	12979332	1685.0	1
12979332	12997511	1682.6	1
12997511	13011435	1682.8	1
13011435	13021564	1678.8	1
13021564	13046788	1679.2	1
13046788	13053915	1680.6	1
13053915	13066271	1681.2	1
13066271	13085233	1679.6	1
13085233	13099308	1679.8	1
13099308	13117610	1679.2	1
13117610	13131754	1681.4	1
13131754	13145425	1677.8	1
13145425	13153515	1679.2	1
13153515	13173828	1677.8	1
13173828	13187830	1677.8	1
13187830	13204014	1679.4	1
13204014	13218275	1679.6	1
13218275	13229436	1677.8	1
13229436	13243268	1678.0	1
13243268	13261994	1678.6	1
13261994	13278691	1681.4	1
13278691	13294019	1673.7	1
13294019	13301379	1673.9	1
13301379	13320396	1674.5	1
13320396	13335163	1680.6	1
13335163	13346632	1679.0	1
13346632	13364286	1679.2	1
13364286	13378082	1678.0	1
13378082	13392219	1678.0	1
13392219	13409713	1672.7	1
13409713	13423497	1676.8	1
13423497	13438647	1677.2	1
13438647	13445710	1676.6	1
13445710	13464661	1709.3	1
13464661	13485998	1699.5	1
13485998	13498571	1693.8	1
13498571	13505557	1691.9	1
13505557	13525798	1688.1	1
13525798	13534887	1683.4	1
13534887	13558139	1683.4	1
13558139	13569783	1683.0	1
13569783	13580969	1681.2	1
13580969	13595346	1680.6	1
13595346	13609678	1679.8	1
13609678	13625749	1679.0	1
13625749	13640049	1673.1	1
13640049	13658803	1678.8	1
13658803	13672073	1676.6	1
13672073	13681938	1674.5	1
13681938	13707853	1680.8	1
13707853	13712031	1678.0	1
13712031	13731127	1679.2	1
13731127	13745393	1679.0	1
13745393	13759312	1679.6	1
13759312	13773488	1680.6	1
13773488	13787006	1678.4	1
13787006	13795985	1677.2	1
13795985	13809443	1678.2	1
13809443	13823419	1679.8	1
13823419	13845624	1679.4	1
13845624	13862952	1677.0	1
13862952	13871246	1681.4	1
13871246	13892439	1678.6	1
13892439	13904657	1679.4	1
13904657	13919253	1680.2	1
13919253	13930388	1673.9	1
13930388	13949024	1673.9	1
13949024	13963147	1674.3	1
13963147	13977341	1679.2	1
13977341	13996728	1677.0	1
13996728	14008355	1678.2	1
14008355	14016897	1679.8	1
14016897	14031762	1679.8	1
14031762	14047326	1679.4	1
14047326	14065026	1678.2	1
14065026	14081543	1671.5	1
14081543	14095824	1673.5	1
14095824	14111966	1674.1	1
14111966	14119407	1679.8	1
14119407	14144163	1678.0	1
14144163	14154581	1680.0	1
14154581	14170299	1679.2	1
14170299	14178522	1677.4	1
14178522	14196966	1676.6	1
14196966	14212530	1673.7	1
14212530	14225855	1673.1	1
14225855	14238886	1678.0	1
14238886	14252992	1678.2	1
14252992	14268153	1672.5	1
14268153	14289404	1674.9	1
14289404	14303295	1678.8	1
14303295	14321554	1679.4	1
14321554	14330313	1680.0	1
14330313	14345122	1681.0	1
14345122	14360357	1681.8	1
14360357	14376278	1672.3	1
14376278	14390649	1671.3	1
14390649	14401519	1670.9	1
14401519	14415355	1678.2	1
14415355	14438780	1677.4	1
14438780	14449196	1672.3	1
14449196	14458787	1672.9	1
14458787	14472953	1678.8	1
14472953	14494288	1678.8	1
14494288	14507487	1676.8	1
14507487	14522514	1672.5	1
14522514	14533227	1677.8	1
14533227	14551158	1679.4	1
14551158	14565386	1673.3	1
14565386	14580697	1673.9	1
14580697	14593541	1678.4	1
14593541	14611775	1674.3	1
14611775	14624273	1680.0	1
14624273	14639309	1673.5	1
14639309	14657434	1674.1	1
14657434	14670616	1676.8	1
14670616	14684617	1677.2	1
14684617	14698263	1672.5	1
14698263	14712034	1672.1	1
14712034	14725322	1680.4	1
14725322	14738477	1679.4	1
14738477	14755160	1678.6	1
14755160	14768737	1676.8	1
14768737	14783206	1677.2	1
14783206	14805524	1672.7	1
14805524	14812645	1680.0	1
14812645	14830781	1679.0	1
14830781	14846205	1679.2	1
14846205	14858695	1678.2	1
14858695	14874380	1678.0	1
14874380	14889875	1677.2	1
14889875	14903758	1678.6	1
14903758	14912816	1679.0	1
14912816	14932286	1673.1	1
14932286	14947183	1676.8	1
14947183	14960948	1680.4	1
14960948	14974758	1674.5	1
14974758	14989384	1678.0	1
14989384	15006783	1680.6	1
15006783	15025904	1680.2	1
15025904	15038692	1680.4	1
15038692	15046327	1678.6	1
15046327	15067234	1679.0	1
15067234	15080032	1676.4	1
15080032	15099479	1673.9	1
15099479	15110334	1679.2	1
15110334	15121492	1677.0	1
15121492	15139320	1679.0	1
15139320	15155834	1676.0	1
15155834	15167119	1673.9	1
15167119	15185907	1679.0	1
15185907	15201038	1679.8	1
15201038	15213237	1677.2	1
15213237	15223292	1672.9	1
15223292	15241588	1680.4	1
15241588	15258186	1678.6	1
15258186	15266995	1680.6	1
15266995	15286147	1677.8	1
15286147	15296792	1679.8	1
15296792	15314383	1679.4	1
15314383	15334289	1679.2	1
15334289	15341366	1677.0	1
15341366	15356226	1675.6	1
15356226	15369854	1676.8	1
15369854	15395257	1676.6	1
15395257	15406304	1676.8	1
15406304	15417220	1677.8	1
15417220	15428504	1678.4	1
15428504	15446909	1677.4	1
15446909	15462424	1680.0	1
15462424	15473059	1679.6	1
15473059	15489064	1673.1	1
15489064	15501754	1677.4	1
15501754	15516061	1675.8	1
15516061	15541376	1673.9	1
15541376	15548437	1677.6	1
15548437	15562500	1678.8	1
15562500	15579264	1678.0	1
15579264	15592880	1677.8	1
15592880	15609170	1673.3	1
15609170	15626971	1676.4	1
15626971	15640597	1674.1	1
15640597	15654442	1673.1	1
15654442	15661701	1674.5	1
15661701	15679117	1676.6	1
15679117	15697311	1677.6	1
15697311	15710724	1678.4	1
15710724	15719188	1674.5	1
15719188	15739916	1674.5	1
15739916	15756961	1678.2	1
15756961	15768286	1672.9	1
15768286	15786328	1671.3	1
15786328	15796859	1676.4	1
15796859	15810982	1672.7	1
15810982	15832288	1672.1	1
15832288	15846422	1680.6	1
15846422	15857160	1680.8	1
15857160	15874723	1679.2	1
15874723	15884995	1677.8	1
15884995	15905911	1677.0	1
15905911	15916962	1672.1	1
15916962	15933034	1671.7	1
15933034	15948778	1678.4	1
15948778	15957570	1680.0	1
15957570	15978524	1679.0	1
15978524	15994842	1678.4	1
15994842	16009104	1677.2	1
16009104	16021957	1678.8	1
16021957	16036622	1678.4	1
16036622	16055029	1677.6	1
16055029	16063613	1674.1	1
16063613	16081474	1672.9	1
16081474	16095313	1674.1	1
16095313	16109563	1678.8	1
16109563	16121601	1679.6	1
16121601	16133589	1677.6	1
16133589	16148678	1674.7	1
16148678	16163809	1674.3	1
16163809	16174679	1676.5	1
16174679	16198625	1676.2	1
16198625	16208964	1667.5	1
16208964	16226898	1682.6	1
16226898	16240741	1682.6	1
16240741	16249082	1678.4	1
16249082	16269042	1671.7	1
16269042	16286764	1678.2	1
16286764	16297431	1678.4	1
16297431	16311576	1673.1	1
16311576	16329245	1678.0	1
16329245	16344152	1673.7	1
16344152	16361474	1677.6	1
16361474	16374509	1677.0	1
16374509	16388852	1678.2	1
16388852	16404172	1677.6	1
16404172	16421529	1675.1	1
16421529	16432673	1678.6	1
16432673	16446957	1673.1	1
16446957	16457756	1677.8	1
16457756	16475519	1678.6	1
16475519	16494893	1676.6	1
16494893	16510371	1677.2	1
16510371	16524188	1671.5	1
16524188	16538751	1672.5	1
16538751	16547307	1680.6	1
16547307	16561415	1679.8	1
16561415	16579655	1679.2	1
16579655	16594468	1679.2	1
16594468	16604555	1679.0	1
16604555	16617091	1672.1	1
16617091	16637080	1676.8	1
16637080	16654241	1672.1	1
16654241	16665568	1673.3	1
16665568	16677662	1677.6	1
16677662	16691276	1681.6	1
16691276	16711183	1678.6	1
16711183	16727987	1673.5	1
16727987	16735905	1677.6	1
16735905	16752376	1680.0	1
16752376	16766596	1677.8	1
16766596	16785114	1672.9	1
16785114	16799333	1673.3	1
16799333	16813724	1678.0	1
16813724	16828570	1677.2	1
16828570	16843161	1677.4	1
16843161	16856929	1677.2	1
16856929	16874571	1678.6	1
16874571	16888115	1677.8	1
16888115	16902413	1678.4	1
16902413	16916666	1678.2	1
16916666	16934076	1678.6	1
16934076	16948662	1682.0	1
16948662	16962765	1674.9	1
16962765	16976193	1676.8	1
16976193	16990469	1675.5	1
16990469	17003361	1677.0	1
17003361	17019515	1679.2	1
17019515	17033627	1677.6	1
17033627	17043485	1678.0	1
17043485	17060356	1673.5	1
17060356	17083104	1673.1	1
17083104	17090191	1678.0	1
17090191	17108561	1677.8	1
17108561	17123964	1678.4	1
17123964	17137418	1678.0	1
17137418	17156668	1677.2	1
17156668	17163942	1677.6	1
17163942	17178953	1677.4	1
17178953	17193645	1672.9	1
17193645	17210698	1672.3	1
17210698	17231908	1676.8	1
17231908	17238924	1678.0	1
17238924	17256363	1680.8	1
17256363	17267235	1680.0	1
17267235	17281551	1678.6	1
17281551	17303762	1679.2	1
17303762	17316762	1673.7	1
17316762	17325967	1678.2	1
17325967	17348610	1678.0	1
17348610	17359290	1674.1	1
17359290	17379417	1674.1	1
17379417	17384977	1680.4	1
17384977	17399237	1678.8	1
17399237	17413362	1678.8	1
17413362	17430504	1677.8	1
17430504	17445146	1677.6	1
17445146	17464441	1673.9	1
17464441	17477344	1671.7	1
17477344	17491612	1674.3	1
17491612	17501235	1672.5	1
17501235	17522462	1678.6	1
17522462	17537017	1676.8	1
17537017	17549071	1673.1	1
17549071	17560850	1699.4	1
17560850	17570324	1694.4	1
17570324	17590290	1693.9	1
17590290	17612051	1692.3	1
17612051	17618963	1691.3	1
17618963	17632309	1682.4	1
17632309	17645151	1683.6	1
17645151	17658571	1684.0	1
17658571	17682273	1683.4	1
17682273	17689861	1680.6	1
17689861	17704157	1681.0	1
17704157	17717363	1679.6	1
17717363	17735519	1681.2	1
17735519	17749622	1680.6	1
17749622	17768191	1679.6	1
17768191	17781243	1681.6	1
17781243	17795545	1678.0	1
17795545	17810036	1677.2	1
17810036	17824441	1678.8	1
17824441	17841774	1670.5	1
17841774	17850040	1670.9	1
17850040	17864031	1672.1	1
17864031	17881025	1673.3	1
17881025	17898347	1679.6	1
17898347	17913526	1679.4	1
17913526	17927811	1679.2	1
17927811	17939034	1679.2	1
17939034	17951071	1680.4	1
17951071	17969691	1678.6	1
17969691	17986901	1678.4	1
17986901	18001043	1677.2	1
18001043	18015118	1673.9	1
18015118	18028966	1673.3	1
18028966	18045418	1683.0	1
18045418	18061955	1680.0	1
18061955	18074772	1678.8	1
18074772	18089972	1681.4	1
18089972	18101281	1679.2	1
18101281	18116884	1679.8	1
18116884	18128342	1679.2	1
18128342	18143339	1675.1	1
18143339	18155999	1679.0	1
18155999	18171048	1677.8	1
18171048	18188528	1680.0	1
18188528	18199216	1679.2	1
18199216	18218209	1679.0	1
18218209	18232024	1680.6	1
18232024	18246228	1672.5	1
18246228	18263231	1672.9	1
18263231	18280138	1672.3	1
18280138	18289518	1676.2	1
18289518	18304219	1678.6	1
18304219	18322865	1677.0	1
18322865	18339433	1681.4	1
18339433	18348229	1676.8	1
18348229	18360778	1679.0	1
18360778	18375298	1678.2	1
18375298	18389162	1673.9	1
18389162	18409916	1676.8	1
18409916	18425570	1672.1	1
18425570	18433326	1670.3	1
18433326	18453794	1673.7	1
18453794	18467755	1679.8	1
18467755	18489901	1678.0	1
18489901	18503180	1673.5	1
18503180	18511222	1680.0	1
18511222	18531189	1676.6	1
18531189	18540164	1673.9	1
18540164	18559346	1672.1	1
18559346	18574751	1673.9	1
18574751	18589127	1678.0	1
18589127	18600854	1670.5	1
18600854	18616574	1672.1	1
18616574	18638513	1677.0	1
18638513	18663397	1678.0	1
18663397	18678388	1677.8	1
18678388	18690749	1677.0	1
18690749	18709238	1676.2	1
18709238	18719501	1678.0	1
18719501	18733912	1680.0	1
18733912	18748102	1678.8	1
18748102	18765578	1677.2	1
18765578	18783573	1679.0	1
18783573	18795773	1679.6	1
18795773	18811063	1678.4	1
18811063	18820541	1678.0	1
18820541	18834022	1672.3	1
18834022	18853471	1672.5	1
18853471	18872041	1677.8	1
18872041	18886092	1676.6	1
18886092	18900178	1677.2	1
18900178	18912076	1677.8	1
18912076	18926182	1679.2	1
18926182	18942444	1678.6	1
18942444	18956658	1681.2	1
18956658	18970827	1680.2	1
18970827	18985043	1678.8	1
18985043	18999535	1677.4	1
18999535	19013808	1677.8	1
19013808	19031226	1679.0	1
19031226	19046471	1677.6	1
19046471	19056861	1677.8	1
19056861	19077604	1680.0	1
19077604	19092844	1678.8	1
19092844	19106990	1677.2	1
19106990	19120759	1673.1	1
19120759	19128440	1673.7	1
19128440	19152895	1674.3	1
19152895	19160880	1678.2	1
19160880	19180675	1676.8	1
19180675	19191265	1679.0	1
19191265	19204147	1678.6	1
19204147	19230897	1673.7	1
19230897	19235259	1679.6	1
19235259	19254802	1679.6	1
19254802	19267562	1674.1	1
19267562	19277674	1677.2	1
19277674	19300038	1679.0	1
19300038	19313640	1678.6	1
19313640	19326850	1678.8	1
19326850	19336271	1676.8	1
19336271	19350078	1677.0	1
19350078	19374524	1681.0	1
19374524	19385847	1678.8	1
19385847	19397598	1673.1	1
19397598	19414858	1677.6	1
19414858	19428746	1677.4	1
19428746	19448313	1678.6	1
19448313	19457606	1678.2	1
19457606	19475454	1678.4	1
19475454	19490475	1677.6	1
19490475	19499703	1678.0	1
19499703	19526030	1678.4	1
19526030	19530282	1678.8	1
19530282	19547744	1678.2	1
19547744	19562038	1672.7	1
19562038	19576413	1672.7	1
19576413	19599356	1677.8	1
19599356	19604138	1679.2	1
19604138	19618209	1678.6	1
19618209	19632408	1678.8	1
19632408	19646662	1679.2	1
19646662	19666976	1680.2	1
19666976	19678801	1678.8	1
19678801	19692776	1678.2	1
19692776	19709944	1673.1	1
19709944	19723870	1674.5	1
19723870	19737853	1674.7	1
19737853	19752056	1678.6	1
19752056	19764363	1678.6	1
19764363	19778992	1680.0	1
19778992	19795757	1678.6	1
19795757	19810949	1678.0	1
19810949	19829321	1674.3	1
19829321	19838982	1672.7	1
19838982	19858528	1676.6	1
19858528	19878373	1710.3	1
19878373	19889413	1702.1	1
19889413	19907394	1696.3	1
19907394	19921531	1696.5	1
19921531	19935420	1695.0	1
19935420	19953669	1685.0	1
19953669	19963018	1686.5	1
19963018	19976022	1687.5	1
19976022	19994212	1683.6	1
19994212	20007938	1681.8	1
20007938	20023591	1682.6	1
20023591	20039911	1679.6	1
20039911	20053009	1679.8	1
20053009	20067020	1683.6	1
20067020	20081613	1679.8	1
20081613	20096855	1682.0	1
20096855	20109178	1679.6	1
20109178	20125723	1678.2	1
20125723	20141822	1681.0	1
20141822	20154122	1680.6	1
20154122	20175241	1678.0	1
20175241	20182267	1673.7	1
20182267	20201619	1677.8	1
20201619	20214914	1677.2	1
20214914	99999999	1680.0	1
