#Processing Run 48297 for polarization tables
#The run table thinks this was a DPERPL2 run
#Corresponding AMO file is :/home/clasg8/rootbeer2.1/dat/pol/amo_tesc_48290.dat
#Coherent Edge positions for TESC events follow:
#Event	Coh Edge	PolPlane(PARA=0,PERP=1,AMO=2,CHANGING=3)
59	15993	1329.2	1
15993	36047	1321.0	1
36047	43309	1314.8	1
43309	62412	1311.4	1
62412	72839	1307.1	1
72839	85493	1303.5	1
85493	101719	1300.9	1
101719	109832	1300.1	1
109832	123135	1297.3	1
123135	140718	1294.9	1
140718	153953	1293.7	1
153953	169914	1293.7	1
169914	180514	1291.9	1
180514	199843	1292.3	1
199843	210414	1287.6	1
210414	227021	1286.6	1
227021	240574	1289.3	1
240574	259579	-1.0	1
259579	268926	-1.0	1
268926	281380	-1.0	1
281380	301152	-1.0	1
301152	310091	-1.0	1
310091	318226	-1.0	1
318226	332592	-1.0	1
332592	340773	-1.0	1
340773	353872	-1.0	1
353872	369420	-1.0	1
369420	380322	-1.0	1
380322	397620	-1.0	1
397620	415304	-1.0	1
415304	424900	-1.0	1
424900	442986	-1.0	1
442986	451431	-1.0	1
451431	463455	-1.0	1
463455	477651	-1.0	1
477651	487279	-1.0	1
487279	503757	-1.0	1
503757	511055	-1.0	1
511055	522944	-1.0	1
522944	538520	-1.0	1
538520	563028	-1.0	1
563028	572247	-1.0	1
572247	583981	-1.0	1
583981	603841	-1.0	1
603841	607941	-1.0	1
607941	619982	-1.0	1
619982	637808	-1.0	1
637808	649762	-1.0	1
649762	667787	-1.0	1
667787	679885	-1.0	1
679885	690692	-1.0	1
690692	704353	-1.0	1
704353	745512	-1.0	1
745512	769105	-1.0	1
769105	780187	-1.0	1
780187	793330	-1.0	1
793330	805595	-1.0	1
805595	817685	-1.0	1
817685	832074	-1.0	1
832074	841671	-1.0	1
841671	859125	-1.0	1
859125	867692	-1.0	1
867692	882005	-1.0	1
882005	893973	-1.0	1
893973	903064	-1.0	1
903064	917024	-1.0	1
917024	925359	-1.0	1
925359	943159	-1.0	1
943159	949246	-1.0	1
949246	982140	-1.0	1
982140	996679	-1.0	1
996679	1031798	-1.0	1
1031798	1048015	-1.0	1
1048015	1065460	-1.0	1
1065460	1080779	-1.0	1
1080779	1092621	-1.0	1
1092621	1109430	-1.0	1
1109430	1116676	-1.0	1
1116676	1133122	-1.0	1
1133122	1145478	-1.0	1
1145478	1152268	-1.0	1
1152268	1172601	-1.0	1
1172601	1176606	-1.0	1
1176606	1194529	-1.0	1
1194529	1206574	-1.0	1
1206574	1212938	-1.0	1
1212938	1230632	-1.0	1
1230632	1244606	-1.0	1
1244606	1256645	-1.0	1
1256645	1263753	-1.0	1
1263753	1275206	-1.0	1
1275206	1290631	-1.0	1
1290631	1303062	-1.0	1
1303062	1314677	-1.0	1
1314677	1331393	-1.0	1
1331393	1338375	-1.0	1
1338375	1356888	-1.0	1
1356888	1364901	-1.0	1
1364901	1380263	-1.0	1
1380263	1389730	-1.0	1
1389730	1401043	-1.0	1
1401043	1416109	-1.0	1
1416109	1427855	-1.0	1
1427855	1440095	-1.0	1
1440095	1451830	-1.0	1
1451830	1468406	-1.0	1
1468406	1481869	-1.0	1
1481869	1493765	-1.0	1
1493765	1500160	-1.0	1
1500160	1511676	-1.0	1
1511676	1523817	-1.0	1
1523817	1542199	1307.7	1
1542199	1556827	1310.8	1
1556827	1568424	1309.8	1
1568424	1581857	1310.0	1
1581857	1609736	1310.1	1
1609736	1625891	1309.8	1
1625891	1634880	1307.7	1
1634880	1648995	1310.0	1
1648995	1661544	1309.8	1
1661544	1681641	1283.6	1
1681641	1693036	1283.8	1
1693036	1700884	1283.0	1
1700884	1716836	1283.4	1
1716836	1727574	1283.4	1
1727574	1755609	1284.4	1
1755609	1762802	1283.4	1
1762802	1776820	1283.8	1
1776820	1789934	1284.0	1
1789934	1803513	1284.0	1
1803513	1818578	1285.4	1
1818578	1836229	1284.6	1
1836229	1843949	1283.0	1
1843949	1863405	1283.8	1
1863405	1871212	1283.4	1
1871212	1891090	1283.6	1
1891090	1904482	1283.6	1
1904482	1913234	1285.4	1
1913234	1926477	1284.6	1
1926477	1944576	1283.6	1
1944576	1958861	1283.6	1
1958861	1974453	1283.8	1
1974453	1985298	1284.6	1
1985298	2003869	1283.0	1
2003869	2015596	1284.2	1
2015596	2030870	1284.4	1
2030870	2045702	1284.4	1
2045702	2059073	1283.8	1
2059073	2067731	1283.8	1
2067731	2085241	1283.4	1
2085241	2099445	1284.0	1
2099445	2109734	1283.0	1
2109734	2125871	1283.6	1
2125871	2139147	1283.0	1
2139147	2152502	1283.0	1
2152502	2168845	1283.0	1
2168845	2184397	1283.6	1
2184397	2193278	1284.6	1
2193278	2205279	1284.0	1
2205279	2219004	1284.6	1
2219004	2240574	1284.2	1
2240574	2254078	1283.6	1
2254078	2267576	1283.4	1
2267576	2280396	1284.0	1
2280396	2288395	1283.4	1
2288395	2308249	1283.8	1
2308249	2319864	1282.6	1
2319864	2339120	1283.4	1
2339120	2346296	1283.8	1
2346296	2359303	1283.4	1
2359303	2382104	1284.6	1
2382104	2393871	1283.8	1
2393871	2402253	1284.8	1
2402253	2422333	1283.2	1
2422333	2433994	1283.8	1
2433994	2449312	1283.4	1
2449312	2462867	1283.0	1
2462867	2472710	1283.6	1
2472710	2486199	1283.8	1
2486199	2499566	1286.8	1
2499566	2521754	1282.4	1
2521754	2532802	1282.8	1
2532802	2546374	1284.2	1
2546374	2556345	1284.2	1
2556345	2573105	1283.6	1
2573105	2588109	1284.8	1
2588109	2604321	1283.6	1
2604321	2617164	1283.8	1
2617164	2627178	1283.6	1
2627178	2641043	1285.8	1
2641043	2662846	1283.8	1
2662846	2670688	1283.2	1
2670688	2683122	1284.2	1
2683122	2697384	1284.2	1
2697384	2711261	1282.6	1
2711261	2733679	1282.6	1
2733679	2739136	1285.0	1
2739136	2752467	1284.0	1
2752467	2770548	1284.6	1
2770548	2783952	1284.0	1
2783952	2799647	1283.8	1
2799647	2808810	1283.8	1
2808810	2821918	1283.4	1
2821918	2837100	1283.4	1
2837100	2855285	1284.0	1
2855285	2867095	1283.6	1
2867095	2880351	1282.8	1
2880351	2892724	1284.8	1
2892724	2911363	1284.8	1
2911363	2919980	1284.0	1
2919980	2937677	1282.8	1
2937677	2949244	1283.2	1
2949244	2967603	1284.4	1
2967603	2980843	1283.4	1
2980843	2988062	1283.0	1
2988062	3008491	1283.6	1
3008491	3020576	1281.6	1
3020576	3037446	1283.6	1
3037446	3051023	1283.2	1
3051023	3059343	1283.4	1
3059343	3076149	1282.8	1
3076149	3089690	1284.2	1
3089690	3103012	1287.0	1
3103012	3120538	1283.4	1
3120538	3129918	1282.4	1
3129918	3151286	1283.2	1
3151286	3159572	1282.8	1
3159572	3176891	1283.2	1
3176891	3186067	1282.4	1
3186067	3199398	1282.6	1
3199398	3217028	1283.0	1
3217028	3230504	1282.8	1
3230504	3245473	1282.2	1
3245473	3258683	1283.2	1
3258683	3269043	1282.8	1
3269043	3285933	1283.0	1
3285933	3304357	1282.8	1
3304357	3313933	1282.8	1
3313933	3324983	1283.2	1
3324983	3342813	1282.2	1
3342813	3358117	1282.0	1
3358117	3378514	1283.4	1
3378514	3390222	1282.4	1
3390222	3403118	1284.4	1
3403118	3429859	1284.2	1
3429859	3438569	1283.4	1
3438569	3451636	1283.8	1
3451636	3464525	1283.2	1
3464525	3477584	1282.8	1
3477584	3494455	1284.0	1
3494455	3507873	1284.0	1
3507873	3519520	1284.2	1
3519520	3531915	1286.2	1
3531915	3544951	1284.2	1
3544951	3561972	1284.0	1
3561972	3575007	1284.2	1
3575007	3588177	1285.0	1
3588177	3600111	1284.8	1
3600111	3613083	1284.8	1
3613083	3628373	1286.2	1
3628373	3642019	1284.2	1
3642019	3655696	1283.6	1
3655696	3671477	1283.8	1
3671477	3685517	1284.6	1
3685517	3705290	1284.0	1
3705290	3712950	1284.6	1
3712950	3726257	1283.2	1
3726257	3738121	1284.2	1
3738121	3747494	1284.0	1
3747494	3764466	1285.6	1
3764466	3777500	1284.0	1
3777500	3790614	1284.6	1
3790614	3803679	1284.0	1
3803679	3816564	1283.2	1
3816564	3834007	1283.6	1
3834007	3845116	1283.8	1
3845116	3858735	1284.6	1
3858735	3871405	1283.2	1
3871405	3883006	1284.2	1
3883006	3901560	1284.8	1
3901560	3913906	1284.2	1
3913906	3932138	1283.8	1
3932138	3940851	1284.2	1
3940851	3953461	1283.6	1
3953461	3969571	1283.8	1
3969571	3979244	1284.2	1
3979244	3997337	1284.4	1
3997337	4005312	1284.8	1
4005312	4020786	1284.6	1
4020786	4035914	1284.2	1
4035914	4051172	1285.0	1
4051172	4065754	1286.8	1
4065754	4078662	1284.6	1
4078662	4088725	1285.8	1
4088725	4103111	1284.4	1
4103111	4116094	1284.2	1
4116094	4128452	1284.4	1
4128452	4146186	1284.2	1
4146186	4155392	1283.6	1
4155392	4175489	1284.0	1
4175489	4183954	1285.6	1
4183954	4195504	1289.9	1
4195504	4210120	1284.8	1
4210120	4227696	1285.0	1
4227696	4243841	1284.4	1
4243841	4255138	1284.4	1
4255138	4267179	1283.0	1
4267179	4279565	1280.8	1
4279565	4293941	1282.2	1
4293941	4309428	1285.2	1
4309428	4322968	1285.6	1
4322968	4336477	1284.2	1
4336477	4354946	1284.0	1
4354946	4363723	1284.0	1
4363723	4380684	1283.4	1
4380684	4397148	1282.0	1
4397148	4411286	1284.0	1
4411286	4418880	1282.8	1
4418880	4432499	1282.6	1
4432499	4450971	1286.6	1
4450971	4465217	1283.6	1
4465217	4479529	1282.8	1
4479529	4491958	1283.0	1
4491958	4511116	1282.0	1
4511116	4522932	1283.2	1
4522932	4532788	1282.6	1
4532788	4552413	1282.6	1
4552413	4560078	1284.0	1
4560078	4573117	1282.6	1
4573117	4593415	1283.0	1
4593415	4606774	1282.6	1
4606774	4616724	1284.2	1
4616724	4633575	1283.6	1
4633575	4643458	1282.0	1
4643458	4663020	1283.4	1
4663020	4673844	1283.8	1
4673844	4687285	1283.6	1
4687285	4700824	1281.4	1
4700824	4713622	1283.2	1
4713622	4731461	1283.8	1
4731461	4742458	1282.8	1
4742458	4762245	1283.2	1
4762245	4782550	1283.0	1
4782550	4801113	1282.8	1
4801113	4815092	1282.8	1
4815092	4827197	1282.6	1
4827197	4841075	1283.2	1
4841075	4855896	1282.8	1
4855896	4876846	1283.8	1
4876846	4884417	1283.2	1
4884417	4897808	1283.4	1
4897808	4917117	1283.0	1
4917117	4928910	1282.8	1
4928910	4944167	1283.4	1
4944167	4957613	1283.2	1
4957613	4971032	1281.8	1
4971032	4984738	1283.0	1
4984738	4994327	1283.4	1
4994327	5018252	1282.6	1
5018252	5025299	1283.8	1
5025299	5038922	1283.8	1
5038922	5052363	1286.2	1
5052363	5065766	1284.2	1
5065766	5085746	1285.2	1
5085746	5099242	1286.0	1
5099242	5106203	1284.0	1
5106203	5122506	1283.2	1
5122506	5135598	1283.2	1
5135598	5153413	1284.2	1
5153413	5163435	1283.6	1
5163435	5182204	1283.0	1
5182204	5192979	1283.6	1
5192979	5206581	1282.6	1
5206581	5228040	1282.2	1
5228040	5239695	1282.4	1
5239695	5248193	1283.4	1
5248193	5261804	1283.6	1
5261804	5275565	1283.2	1
5275565	5299505	1286.2	1
5299505	5309593	1284.0	1
5309593	5319058	1283.4	1
5319058	5332640	1287.3	1
5332640	5349863	1283.2	1
5349863	5363259	1284.8	1
5363259	5376251	1283.4	1
5376251	5389829	1284.0	1
5389829	5403405	1283.4	1
5403405	5420351	1282.8	1
5420351	5436753	1282.4	1
5436753	5450306	1291.9	1
5450306	5457043	1283.8	1
5457043	5477093	1283.8	1
5477093	5490428	1282.6	1
5490428	5503895	1284.4	1
5503895	5515904	1282.8	1
5515904	5528056	1282.8	1
5528056	5544624	1284.2	1
5544624	5554889	1284.0	1
5554889	5571396	1284.4	1
5571396	5584841	1283.2	1
5584841	5598742	1283.8	1
5598742	5611899	1283.2	1
5611899	5625360	1283.8	1
5625360	5643591	1284.0	1
5643591	5653390	1282.0	1
5653390	5666813	1283.6	1
5666813	5680165	1283.8	1
5680165	5699291	1283.8	1
5699291	5712827	1284.4	1
5712827	5729397	1284.4	1
5729397	5738083	1282.8	1
5738083	5756296	1282.8	1
5756296	5766735	1284.6	1
5766735	5783014	1283.4	1
5783014	5798137	1284.4	1
5798137	5810814	1283.6	1
5810814	5821179	1282.8	1
5821179	5833318	1283.4	1
5833318	5851288	1283.8	1
5851288	5864160	1282.8	1
5864160	5876334	1281.8	1
5876334	5891926	1282.2	1
5891926	5907562	1282.0	1
5907562	5922875	1281.8	1
5922875	5934272	1282.6	1
5934272	5950638	1283.0	1
5950638	5961245	1282.2	1
5961245	5974624	1283.4	1
5974624	5991709	1283.4	1
5991709	6008460	1284.6	1
6008460	6021840	1283.8	1
6021840	6035456	1283.0	1
6035456	6046796	1283.4	1
6046796	6062345	1283.2	1
6062345	6073925	1281.8	1
6073925	6087637	1282.2	1
6087637	6103181	1285.2	1
6103181	6114714	1284.4	1
6114714	6131546	1282.8	1
6131546	6143360	1283.4	1
6143360	6156822	1283.0	1
6156822	6171078	1283.0	1
6171078	6188330	1283.4	1
6188330	6209397	1282.8	1
6209397	6214550	1284.4	1
6214550	6227292	1284.6	1
6227292	6241344	1284.4	1
6241344	6253599	1283.8	1
6253599	6270835	1283.6	1
6270835	6284205	1284.0	1
6284205	6297601	1284.4	1
6297601	6310811	1284.4	1
6310811	6324666	1285.2	1
6324666	6342240	1283.8	1
6342240	6358523	1284.4	1
6358523	6366459	1285.2	1
6366459	6385224	1284.0	1
6385224	6392252	1285.0	1
6392252	6410090	1285.0	1
6410090	6423776	1284.2	1
6423776	6436466	1284.0	1
6436466	6450572	1285.0	1
6450572	6466552	1283.8	1
6466552	6487195	1283.6	1
6487195	6493700	1284.0	1
6493700	6507096	1284.2	1
6507096	6526251	1284.8	1
6526251	6537772	1283.2	1
6537772	6556034	1283.2	1
6556034	6568905	1283.6	1
6568905	6581079	1284.0	1
6581079	6588231	1285.2	1
6588231	6607913	1283.6	1
6607913	6621182	1284.8	1
6621182	6632342	1284.4	1
6632342	6648093	1283.6	1
6648093	6661219	1284.0	1
6661219	6672586	1284.2	1
6672586	6694075	1284.0	1
6694075	6715615	1283.6	1
6715615	6732575	1285.0	1
6732575	6747806	1283.6	1
6747806	6762584	1284.4	1
6762584	6776067	1284.8	1
6776067	6786724	1284.0	1
6786724	6802488	1284.2	1
6802488	6814887	1283.4	1
6814887	6832256	1283.2	1
6832256	6842703	1284.8	1
6842703	6859776	1284.8	1
6859776	6874219	1283.2	1
6874219	6883002	1285.4	1
6883002	6904121	1284.8	1
6904121	6910179	1285.0	1
6910179	6929953	1284.2	1
6929953	6943555	1284.0	1
6943555	6950389	1284.0	1
6950389	6967002	1283.2	1
6967002	6995941	1284.6	1
6995941	7017623	1282.6	1
7017623	7020830	1283.0	1
7020830	7044883	1282.8	1
7044883	7051675	1283.8	1
7051675	7070269	1283.8	1
7070269	7084202	1284.0	1
7084202	7097145	1283.2	1
7097145	7111789	1284.0	1
7111789	7119754	1285.0	1
7119754	7138916	1285.8	1
7138916	7148290	1284.4	1
7148290	7166001	1283.8	1
7166001	7180081	1283.6	1
7180081	7192919	1284.2	1
7192919	7220095	1284.4	1
7220095	7237604	1283.2	1
7237604	7255555	1284.4	1
7255555	7261966	1283.6	1
7261966	7280146	1284.8	1
7280146	7293025	1284.6	1
7293025	7302224	1283.8	1
7302224	7321204	1284.0	1
7321204	7332958	1283.6	1
7332958	7345096	1282.6	1
7345096	7359272	1283.8	1
7359272	7375946	1282.0	1
7375946	7393807	1284.6	1
7393807	7421670	1284.8	1
7421670	7435721	1283.8	1
7435721	7449142	1284.4	1
7449142	7463215	1283.6	1
7463215	7476689	1283.6	1
7476689	7484627	1283.6	1
7484627	7498984	1283.2	1
7498984	7511975	1284.0	1
7511975	7535163	1284.0	1
7535163	7544072	1285.0	1
7544072	7559749	1284.2	1
7559749	7570839	1284.2	1
7570839	7582389	1284.2	1
7582389	7598255	1284.2	1
7598255	7617725	1284.2	1
7617725	7631424	1284.0	1
7631424	7645758	1284.4	1
7645758	7656371	1285.0	1
7656371	7671807	1285.0	1
7671807	7682931	1284.8	1
7682931	7698679	1284.4	1
7698679	7708871	1284.6	1
7708871	7722483	1284.8	1
7722483	7744292	1285.0	1
7744292	7752548	1284.8	1
7752548	7770457	1284.8	1
7770457	7779545	1285.0	1
7779545	7793006	1285.2	1
7793006	7813102	1285.2	1
7813102	7821321	1285.0	1
7821321	7834541	1287.0	1
7834541	7847656	1283.0	1
7847656	7867139	1284.2	1
7867139	7887353	1285.8	1
7887353	7894109	1286.0	1
7894109	7907917	1286.2	1
7907917	7921396	1285.2	1
7921396	7932926	1286.8	1
7932926	7954681	1285.2	1
7954681	7961963	1285.6	1
7961963	7980083	1285.8	1
7980083	7992657	1285.4	1
7992657	8028527	1286.0	1
8028527	8048569	1285.4	1
8048569	8068634	1286.8	1
8068634	8075247	1286.0	1
8075247	8094295	1285.6	1
8094295	8108965	1287.0	1
8108965	8122343	1285.8	1
8122343	8149211	1285.8	1
8149211	8177717	1286.4	1
8177717	8189631	1285.8	1
8189631	8205438	1286.0	1
8205438	8218449	1286.4	1
8218449	8235452	1286.2	1
8235452	8249078	1285.4	1
8249078	8257339	1285.8	1
8257339	8270561	1285.6	1
8270561	8284359	1285.0	1
8284359	8303702	1283.8	1
8303702	8330856	1284.2	1
8330856	8344475	1284.6	1
8344475	8358072	1284.0	1
8358072	8385091	1283.8	1
8385091	8398159	1283.6	1
8398159	8414683	1284.4	1
8414683	8430086	1284.4	1
8430086	8444893	1284.0	1
8444893	8455348	1283.8	1
8455348	8474824	1283.8	1
8474824	8481686	1284.0	1
8481686	8499486	1284.4	1
8499486	8512917	1284.8	1
8512917	8528708	1284.0	1
8528708	8542273	1283.8	1
8542273	8565830	1288.7	1
8565830	8586943	1290.9	1
8586943	8600245	1284.6	1
8600245	8613700	1284.0	1
8613700	8625578	1283.6	1
8625578	8633883	1283.0	1
8633883	8656808	1282.4	1
8656808	8664699	1283.8	1
8664699	8677966	1283.2	1
8677966	8695987	1283.2	1
8695987	8708335	1283.6	1
8708335	8728453	1285.6	1
8728453	8735223	1285.2	1
8735223	8752799	1283.8	1
8752799	8780137	1284.4	1
8780137	8796236	1284.6	1
8796236	8820073	1284.2	1
8820073	8836783	1285.6	1
8836783	8844441	1284.8	1
8844441	8863812	1284.0	1
8863812	8877186	1284.2	1
8877186	8889902	1285.0	1
8889902	8906027	1284.0	1
8906027	8920121	1284.2	1
8920121	8938107	1284.0	1
8938107	8963446	1284.4	1
8963446	8976175	1283.4	1
8976175	9012886	1283.2	1
9012886	9019206	1284.2	1
9019206	9033131	1283.2	1
9033131	9078769	1283.8	1
9078769	9086136	1283.8	1
9086136	9104167	1283.0	1
9104167	9116305	1283.6	1
9116305	9126906	1283.4	1
9126906	9151138	1287.2	1
9151138	9158622	1286.4	1
9158622	9174049	1283.8	1
9174049	9187665	1284.2	1
9187665	9195190	1284.8	1
9195190	9214618	1284.2	1
9214618	9230492	1284.2	1
9230492	9247330	1285.0	1
9247330	9258006	1288.9	1
9258006	9271551	1286.2	1
9271551	9288312	1283.4	1
9288312	9302941	1284.6	1
9302941	9316485	1284.2	1
9316485	9328190	1284.4	1
9328190	9336851	1289.9	1
9336851	9359478	1285.2	1
9359478	9370686	1286.2	1
9370686	9384410	1284.0	1
9384410	9395705	1285.4	1
9395705	9408224	1294.1	1
9408224	9439280	1284.8	1
9439280	9454418	1285.0	1
9454418	9467959	1286.0	1
9467959	9478982	1284.6	1
9478982	9501636	1284.8	1
9501636	9509542	1284.2	1
9509542	9520342	1284.6	1
9520342	9539224	1283.6	1
9539224	9546781	1283.8	1
9546781	9566412	1283.2	1
9566412	9578290	1283.2	1
9578290	9593323	1287.6	1
9593323	9606067	1283.2	1
9606067	9619662	1283.2	1
9619662	9634343	1284.6	1
9634343	9647199	1281.6	1
9647199	9660685	1277.8	1
9660685	9679277	1284.8	1
9679277	9694756	1285.4	1
9694756	9714243	1284.6	1
9714243	9721667	1284.4	1
9721667	9735293	1284.8	1
9735293	9745468	1283.8	1
9745468	9758813	1284.2	1
9758813	9780622	1284.0	1
9780622	9793658	1283.8	1
9793658	9801917	1282.8	1
9801917	9815531	1282.8	1
9815531	9831856	1283.2	1
9831856	9847201	1284.8	1
9847201	9857202	1286.4	1
9857202	9876353	1284.4	1
9876353	9883856	1284.2	1
9883856	9897124	1282.8	1
9897124	9916600	1283.6	1
9916600	9940891	1283.6	1
9940891	9957031	1286.2	1
9957031	9972801	1283.2	1
9972801	9994206	1285.0	1
9994206	10004109	1284.2	1
10004109	10015271	1284.4	1
10015271	10031099	1283.4	1
10031099	10043101	1282.8	1
10043101	10063299	1284.0	1
10063299	10068215	1282.6	1
10068215	10086903	1282.0	1
10086903	10094166	1282.8	1
10094166	10113726	1282.6	1
10113726	10130847	1283.0	1
10130847	10145977	1282.2	1
10145977	10159454	1283.2	1
10159454	10172963	1283.2	1
10172963	10200000	1283.0	1
10200000	10213544	1282.8	1
10213544	10226945	1282.8	1
10226945	10233806	1282.6	1
10233806	10247403	1282.6	1
10247403	10267422	1283.0	1
10267422	10278248	1283.4	1
10278248	10293559	1282.8	1
10293559	10309016	1287.8	1
10309016	10322246	1283.2	1
10322246	10337356	1283.8	1
10337356	10347993	1282.8	1
10347993	10368445	1283.0	1
10368445	10380074	1284.2	1
10380074	10393579	1282.8	1
10393579	10408947	1283.0	1
10408947	10422010	1282.8	1
10422010	10445583	1285.0	1
10445583	10462767	1282.8	1
10462767	10482791	1282.2	1
10482791	10489191	1283.4	1
10489191	10502812	1283.0	1
10502812	10516671	1282.0	1
10516671	10533056	1283.2	1
10533056	10548197	1283.2	1
10548197	10558095	1283.6	1
10558095	10577450	1287.8	1
10577450	10591003	1288.9	1
10591003	10603363	1282.4	1
10603363	10624251	1282.8	1
10624251	10633067	1281.8	1
10633067	10649398	1282.4	1
10649398	10659696	1283.6	1
10659696	10673712	1283.0	1
10673712	10691982	1283.0	1
10691982	10698871	1282.4	1
10698871	10716378	1284.2	1
10716378	10730304	1282.4	1
10730304	10739389	1282.4	1
10739389	10760743	1282.6	1
10760743	10772706	1282.8	1
10772706	10786303	1283.0	1
10786303	10793860	1282.4	1
10793860	10813130	1283.2	1
10813130	10826607	1281.8	1
10826607	10842061	1283.2	1
10842061	10858972	1282.6	1
10858972	10867369	1282.6	1
10867369	10879653	1281.8	1
10879653	10897847	1282.6	1
10897847	10914906	1283.8	1
10914906	10927866	1284.0	1
10927866	10941936	1283.6	1
10941936	10955576	1283.6	1
10955576	10968969	1283.4	1
10968969	10982318	1283.8	1
10982318	10992336	1284.4	1
10992336	11009626	1284.4	1
11009626	11023197	1284.6	1
11023197	11043350	1284.6	1
11043350	11053399	1284.6	1
11053399	11066086	1283.0	1
11066086	11077434	1284.4	1
11077434	11093555	1283.8	1
11093555	11111271	1283.4	1
11111271	11126206	1283.6	1
11126206	11135078	1283.4	1
11135078	11152336	1284.0	1
11152336	11159917	1284.2	1
11159917	11179519	1284.2	1
11179519	11192283	1284.8	1
11192283	11204415	1284.4	1
11204415	11219043	1284.2	1
11219043	11232550	1285.0	1
11232550	11253711	1285.8	1
11253711	11260771	1283.8	1
11260771	11280757	1284.4	1
11280757	11292825	1283.6	1
11292825	11301248	1285.2	1
11301248	11319143	1284.4	1
11319143	11337000	1284.0	1
11337000	11350241	1283.6	1
11350241	11358806	1282.6	1
11358806	11374710	1291.1	1
11374710	11389390	1285.8	1
11389390	11402811	1282.8	1
11402811	11416433	1282.8	1
11416433	11429934	1285.2	1
11429934	11443325	1280.6	1
11443325	11461391	1282.2	1
11461391	11477120	1284.0	1
11477120	11490623	1288.7	1
11490623	11500962	1282.0	1
11500962	11517825	1284.4	1
11517825	11538135	1281.4	1
11538135	11546946	1283.6	1
11546946	11556040	1282.8	1
11556040	11569408	1283.4	1
11569408	11586449	1284.2	1
11586449	11600860	1284.8	1
11600860	11617753	1285.2	1
11617753	11625446	1284.2	1
11625446	11638831	1283.4	1
11638831	11652251	1283.4	1
11652251	11671728	1283.8	1
11671728	11684398	1283.6	1
11684398	11697052	1283.0	1
11697052	11712767	1286.8	1
11712767	11726517	1283.2	1
11726517	11741353	1285.8	1
11741353	11770128	1283.0	1
11770128	11783457	1283.2	1
11783457	11796909	1282.8	1
11796909	11813824	1282.8	1
11813824	11819950	1282.8	1
11819950	11840232	1283.0	1
11840232	11846996	1282.4	1
11846996	11860495	1282.6	1
11860495	11886914	1283.0	1
11886914	11895837	1282.4	1
11895837	11908419	1282.4	1
11908419	11922225	1286.0	1
11922225	11935843	1283.8	1
11935843	11956233	1283.4	1
11956233	11962168	1283.0	1
11962168	11980409	1282.6	1
11980409	11994520	1288.0	1
11994520	12004319	1284.0	1
12004319	12022489	1282.8	1
12022489	12029968	1284.4	1
12029968	12043174	1283.0	1
12043174	12063044	1282.6	1
12063044	12070289	1282.6	1
12070289	12101956	1282.8	1
12101956	12117307	1283.6	1
12117307	12129795	1283.2	1
12129795	12143040	1282.4	1
12143040	12164072	1289.1	1
12164072	12191130	1283.0	1
12191130	12197701	1281.8	1
12197701	12216329	1282.8	1
12216329	12236412	1281.6	1
12236412	12245015	1282.2	1
12245015	12258570	1283.6	1
12258570	12314001	1282.0	1
12314001	12333013	1283.0	1
12333013	12341289	1282.8	1
12341289	12359631	1282.0	1
12359631	12379998	1281.8	1
12379998	12386769	1282.4	1
12386769	12401939	1282.0	1
12401939	12413821	1282.6	1
12413821	12426997	1283.0	1
12426997	12441783	1282.8	1
12441783	12454294	1283.2	1
12454294	12470556	1282.6	1
12470556	12497596	1284.2	1
12497596	12515296	1282.6	1
12515296	12526837	1283.6	1
12526837	12542408	1282.6	1
12542408	12552281	1282.8	1
12552281	12569365	1282.6	1
12569365	12589528	1282.8	1
12589528	12597546	1282.8	1
12597546	12609618	1283.6	1
12609618	12622675	1283.2	1
12622675	12640604	1284.0	1
12640604	12659370	1283.2	1
12659370	12665457	1282.6	1
12665457	12681161	1284.0	1
12681161	12688357	1283.4	1
12688357	12707368	1283.6	1
12707368	12721708	1283.0	1
12721708	12737163	1284.0	1
12737163	12749511	1283.8	1
12749511	12772487	1283.6	1
12772487	12795089	1283.2	1
12795089	12808530	1281.8	1
12808530	12821944	1282.0	1
12821944	12835353	1282.4	1
12835353	12842790	1281.4	1
12842790	12860570	1283.8	1
12860570	12872606	1282.0	1
12872606	12886874	1282.0	1
12886874	12900412	1284.0	1
12900412	12916604	1283.4	1
12916604	12932205	1282.0	1
12932205	12943804	1278.8	1
12943804	12963352	1282.6	1
12963352	12975679	1281.8	1
12975679	12982560	1282.4	1
12982560	13003309	1282.4	1
13003309	13015227	1283.6	1
13015227	13028821	1282.4	1
13028821	13042176	1282.4	1
13042176	13058967	1282.8	1
13058967	13072408	1282.6	1
13072408	13089419	1282.4	1
13089419	13101992	1283.6	1
13101992	13112502	1282.4	1
13112502	13126734	1282.6	1
13126734	13146974	1282.8	1
13146974	13153705	1283.0	1
13153705	13172519	1284.6	1
13172519	13180915	1283.2	1
13180915	13194455	1282.8	1
13194455	13214808	1284.4	1
13214808	13226533	1281.4	1
13226533	13240959	1276.6	1
13240959	13251829	1282.0	1
13251829	13264393	1282.0	1
13264393	13282104	1282.0	1
13282104	13301010	1282.2	1
13301010	13308987	1281.8	1
13308987	13322616	1281.2	1
13322616	13341003	1281.6	1
13341003	13359074	1285.4	1
13359074	13369526	1282.0	1
13369526	13383569	1282.0	1
13383569	13391113	1281.6	1
13391113	13411073	1283.0	1
13411073	13424448	1282.0	1
13424448	13439495	1281.8	1
13439495	13453030	1283.0	1
13453030	13469737	1282.8	1
13469737	13477503	1282.6	1
13477503	13498476	1282.6	1
13498476	13518362	1283.2	1
13518362	13531881	1282.0	1
13531881	13545433	1284.8	1
13545433	13570404	1282.0	1
13570404	13580548	1281.6	1
13580548	13595119	1281.6	1
13595119	13599560	1281.2	1
13599560	13609710	1303.9	1
13609710	13620581	1301.3	1
13620581	13639350	1301.9	1
13639350	13654449	1294.7	1
13654449	13667759	1293.7	1
13667759	13680647	1292.7	1
13680647	13687777	1291.5	1
13687777	13708890	1290.5	1
13708890	13721752	1287.6	1
13721752	13730850	1286.8	1
13730850	13746340	1286.8	1
13746340	13780326	1285.6	1
13780326	13795645	1284.4	1
13795645	13822211	1284.2	1
13822211	13847772	1283.2	1
13847772	13861349	1283.6	1
13861349	13871551	1283.6	1
13871551	13888471	1283.2	1
13888471	13917737	1282.2	1
13917737	13933139	1282.8	1
13933139	13947728	1282.6	1
13947728	13958340	1282.0	1
13958340	13969044	1281.6	1
13969044	13983390	1282.2	1
13983390	13994935	1281.4	1
13994935	14009227	1282.4	1
14009227	14035596	1281.4	1
14035596	14056648	1281.8	1
14056648	14072714	1281.6	1
14072714	14084670	1281.0	1
14084670	14100132	1281.6	1
14100132	14110880	1281.8	1
14110880	14131386	1281.6	1
14131386	14139554	1278.6	1
14139554	14152821	1280.6	1
14152821	14171403	1278.8	1
14171403	14183531	1279.0	1
14183531	14198188	1278.6	1
14198188	14214484	1281.6	1
14214484	14222744	1281.4	1
14222744	14239351	1281.2	1
14239351	14249832	1281.8	1
14249832	14273322	1282.4	1
14273322	14279619	1282.6	1
14279619	14296198	1282.0	1
14296198	14306925	1281.2	1
14306925	14321762	1280.8	1
14321762	14336871	1281.2	1
14336871	14347903	1280.6	1
14347903	14367211	1282.6	1
14367211	14380310	1281.2	1
14380310	14389551	1281.4	1
14389551	14407529	1282.0	1
14407529	14421360	1281.2	1
14421360	14436593	1281.4	1
14436593	14450057	1282.0	1
14450057	14464065	1281.4	1
14464065	14479864	1281.4	1
14479864	14494416	1281.8	1
14494416	14501752	1281.4	1
14501752	14515286	1281.4	1
14515286	14533782	1281.0	1
14533782	14551393	1281.0	1
14551393	14565836	1282.2	1
14565836	14576193	1281.8	1
14576193	14589794	1283.6	1
14589794	14600148	1281.6	1
14600148	14622036	1281.6	1
14622036	14632722	1282.2	1
14632722	14643120	1282.8	1
14643120	14657191	1282.8	1
14657191	14669577	1282.4	1
14669577	14687089	1282.2	1
14687089	14698292	1282.4	1
14698292	14717027	1282.4	1
14717027	14730654	1283.0	1
14730654	14737488	1282.2	1
14737488	14757769	1282.8	1
14757769	14769962	1281.8	1
14769962	14787149	1280.8	1
14787149	14796732	1283.2	1
14796732	14811286	1282.0	1
14811286	14825976	1281.6	1
14825976	14838372	1281.2	1
14838372	14855866	1278.6	1
14855866	14865183	1281.0	1
14865183	14877812	1280.8	1
14877812	14902937	1281.8	1
14902937	14912525	1283.8	1
14912525	14919623	1284.2	1
14919623	14932944	1283.0	1
14932944	14952281	1281.0	1
14952281	14972343	1280.8	1
14972343	14983338	1285.8	1
14983338	14995045	1283.8	1
14995045	15007431	1282.8	1
15007431	15017971	1282.0	1
15017971	15039669	1282.6	1
15039669	15052005	1307.3	1
15052005	15065725	1303.7	1
15065725	15081283	1300.7	1
15081283	15093132	1297.3	1
15093132	15105986	1295.1	1
15105986	15122975	1295.1	1
15122975	15135928	1292.3	1
15135928	15144927	1291.5	1
15144927	15165219	1291.5	1
15165219	15190539	1287.6	1
15190539	15203373	1286.6	1
15203373	15216551	1287.0	1
15216551	15235535	1285.4	1
15235535	15240799	1284.6	1
15240799	15253802	1286.0	1
15253802	15266965	1283.6	1
15266965	15281696	1283.2	1
15281696	15299990	1283.4	1
15299990	15322403	1282.6	1
15322403	15348878	1282.6	1
15348878	15370134	1281.2	1
15370134	15381648	1282.0	1
15381648	15398751	1280.6	1
15398751	15410945	1281.4	1
15410945	15424557	1281.4	1
15424557	15438644	1278.4	1
15438644	15450954	1281.8	1
15450954	15464645	1281.6	1
15464645	15481453	1281.0	1
15481453	15490774	1280.8	1
15490774	15507844	1281.0	1
15507844	15519559	1278.6	1
15519559	15539117	1278.8	1
15539117	15552544	1281.0	1
15552544	15560664	1278.4	1
15560664	15585344	1278.4	1
15585344	15595063	1278.8	1
15595063	15606351	1278.8	1
15606351	15618997	1281.2	1
15618997	15632492	1281.0	1
15632492	15649988	1281.2	1
15649988	15668441	1281.8	1
15668441	15680273	1281.0	1
15680273	15708127	1281.8	1
15708127	15723013	1278.6	1
15723013	15736581	1278.2	1
15736581	15753888	1281.4	1
15753888	15773615	1307.7	1
15773615	15781508	1305.1	1
15781508	15793757	1300.9	1
15793757	15812652	1296.7	1
15812652	15824381	1295.7	1
15824381	15843855	1293.3	1
15843855	15851251	1292.5	1
15851251	15867103	1290.5	1
15867103	15883573	1289.7	1
15883573	15897027	1288.2	1
15897027	15906657	1287.2	1
15906657	15924198	1285.0	1
15924198	15937721	1284.8	1
15937721	15954112	1284.2	1
15954112	15965485	1283.6	1
15965485	15991474	1283.2	1
15991474	16008593	1283.2	1
16008593	16027295	1282.8	1
16027295	16038360	1282.4	1
16038360	16049091	1283.6	1
16049091	16076185	1282.0	1
16076185	16096696	1283.2	1
16096696	16109534	1281.6	1
16109534	16122626	1281.4	1
16122626	16130486	1282.8	1
16130486	16149979	1281.0	1
16149979	16174719	1282.2	1
16174719	16187399	1281.8	1
16187399	16201492	1281.4	1
16201492	16218374	1281.6	1
16218374	16238626	1280.4	1
16238626	16263687	1278.8	1
16263687	16277358	1280.8	1
16277358	16289976	1278.8	1
16289976	16309628	1281.6	1
16309628	16313566	1281.2	1
16313566	16332920	1281.2	1
16332920	16340409	1281.4	1
16340409	16353383	1278.8	1
16353383	16378079	1278.2	1
16378079	16388437	1278.4	1
16388437	16401917	1278.8	1
16401917	16413132	1278.6	1
16413132	16424252	1280.8	1
16424252	16447078	1278.6	1
16447078	16458869	1281.8	1
16458869	16472431	1278.8	1
16472431	16486534	1281.4	1
16486534	16495161	1278.8	1
16495161	16515495	1278.8	1
16515495	16524401	1281.6	1
16524401	16538272	1276.8	1
16538272	16551234	1277.2	1
16551234	16569495	1281.0	1
16569495	16589816	1280.8	1
16589816	16601371	1280.8	1
16601371	16615020	1281.0	1
16615020	16628197	1281.0	1
16628197	16636895	1278.0	1
16636895	16653839	1281.6	1
16653839	16670931	1280.8	1
16670931	16683979	1277.6	1
16683979	16692127	1281.2	1
16692127	16705611	1278.0	1
16705611	16725804	1278.4	1
16725804	16736468	1280.8	1
16736468	16749789	1279.0	1
16749789	16765910	1278.4	1
16765910	16781783	1281.6	1
16781783	16797374	1281.6	1
16797374	16812175	1281.0	1
16812175	16818335	1279.2	1
16818335	16834162	1281.8	1
16834162	16847229	1285.6	1
16847229	16869678	1278.8	1
16869678	16877616	1278.2	1
16877616	16891044	1278.4	1
16891044	16908334	1281.0	1
16908334	16921342	1281.8	1
16921342	16941957	1278.4	1
16941957	16947958	1278.8	1
16947958	16963950	1278.6	1
16963950	16977463	1281.0	1
16977463	16987385	1281.0	1
16987385	17003983	1278.2	1
17003983	17016325	1282.4	1
17016325	17034700	1282.2	1
17034700	17049511	1281.0	1
17049511	17056328	1281.6	1
17056328	17079204	1281.2	1
17079204	17089863	1279.0	1
17089863	17100065	1281.4	1
17100065	17118096	1281.6	1
17118096	17129089	1282.0	1
17129089	17146129	1281.0	1
17146129	17156875	1281.8	1
17156875	17175018	1281.8	1
17175018	17188707	1290.3	1
17188707	17197337	1282.6	1
17197337	17219564	1282.0	1
17219564	17228243	1280.8	1
17228243	17244377	1288.7	1
17244377	17254746	1282.0	1
17254746	17266423	1278.6	1
17266423	17284730	1281.4	1
17284730	17300498	1281.0	1
17300498	17317168	1281.4	1
17317168	17330149	1282.8	1
17330149	17339130	1282.0	1
17339130	17355757	1281.8	1
17355757	17372866	1282.6	1
17372866	17380129	1281.2	1
17380129	17393939	1281.8	1
17393939	17413051	1281.8	1
17413051	17432909	1281.4	1
17432909	17438562	1281.4	1
17438562	17451566	1282.4	1
17451566	17467731	1281.2	1
17467731	17479518	1281.8	1
17479518	17500214	1281.2	1
17500214	17505526	1281.2	1
17505526	17520479	1283.8	1
17520479	17534014	1282.8	1
17534014	17551501	1282.0	1
17551501	17567362	1282.0	1
17567362	17576343	1281.6	1
17576343	17589383	1282.8	1
17589383	17608224	1283.2	1
17608224	17621755	1282.2	1
17621755	17635486	1282.8	1
17635486	17647630	1281.4	1
17647630	17667255	1283.6	1
17667255	17680727	1282.4	1
17680727	17690291	1281.6	1
17690291	17708544	1284.8	1
17708544	17723536	1282.4	1
17723536	17736471	1283.6	1
17736471	17744437	1283.0	1
17744437	17762411	1283.2	1
17762411	17784679	1283.6	1
17784679	17804615	1282.2	1
17804615	17821863	1284.6	1
17821863	17845243	1283.0	1
17845243	17862235	1283.8	1
17862235	17874474	1283.6	1
17874474	17888050	1283.2	1
17888050	17899054	1283.0	1
17899054	17921876	1283.4	1
17921876	17942252	1315.0	1
17942252	17948892	1309.8	1
17948892	17967186	1304.7	1
17967186	17975582	1304.5	1
17975582	17988860	1300.9	1
17988860	18017540	1318.4	1
18017540	18038609	1294.3	1
18038609	18048714	1292.9	1
18048714	18061988	1291.9	1
18061988	18075453	1291.3	1
18075453	18092716	1290.9	1
18092716	18104464	1291.1	1
18104464	18117652	1286.8	1
18117652	18128732	1287.6	1
18128732	18146196	1286.0	1
18146196	18161772	1287.2	1
18161772	18169315	1285.4	1
18169315	18188252	1285.2	1
18188252	18196175	1285.0	1
18196175	18214338	1282.8	1
18214338	18229442	1286.2	1
18229442	18242510	1287.4	1
18242510	18254590	1287.4	1
18254590	18266190	1285.8	1
18266190	18283381	1284.0	1
18283381	18301636	1285.4	1
18301636	18310897	1284.8	1
18310897	18323654	1284.6	1
18323654	18337149	1284.8	1
18337149	18355327	1284.0	1
18355327	18371611	1285.2	1
18371611	18385158	1285.0	1
18385158	18393557	1284.4	1
18393557	18406842	1284.8	1
18406842	18425468	1284.4	1
18425468	18437846	1291.7	1
18437846	18451396	1285.6	1
18451396	18464146	1286.4	1
18464146	18476688	1284.2	1
18476688	18494847	1285.2	1
18494847	18507074	1284.8	1
18507074	18526460	1284.8	1
18526460	18533822	1284.4	1
18533822	18551699	1285.8	1
18551699	18566765	1285.2	1
18566765	18583360	1284.2	1
18583360	18591198	1285.6	1
18591198	18607176	1284.4	1
18607176	18617210	1285.6	1
18617210	18640837	1286.4	1
18640837	18650324	1296.1	1
18650324	18663873	1285.0	1
18663873	18673453	1286.0	1
18673453	18692920	1285.6	1
18692920	18713779	1285.8	1
18713779	18717794	1286.4	1
18717794	18732042	1285.0	1
18732042	18742188	1285.2	1
18742188	18761285	1285.0	1
18761285	18781276	1284.6	1
18781276	18790413	1285.4	1
18790413	18800741	1286.4	1
18800741	18830724	1285.2	1
18830724	18843726	1287.4	1
18843726	18855180	1286.2	1
18855180	18873138	1285.2	1
18873138	18888423	1285.8	1
18888423	18895545	1284.6	1
18895545	18917554	1285.6	1
18917554	18928642	1285.2	1
18928642	18946153	1284.6	1
18946153	18953245	1285.4	1
18953245	18964119	1284.8	1
18964119	18987320	1285.6	1
18987320	19000265	1284.2	1
19000265	19013078	1284.2	1
19013078	19028969	1284.4	1
19028969	19036618	1283.2	1
19036618	19051998	1283.6	1
19051998	19063563	1283.6	1
19063563	19083926	1283.4	1
19083926	19091853	1282.8	1
19091853	19104981	1282.8	1
19104981	19124256	1282.2	1
19124256	19138979	1283.8	1
19138979	19149692	1283.0	1
19149692	19163594	1283.2	1
19163594	19178297	1284.2	1
19178297	19198529	1282.4	1
19198529	19205315	1282.4	1
19205315	19218631	1282.0	1
19218631	19235933	1283.6	1
19235933	19249394	1282.6	1
19249394	19264287	1284.0	1
19264287	19278178	1282.2	1
19278178	19293663	1282.2	1
19293663	19306711	1281.8	1
19306711	19317492	1285.8	1
19317492	19339393	1281.2	1
19339393	19350363	1283.2	1
19350363	19364772	1283.6	1
19364772	19371864	1285.0	1
19371864	19388853	1283.8	1
19388853	19404858	1283.2	1
19404858	19420480	1283.4	1
19420480	19434818	1282.8	1
19434818	19441502	1284.0	1
19441502	19454356	1287.8	1
19454356	19474877	1283.8	1
19474877	19486275	1287.2	1
19486275	19502353	1284.8	1
19502353	19513388	1284.8	1
19513388	19526171	1283.8	1
19526171	19541462	1285.0	1
19541462	19555784	1284.2	1
19555784	19568306	1284.4	1
19568306	19585460	1284.2	1
19585460	19598763	1284.2	1
19598763	19613930	1283.6	1
19613930	19624561	1285.0	1
19624561	19636488	1284.2	1
19636488	19650514	1285.0	1
19650514	19662830	1284.0	1
19662830	19689670	1285.2	1
19689670	19696047	1282.8	1
19696047	19713483	1283.8	1
19713483	19723139	1284.2	1
19723139	19739038	1284.6	1
19739038	19754713	1283.8	1
19754713	19769380	1284.6	1
19769380	19784092	1284.2	1
19784092	19790571	1284.0	1
19790571	19804334	1284.4	1
19804334	19828176	1283.6	1
19828176	19836805	1284.4	1
19836805	19847407	1284.0	1
19847407	19867199	1287.0	1
19867199	19878182	1286.2	1
19878182	19893155	1284.8	1
19893155	19908877	1284.4	1
19908877	19918326	1285.2	1
19918326	19931823	1289.0	1
19931823	19949399	1286.0	1
19949399	19969563	1292.7	1
19969563	19974829	1286.4	1
19974829	19988199	1285.0	1
19988199	20007544	1284.0	1
20007544	99999999	1284.6	1
