#Processing Run 48280 for polarization tables
#The run table thinks this was a DPARAL2 run
#Corresponding AMO file is :/home/clasg8/rootbeer2.1/dat/pol/amo_tesc_48265.dat
#Coherent Edge positions for TESC events follow:
#Event	Coh Edge	PolPlane(PARA=0,PERP=1,AMO=2,CHANGING=3)
804005	817344	1279.6	0
817344	830570	1279.8	0
830570	843627	1279.8	0
843627	856664	1283.8	0
856664	872411	1283.0	0
872411	885907	1283.2	0
885907	899151	1279.4	0
899151	911537	1278.6	0
911537	929415	1280.2	0
929415	942928	1279.6	0
942928	955956	1279.6	0
955956	968180	1278.4	0
968180	983709	1278.0	0
983709	995737	1280.2	0
995737	1010624	1278.8	0
1010624	1028600	1278.2	0
1028600	1039229	1279.4	0
1039229	1048527	1279.8	0
1048527	1061714	1282.6	0
1061714	1080127	1280.0	0
1080127	1094239	1282.2	0
1094239	1108247	1282.2	0
1108247	1120102	1283.6	0
1120102	1132451	1284.2	0
1132451	1147991	1284.8	0
1147991	1161258	1286.4	0
1161258	1174454	1288.4	0
1174454	1187678	1287.6	0
1187678	1204199	1286.8	0
1204199	1219230	1286.8	0
1219230	1233375	1287.2	0
1233375	1240133	1284.6	0
1240133	1253402	1283.4	0
1253402	1272190	1284.0	0
1272190	1286361	1279.0	0
1286361	1300519	1282.4	0
1300519	1311638	1279.8	0
1311638	1323662	1283.2	0
1323662	1340177	1280.0	0
1340177	1355928	1279.6	0
1355928	1365318	1283.0	0
1365318	1378579	1282.0	0
1378579	1391788	1282.8	0
1391788	1404892	1283.0	0
1404892	1428160	1279.6	0
1428160	1437440	1279.2	0
1437440	1447082	1279.0	0
1447082	1460875	1279.0	0
1460875	1474078	1282.6	0
1474078	1497632	1280.0	0
1497632	1508165	1279.6	0
1508165	1517134	1280.0	0
1517134	1534389	1283.4	0
1534389	1543399	1283.6	0
1543399	1564323	1285.0	0
1564323	1570813	1283.8	0
1570813	1585090	1282.0	0
1585090	1597195	1279.4	0
1597195	1612553	1283.0	0
1612553	1629191	1282.2	0
1629191	1642243	1279.0	0
1642243	1655612	1278.8	0
1655612	1671335	1279.4	0
1671335	1680676	1279.2	0
1680676	1697394	1283.4	0
1697394	1715127	1279.6	0
1715127	1723424	1278.2	0
1723424	1737074	1277.0	0
1737074	1755321	1277.2	0
1755321	1766638	1277.2	0
1766638	1778768	1278.0	0
1778768	1795386	1279.4	0
1795386	1805413	1278.0	0
1805413	1823042	1279.4	0
1823042	1836324	1278.4	0
1836324	1849600	1278.8	0
1849600	1863992	1283.2	0
1863992	1876110	1283.0	0
1876110	1894489	1280.2	0
1894489	1909126	1279.6	0
1909126	1915800	1279.0	0
1915800	1929159	1282.4	0
1929159	1942934	1278.8	0
1942934	1961561	1277.2	0
1961561	1981802	1276.0	0
1981802	1987382	1274.8	0
1987382	1999280	1277.8	0
1999280	2012576	1282.0	0
2012576	2025197	1283.4	0
2025197	2044604	1284.4	0
2044604	2055821	1285.2	0
2055821	2068934	1285.8	0
2068934	2082128	1286.6	0
2082128	2095274	1287.2	0
2095274	2112508	1281.8	0
2112508	2128187	1283.6	0
2128187	2140783	1284.6	0
2140783	2148094	1285.4	0
2148094	2161034	1285.8	0
2161034	2180306	1283.2	0
2180306	2192073	1279.8	0
2192073	2205752	1280.0	0
2205752	2219988	1283.4	0
2219988	2232664	1280.2	0
2232664	2248310	1279.8	0
2248310	2259024	1282.8	0
2259024	2272255	1282.6	0
2272255	2285470	1283.6	0
2285470	2301588	1283.4	0
2301588	2318518	1283.8	0
2318518	2332703	1282.8	0
2332703	2343736	1282.4	0
2343736	2356544	1282.2	0
2356544	2372541	1277.6	0
2372541	2389255	1284.8	0
2389255	2397565	1284.6	0
2397565	2415035	1275.2	0
2415035	2424719	1276.0	0
2424719	2437989	1279.0	0
2437989	2455428	1279.4	0
2455428	2470965	1278.4	0
2470965	2480007	1279.0	0
2480007	2491424	1278.6	0
2491424	2507942	1279.2	0
2507942	2524293	1280.0	0
2524293	2536051	1277.0	0
2536051	2551387	1276.8	0
2551387	2564661	1279.4	0
2564661	2576441	1283.6	0
2576441	2595696	1284.0	0
2595696	2602786	1278.6	0
2602786	2623054	1276.8	0
2623054	2630242	1277.4	0
2630242	2649070	1278.0	0
2649070	2662731	1278.6	0
2662731	2674313	1282.0	0
2674313	2688304	1278.8	0
2688304	2699022	1282.0	0
2699022	2716310	1282.4	0
2716310	2737759	1283.0	0
2737759	2747515	1280.0	0
2747515	2755823	1279.4	0
2755823	2768388	1278.8	0
2768388	2782079	1278.0	0
2782079	2797487	1278.8	0
2797487	2811879	1282.8	0
2811879	2824739	1280.0	0
2824739	2838201	1284.0	0
2838201	2848301	1286.4	0
2848301	2872418	1286.8	0
2872418	2881732	1287.4	0
2881732	2894099	1288.6	0
2894099	2905743	1285.8	0
2905743	2924907	1285.4	0
2924907	2938365	1285.0	0
2938365	2947466	1285.2	0
2947466	2966702	1284.6	0
2966702	2979507	1287.6	0
2979507	2992481	1285.6	0
2992481	3006978	1285.0	0
3006978	3018017	1286.6	0
3018017	3029270	1286.4	0
3029270	3041693	1286.4	0
3041693	3055306	1285.4	0
3055306	3073147	1284.8	0
3073147	3086423	1283.4	0
3086423	3102860	1284.4	0
3102860	3112930	1283.8	0
3112930	3128336	1284.0	0
3128336	3145150	1282.4	0
3145150	3159532	1282.8	0
3159532	3167548	1283.6	0
3167548	3186279	1284.2	0
3186279	3195741	1284.2	0
3195741	3211386	1285.4	0
3211386	3224197	1285.8	0
3224197	3237156	1285.2	0
3237156	3250637	1283.2	0
3250637	3269130	1283.6	0
3269130	3289873	1279.6	0
3289873	3299297	1279.6	0
3299297	3310790	1282.6	0
3310790	3323257	1284.0	0
3323257	3338131	1283.2	0
3338131	3352696	1283.0	0
3352696	3363543	1283.2	0
3363543	3377781	1279.6	0
3377781	3391753	1280.0	0
3391753	3400842	1279.2	0
3400842	3418937	1279.2	0
3418937	3431925	1278.6	0
3431925	3445696	1277.2	0
3445696	3458006	1278.8	0
3458006	3472030	1278.2	0
3472030	3488090	1278.8	0
3488090	3500523	1278.8	0
3500523	3511641	1278.0	0
3511641	3527473	1278.6	0
3527473	3545013	1279.2	0
3545013	3561055	1280.0	0
3561055	3570551	1279.6	0
3570551	3583345	1279.8	0
3583345	3596307	1282.2	0
3596307	3609598	1280.0	0
3609598	3626323	1279.6	0
3626323	3638322	1279.2	0
3638322	3651538	1279.4	0
3651538	3664191	1278.8	0
3664191	3678137	1280.0	0
3678137	3696477	1284.0	0
3696477	3708455	1284.4	0
3708455	3722074	1279.2	0
3722074	3732574	1279.0	0
3732574	3746007	1279.6	0
3746007	3773915	1283.2	0
3773915	3783972	1292.9	0
3783972	3808771	1286.8	0
3808771	3831048	1284.6	0
3831048	3838564	1283.6	0
3838564	3851656	1279.0	0
3851656	3865090	1279.2	0
3865090	3880428	1282.8	0
3880428	3896059	1282.8	0
3896059	3908270	1285.0	0
3908270	3917229	1284.2	0
3917229	3930923	1284.8	0
3930923	3943931	1285.4	0
3943931	3963380	1288.0	0
3963380	3975467	1284.8	0
3975467	3990527	1279.2	0
3990527	3999155	1279.6	0
3999155	4012168	1279.0	0
4012168	4030577	1282.2	0
4030577	4042959	1279.4	0
4042959	4060388	1273.8	0
4060388	4069917	1285.8	0
4069917	4083046	1286.2	0
4083046	4100607	1277.0	0
4100607	4117259	1279.6	0
4117259	4125612	1279.4	0
4125612	4139131	1278.0	0
4139131	4152530	1280.0	0
4152530	4169836	1279.6	0
4169836	4184016	1278.4	0
4184016	4194755	1278.4	0
4194755	4209344	1288.0	0
4209344	4223385	1321.8	0
4223385	266	1333.6	0
266	4252441	1339.1	0
4252441	4260541	1293.9	0
4260541	4272477	1277.8	0
4272477	4283670	1283.4	0
4283670	4290719	1305.3	0
4290719	4307456	1297.5	0
4307456	4320262	1313.0	0
4320262	4332558	1318.4	0
4332558	4345819	1321.8	0
4345819	4356974	1315.0	0
4356974	4377721	1318.4	0
4377721	4384931	1300.7	0
4384931	4395886	1307.1	0
4395886	4408691	1317.8	0
4408691	4420834	1331.6	0
4420834	4447301	1331.2	0
4447301	4454698	1330.6	0
4454698	4465831	1331.0	0
4465831	4480778	1327.4	0
4480778	4492537	1301.5	0
4492537	4508259	1301.3	0
4508259	4518880	1310.8	0
4518880	4531964	1316.2	0
4531964	4544326	1319.6	0
4544326	4560279	1321.0	0
4560279	4576461	1331.0	0
4576461	4594808	1322.2	0
4594808	4607517	1322.0	0
4607517	4614576	1330.4	0
4614576	4639724	1334.0	0
4639724	4656925	1308.3	0
4656925	4665421	1309.1	0
4665421	4677767	1320.6	0
4677767	4691908	1319.2	0
4691908	4705706	1327.2	0
4705706	4718423	1334.4	0
4718423	4734708	1321.0	0
4734708	4744415	1307.7	0
4744415	4756769	1301.5	0
4756769	4777037	1306.3	0
4777037	4785722	1298.5	0
4785722	4799024	1293.3	0
4799024	4812444	1287.4	0
4812444	4825925	1297.9	0
4825925	4847121	1311.2	0
4847121	4853602	1320.4	0
4853602	4866460	1318.0	0
4866460	4885201	1307.5	0
4885201	4892661	1298.3	0
4892661	4912271	1302.5	0
4912271	4923771	1288.2	0
4923771	4934324	1276.4	0
4934324	4952238	1286.4	0
4952238	4965361	1293.3	0
4965361	4978298	1296.7	0
4978298	4994294	1325.8	0
4994294	5002724	1320.4	0
5002724	5015629	1330.8	0
5015629	5029369	1340.7	0
5029369	5045363	1345.5	0
5045363	5055720	1351.7	0
5055720	5069144	1363.4	0
5069144	5084801	1367.6	0
5084801	5091882	1325.4	0
5091882	5111208	1329.6	0
5111208	5123624	1341.7	0
5123624	5134093	1350.1	0
5134093	5144592	1351.3	0
5144592	5160525	1355.9	0
5160525	5174430	1361.8	0
5174430	5189648	1361.6	0
5189648	5197280	1358.1	0
5197280	5209831	1351.1	0
5209831	5222348	1352.5	0
5222348	5237495	1350.7	0
5237495	5249705	1347.3	0
5249705	5266058	1342.1	0
5266058	5276363	1340.9	0
5276363	5285097	1341.9	0
5285097	5303639	1334.2	0
5303639	5315693	1339.7	0
5315693	5332009	1334.2	0
5332009	5341353	1338.3	0
5341353	5354443	1340.3	0
5354443	5369225	1335.2	0
5369225	5379409	1336.2	0
5379409	5396788	1334.6	0
5396788	5406255	1342.3	0
5406255	5416563	1338.5	0
5416563	5434240	1341.1	0
5434240	5446158	1347.7	0
5446158	5462216	1348.9	0
5462216	5476655	1355.3	0
5476655	5496000	1328.4	0
5496000	5506509	1297.1	0
5506509	5519782	1286.4	0
5519782	5528310	1304.3	0
5528310	5544665	1316.0	0
5544665	5558108	1327.4	0
5558108	5569465	1333.6	0
5569465	5582958	1332.8	0
5582958	5592824	1346.1	0
5592824	5605782	1348.5	0
5605782	5623905	1332.4	0
5623905	5635003	1333.2	0
5635003	5650674	1317.4	0
5650674	5658601	1326.2	0
5658601	5671215	1333.4	0
5671215	5689054	1340.5	0
5689054	5700474	1345.5	0
5700474	5713433	1340.7	0
5713433	5727612	1331.8	0
5727612	5736006	1334.2	0
5736006	5758985	1343.7	0
5758985	5765582	1329.6	0
5765582	5781271	1325.6	0
5781271	5793989	1321.2	0
5793989	5803169	1329.6	0
5803169	5819407	1329.4	0
5819407	5830819	1336.0	0
5830819	5847937	1331.4	0
5847937	5860555	1332.8	0
5860555	5866850	1331.6	0
5866850	5886003	1334.6	0
5886003	5897806	1340.7	0
5897806	5911058	1334.8	0
5911058	5924321	1332.6	0
5924321	5934174	1332.8	0
5934174	5950392	1333.0	0
5950392	5961845	1327.0	0
5961845	5980157	1330.0	0
5980157	5992556	1328.4	0
5992556	5999963	1317.8	0
5999963	6016740	1328.6	0
6016740	6029661	1335.0	0
6029661	6044445	1329.6	0
6044445	6052528	1330.8	0
6052528	6065202	1331.6	0
6065202	6082284	1334.6	0
6082284	6094433	1341.7	0
6094433	6112098	1347.3	0
6112098	6121921	1357.1	0
6121921	6133954	1358.7	0
6133954	6148732	1351.3	0
6148732	6157969	1346.5	0
6157969	6170264	1351.1	0
6170264	6182609	1350.3	0
6182609	6199283	1350.9	0
6199283	6212556	1358.1	0
6212556	6222389	1356.7	0
6222389	6236869	1356.7	0
6236869	6249643	1352.3	0
6249643	6259868	1342.3	0
6259868	6275674	1335.6	0
6275674	6287640	1325.2	0
6287640	6305451	1328.6	0
6305451	6316432	1331.4	0
6316432	6329144	1320.6	0
6329144	6345140	1324.4	0
6345140	6354564	1328.2	0
6354564	6368026	1332.0	0
6368026	6378134	1334.6	0
6378134	6395649	1335.2	0
6395649	6407965	1335.4	0
6407965	6421351	1334.2	0
6421351	6433726	1329.2	0
6433726	6449910	1317.4	0
6449910	6459455	1315.0	0
6459455	6476460	1313.8	0
6476460	6491897	1311.2	0
6491897	6504847	1313.2	0
6504847	6512164	1313.4	0
6512164	6525868	1313.8	0
6525868	6541898	1315.4	0
6541898	6554489	1330.6	0
6554489	6566674	1334.4	0
6566674	6580487	1340.3	0
6580487	6593878	1342.1	0
6593878	6608217	1344.5	0
6608217	6624487	1342.9	0
6624487	6637385	1331.6	0
6637385	6650006	1330.8	0
6650006	6657571	1329.6	0
6657571	6675027	1330.4	0
6675027	6688932	1330.6	0
6688932	6698059	1329.4	0
6698059	6711944	1330.4	0
6711944	6723966	1329.2	0
6723966	6744919	1321.6	0
6744919	6752522	1322.6	0
6752522	6767818	1325.6	0
6767818	6778133	1326.6	0
6778133	6790746	1326.2	0
6790746	6805510	1326.2	0
6805510	6821654	1328.2	0
6821654	6829383	1329.0	0
6829383	6847747	1329.2	0
6847747	6855315	1322.0	0
6855315	6873200	1322.2	0
6873200	6885089	1326.0	0
6885089	6896166	1327.0	0
6896166	6908882	1325.8	0
6908882	6921939	1325.4	0
6921939	6936770	1322.6	0
6936770	6948542	1321.2	0
6948542	6962557	1321.6	0
6962557	6972915	1321.8	0
6972915	6985460	1320.0	0
6985460	7010519	1319.6	0
7010519	7019763	1321.0	0
7019763	7032702	1318.2	0
7032702	7045415	1321.0	0
7045415	7054031	1322.0	0
7054031	7071338	1319.4	0
7071338	7083407	1327.8	0
7083407	7096219	1330.0	0
7096219	7111982	1322.2	0
7111982	7122365	1324.8	0
7122365	7138685	1322.0	0
7138685	7149012	1325.2	0
7149012	7161610	1324.4	0
7161610	7173425	1320.6	0
7173425	7186253	1321.0	0
7186253	7204515	1321.2	0
7204515	7215249	1321.6	0
7215249	7232640	1325.0	0
7232640	7242630	1325.6	0
7242630	7253979	1322.0	0
7253979	7275626	1321.8	0
7275626	7281906	1320.4	0
7281906	7294702	1317.2	0
7294702	7307186	1329.4	0
7307186	7319917	1329.2	0
7319917	7336703	1318.0	0
7336703	7352014	1316.6	0
7352014	7364900	1320.0	0
7364900	7376917	1327.4	0
7376917	7385180	1322.0	0
7385180	7403006	1323.6	0
7403006	7415871	1315.0	0
7415871	7428549	1313.4	0
7428549	7441418	1313.2	0
7441418	7452904	1320.2	0
7452904	7473731	1329.8	0
7473731	7486280	1338.9	0
7486280	7492584	1349.3	0
7492584	7504859	1354.3	0
7504859	7519215	1362.8	0
7519215	7535386	1365.0	0
7535386	7546466	1361.8	0
7546466	7560367	1357.1	0
7560367	7570772	1345.7	0
7570772	7582065	1331.6	0
7582065	7604589	1333.8	0
7604589	7610891	1331.4	0
7610891	7623638	1330.8	0
7623638	7641118	1335.4	0
7641118	7648448	1339.1	0
7648448	7667501	1334.8	0
7667501	7675496	1338.3	0
7675496	7692707	1337.9	0
7692707	7701658	1339.7	0
7701658	7716013	1334.4	0
7716013	7730139	1339.5	0
7730139	7743248	1340.9	0
7743248	7754848	1340.9	0
7754848	7767570	1339.9	0
7767570	7780249	1335.0	0
7780249	7793205	1345.7	0
7793205	7805763	1352.5	0
7805763	7821662	1359.0	0
7821662	7830360	1358.5	0
7830360	7842468	1366.4	0
7842468	7859608	1373.0	0
7859608	7869760	1377.2	0
7869760	7885167	1376.0	0
7885167	7897806	1354.3	0
7897806	7906548	1332.2	0
7906548	7922849	1328.4	0
7922849	7935707	1340.9	0
7935707	7948294	1338.5	0
7948294	7964769	1339.5	0
7964769	7974562	1343.9	0
7974562	7989702	1327.8	0
7989702	8004898	1331.4	0
8004898	8012274	1331.0	0
8012274	8025250	-1.0	0
8025250	8039941	-1.0	0
8039941	8058317	-1.0	0
8058317	8072756	-1.0	0
8072756	8090127	-1.0	0
8090127	8100212	-1.0	0
8100212	8115345	-1.0	0
8115345	8140815	-1.0	0
8140815	8151688	-1.0	0
8151688	8162586	-1.0	0
8162586	8177126	-1.0	0
8177126	8195707	-1.0	0
8195707	8219873	-1.0	0
8219873	8236765	-1.0	0
8236765	8248583	-1.0	0
8248583	8274261	-1.0	0
8274261	8284131	-1.0	0
8284131	8305198	-1.0	0
8305198	8312657	-1.0	0
8312657	8333816	-1.0	0
8333816	8343183	-1.0	0
8343183	8358565	-1.0	0
8358565	8380550	-1.0	0
8380550	8393747	-1.0	0
8393747	8407984	-1.0	0
8407984	8421830	-1.0	0
8421830	8440668	-1.0	0
8440668	8455909	-1.0	0
8455909	8469885	-1.0	0
8469885	8485419	-1.0	0
8485419	8499249	-1.0	0
8499249	8514331	-1.0	0
8514331	8538225	-1.0	0
8538225	8545492	-1.0	0
8545492	8560229	-1.0	0
8560229	8574367	-1.0	0
8574367	8593055	-1.0	0
8593055	8609638	-1.0	0
8609638	8626445	-1.0	0
8626445	8639216	-1.0	0
8639216	8650758	-1.0	0
8650758	8669077	-1.0	0
8669077	8691466	-1.0	0
8691466	8704277	-1.0	0
8704277	8720163	-1.0	0
8720163	8733961	-1.0	0
8733961	8743374	-1.0	0
8743374	8764127	-1.0	0
8764127	8780421	-1.0	0
8780421	8795228	-1.0	0
8795228	8803936	-1.0	0
8803936	8818660	-1.0	0
8818660	8837270	-1.0	0
8837270	8851732	-1.0	0
8851732	8866942	-1.0	0
8866942	8883835	-1.0	0
8883835	8895875	-1.0	0
8895875	8914173	-1.0	0
8914173	8930541	1231.3	0
8930541	8956104	-1.0	0
8956104	8968005	-1.0	0
8968005	8986011	-1.0	0
8986011	8999225	-1.0	0
8999225	9019281	-1.0	0
9019281	9028216	-1.0	0
9028216	9041939	-1.0	0
9041939	9061707	-1.0	0
9061707	9073128	-1.0	0
9073128	9087697	-1.0	0
9087697	9107493	1226.9	0
9107493	9118504	1223.9	0
9118504	9135569	1229.5	0
9135569	9154403	1230.5	0
9154403	9162649	1228.7	0
9162649	9176333	1223.5	0
9176333	9191341	-1.0	0
9191341	9213521	-1.0	0
9213521	9221975	-1.0	0
9221975	9237245	1223.3	0
9237245	9254785	1228.9	0
9254785	9264480	1232.1	0
9264480	9284355	1231.7	0
9284355	9301878	1237.5	0
9301878	9309065	1242.3	0
9309065	9323002	1245.9	0
9323002	9337214	1245.9	0
9337214	9360356	1244.7	0
9360356	9367383	1239.3	0
9367383	9381318	1233.3	0
9381318	9394391	1230.7	0
9394391	9414246	1230.9	0
9414246	9429288	1232.3	0
9429288	9439762	-1.0	0
9439762	9453110	-1.0	0
9453110	9473462	-1.0	0
9473462	9487788	-1.0	0
9487788	9502178	-1.0	0
9502178	9518869	-1.0	0
9518869	9530643	1226.7	0
9530643	9544445	1229.7	0
9544445	9559306	1231.7	0
9559306	9580323	1238.7	0
9580323	9587265	1239.1	0
9587265	9601322	1234.7	0
9601322	9620802	-1.0	0
9620802	9629198	-1.0	0
9629198	9648835	-1.0	0
9648835	9663485	-1.0	0
9663485	9679614	-1.0	0
9679614	9688357	1223.9	0
9688357	9700564	1232.1	0
9700564	9722380	1232.9	0
9722380	9740812	1240.9	0
9740812	9749551	1245.5	0
9749551	9762909	1244.7	0
9762909	9782412	1250.0	0
9782412	9797906	1251.6	0
9797906	9806612	1254.8	0
9806612	9825126	1256.8	0
9825126	9834474	1253.2	0
9834474	9853200	1244.1	0
9853200	9874099	1243.3	0
9874099	9883301	1244.5	0
9883301	9893454	1240.3	0
9893454	9908266	1234.5	0
9908266	9923665	1237.7	0
9923665	9941278	1240.3	0
9941278	9966430	1239.1	0
9966430	9980010	1268.0	0
9980010	9993701	1265.6	0
9993701	10011758	1260.8	0
10011758	10029356	1261.4	0
10029356	10037968	1262.4	0
10037968	10052360	1269.4	0
10052360	10066527	1277.6	0
10066527	10089113	1276.0	0
10089113	10096837	1272.4	0
10096837	10110283	1267.2	0
10110283	10123201	1272.4	0
10123201	10136311	1265.4	0
10136311	10154483	1271.0	0
10154483	10165176	1260.8	0
10165176	10178474	1260.6	0
10178474	10194626	1268.4	0
10194626	10204386	1264.0	0
10204386	10228828	1272.8	0
10228828	10240962	1276.4	0
10240962	10249993	1283.0	0
10249993	10262862	1287.0	0
10262862	10276409	1279.2	0
10276409	10290924	1278.4	0
10290924	10302849	1279.6	0
10302849	10320052	1276.8	0
10320052	10329147	1273.8	0
10329147	10349209	1271.4	0
10349209	10369025	1266.6	0
10369025	10375910	1264.8	0
10375910	10387364	1267.2	0
10387364	10399877	1276.6	0
10399877	10412936	1283.6	0
10412936	10431993	1284.4	0
10431993	10441577	1279.0	0
10441577	10453808	1280.0	0
10453808	10468243	1277.2	0
10468243	10481273	1277.6	0
10481273	10501150	1279.0	0
10501150	10512272	1283.6	0
10512272	10521261	1288.0	0
10521261	10537619	1289.0	0
10537619	10566376	1293.1	0
10566376	10584084	1280.2	0
10584084	10591822	1276.2	0
10591822	10608540	1278.4	0
10608540	10619560	1284.0	0
10619560	10637781	1283.8	0
10637781	10651123	1276.4	0
10651123	10658838	1266.4	0
10658838	10679077	1257.8	0
10679077	10687154	1259.0	0
10687154	10711215	1266.4	0
10711215	10716756	1264.2	0
10716756	10729540	1265.8	0
10729540	10743424	1258.6	0
10743424	10757392	1254.0	0
10757392	10780024	1257.6	0
10780024	10789352	1268.4	0
10789352	10798912	1272.4	0
10798912	10812486	1266.8	0
10812486	10825079	1280.0	0
10825079	10843593	1277.8	0
10843593	10851846	1265.6	0
10851846	10865263	1271.6	0
10865263	10878806	1269.0	0
10878806	10893141	1264.8	0
10893141	10913384	1261.8	0
10913384	10929242	1263.2	0
10929242	10937551	1267.0	0
10937551	10947990	1270.8	0
10947990	10959652	1273.8	0
10959652	10978010	1274.6	0
10978010	10992303	1267.4	0
10992303	11000653	1268.0	0
11000653	11018808	1268.4	0
11018808	11027509	1266.8	0
11027509	11046842	1270.6	0
11046842	11057052	1272.6	0
11057052	11074350	1276.2	0
11074350	11083020	1276.8	0
11083020	11100783	1277.2	0
11100783	11116270	1279.4	0
11116270	11132515	1277.2	0
11132515	11144999	1279.0	0
11144999	11152457	1277.4	0
11152457	11169098	1276.0	0
11169098	11190256	1275.4	0
11190256	11195046	1272.4	0
11195046	11207916	1265.0	0
11207916	11226947	1260.0	0
11226947	11234354	1271.6	0
11234354	11257134	1275.0	0
11257134	11267270	1282.6	0
11267270	11279609	1284.0	0
11279609	11292655	1286.8	0
11292655	11307010	1282.2	0
11307010	11324668	1283.6	0
11324668	11337062	1285.2	0
11337062	11346699	1283.8	0
11346699	11360007	1284.0	0
11360007	11373249	1283.0	0
11373249	11389438	1287.8	0
11389438	11405789	1288.8	0
11405789	11419045	1289.4	0
11419045	11428812	1288.4	0
11428812	11444594	1289.0	0
11444594	11463341	1287.4	0
11463341	11471446	1282.4	0
11471446	11486149	1283.2	0
11486149	11496793	1279.8	0
11496793	11511075	1278.6	0
11511075	11526797	1277.8	0
11526797	11543961	1279.8	0
11543961	11556549	1279.8	0
11556549	11563842	1277.0	0
11563842	11583730	1275.0	0
11583730	11597357	1271.6	0
11597357	11607339	1272.0	0
11607339	11623295	1266.8	0
11623295	11636752	1264.4	0
11636752	11646906	1265.2	0
11646906	11671079	1261.4	0
11671079	11677868	1267.4	0
11677868	11695587	1272.0	0
11695587	11707011	1273.6	0
11707011	11716129	1273.2	0
11716129	11742780	1287.0	0
11742780	11749436	1293.3	0
11749436	11762604	1283.4	0
11762604	11777410	1296.1	0
11777410	11793178	1308.5	0
11793178	11805140	1324.2	0
11805140	11819623	1334.2	0
11819623	11831584	1335.2	0
11831584	11839284	1333.2	0
11839284	11851422	1328.2	0
11851422	11870033	1307.3	0
11870033	11882414	1305.1	0
11882414	11897536	1298.1	0
11897536	11910797	1309.9	0
11910797	11919343	1319.2	0
11919343	11935372	1318.2	0
11935372	11948543	1309.3	0
11948543	11958025	1308.9	0
11958025	11971918	1314.8	0
11971918	11988067	1320.2	0
11988067	12005656	1309.1	0
12005656	12020801	1314.4	0
12020801	12033407	1298.7	0
12033407	12046915	1291.3	0
12046915	12060046	1284.6	0
12060046	12073805	1294.7	0
12073805	12086960	1284.4	0
12086960	12101694	1294.1	0
12101694	12112646	1302.7	0
12112646	12124288	1305.5	0
12124288	12140902	1315.6	0
12140902	12151879	1293.1	0
12151879	12165170	1290.9	0
12165170	12182339	1285.8	0
12182339	12195169	1287.6	0
12195169	12214008	1290.7	0
12214008	12220378	1284.0	0
12220378	12235652	1278.6	0
12235652	12249381	1279.6	0
12249381	12259754	1284.2	0
12259754	12284241	1282.8	0
12284241	12290855	1285.4	0
12290855	12303408	1287.0	0
12303408	12317028	1285.4	0
12317028	12330511	1283.8	0
12330511	12346632	1279.4	0
12346632	12362692	1274.6	0
12362692	12377416	1272.4	0
12377416	12389387	1274.0	0
12389387	12397591	1277.2	0
12397591	12423152	1273.6	0
12423152	12433952	1269.0	0
12433952	12442075	1273.8	0
12442075	12455611	1273.8	0
12455611	12468963	1273.4	0
12468963	12491666	1274.0	0
12491666	12498278	1276.0	0
12498278	12515834	1278.8	0
12515834	12530402	1278.8	0
12530402	12541476	1273.8	0
12541476	12555776	1272.0	0
12555776	12573279	1275.8	0
12573279	12584927	1275.2	0
12584927	12598249	1273.4	0
12598249	12607005	1277.6	0
12607005	12626150	1278.8	0
12626150	12637601	1282.4	0
12637601	12651844	1277.8	0
12651844	12668261	1279.8	0
12668261	12678420	1282.4	0
12678420	12695109	1274.0	0
12695109	12711584	1276.0	0
12711584	12720988	1279.6	0
12720988	12731413	1284.8	0
12731413	12750683	1284.8	0
12750683	12764540	1283.0	0
12764540	12775506	1282.6	0
12775506	12789633	1286.6	0
12789633	12801095	1287.6	0
12801095	12819667	1279.8	0
12819667	12832292	1283.0	0
12832292	12843787	1286.2	0
12843787	12857048	1287.0	0
12857048	12870302	1285.0	0
12870302	12883634	1284.8	0
12883634	12906776	1279.2	0
12906776	12925579	1274.6	0
12925579	12943979	1279.8	0
12943979	12957368	1279.0	0
12957368	12970693	1275.0	0
12970693	12991215	1269.8	0
12991215	12996470	1264.2	0
12996470	13012174	1268.0	0
13012174	13019773	1277.4	0
13019773	13028202	1290.7	0
13028202	13047342	1294.9	0
13047342	13062795	1295.5	0
13062795	13074591	1294.9	0
13074591	13090210	1304.5	0
13090210	13103222	1303.9	0
13103222	13123438	1300.7	0
13123438	13128856	1293.5	0
13128856	13142144	1297.7	0
13142144	13155064	1304.1	0
13155064	13168202	1295.1	0
13168202	13187871	1287.6	0
13187871	13201023	1286.2	0
13201023	13208792	1285.0	0
13208792	13222092	1283.2	0
13222092	13234983	1283.2	0
13234983	13253295	1277.6	0
13253295	13268892	1272.6	0
13268892	13277348	1273.0	0
13277348	13296982	1274.4	0
13296982	13305686	1283.4	0
13305686	13325618	1288.8	0
13325618	13333453	1285.0	0
13333453	13345524	1277.4	0
13345524	13358704	1276.8	0
13358704	13372190	1276.4	0
13372190	13395104	1276.2	0
13395104	13405935	1275.2	0
13405935	13416813	1270.8	0
13416813	13430067	1273.8	0
13430067	13446460	1272.8	0
13446460	13463709	1269.2	0
13463709	13473515	1278.2	0
13473515	13486450	1277.4	0
13486450	13506416	1278.0	0
13506416	13517538	1278.6	0
13517538	13533775	1279.8	0
13533775	13544378	1279.4	0
13544378	13554969	1276.6	0
13554969	13568337	1276.2	0
13568337	13581890	1277.8	0
13581890	13600543	1283.8	0
13600543	13616137	1286.8	0
13616137	13625058	1288.4	0
13625058	13637942	1294.3	0
13637942	13650573	1295.5	0
13650573	13672837	1294.9	0
13672837	13680635	1293.5	0
13680635	13694400	1293.5	0
13694400	13706084	1297.1	0
13706084	13719287	1295.5	0
13719287	13739093	1292.3	0
13739093	13749813	1291.3	0
13749813	13761899	1288.6	0
13761899	13776211	1288.0	0
13776211	13792030	1291.5	0
13792030	13811754	1288.6	0
13811754	13818153	1292.5	0
13818153	13831619	1291.7	0
13831619	13849763	1288.8	0
13849763	13857123	1287.4	0
13857123	13873338	1279.8	0
13873338	13891217	1286.8	0
13891217	13899998	1286.6	0
13899998	13918193	1286.0	0
13918193	13926109	1284.2	0
13926109	13949113	1278.8	0
13949113	13956471	1283.0	0
13956471	13971507	1283.6	0
13971507	13987182	1283.4	0
13987182	13998143	1278.2	0
13998143	14015757	1273.8	0
14015757	14031913	1278.0	0
14031913	14038665	1276.8	0
14038665	14051994	1277.4	0
14051994	14065239	1278.8	0
14065239	14087711	1274.6	0
14087711	14096442	1278.0	0
14096442	14109637	1277.2	0
14109637	14125604	1276.4	0
14125604	14133469	1277.8	0
14133469	14152338	1278.8	0
14152338	14165641	1285.2	0
14165641	14183560	1287.8	0
14183560	14190485	1292.5	0
14190485	14209763	1290.9	0
14209763	14223693	1292.7	0
14223693	14237889	1282.8	0
14237889	14245333	1282.0	0
14245333	14259656	1278.8	0
14259656	14275974	1278.6	0
14275974	14296406	1285.0	0
14296406	14302332	1285.0	0
14302332	14315126	1284.0	0
14315126	14328162	1283.4	0
14328162	14341897	1283.8	0
14341897	14358075	1287.8	0
14358075	14370959	1289.0	0
14370959	14383958	1287.2	0
14383958	14397067	1288.8	0
14397067	14409994	1290.9	0
14409994	14425801	1288.8	0
14425801	14441221	1288.4	0
14441221	14451716	1293.5	0
14451716	14462011	1289.0	0
14462011	14480307	1288.2	0
14480307	14495026	1287.6	0
14495026	14508297	1288.8	0
14508297	14519999	1291.7	0
14519999	14531699	1293.5	0
14531699	14544921	1293.3	0
14544921	14560634	1287.0	0
14560634	14573866	1287.0	0
14573866	14587087	1287.0	0
14587087	14600329	1286.0	0
14600329	14616493	1279.4	0
14616493	14630649	1277.8	0
14630649	14645943	1283.8	0
14645943	14655184	1279.0	0
14655184	14668526	1283.2	0
14668526	14687186	1277.2	0
14687186	14707159	1274.2	0
14707159	14716249	1272.6	0
14716249	14726030	1272.8	0
14726030	14740744	1267.4	0
14740744	14753149	1266.2	0
14753149	14770248	1261.0	0
14770248	14788035	1269.0	0
14788035	14794841	1277.0	0
14794841	14808360	1278.6	0
14808360	14826592	1278.2	0
14826592	14843698	1275.4	0
14843698	14852515	1272.8	0
14852515	14866970	1271.8	0
14866970	14883659	1273.4	0
14883659	14893944	1277.8	0
14893944	14910721	1277.4	0
14910721	14921620	1279.0	0
14921620	14935075	1278.4	0
14935075	14948512	1283.8	0
14948512	14961910	1287.2	0
14961910	14978963	1291.7	0
14978963	14994488	1291.9	0
14994488	15004015	1288.8	0
15004015	15018716	1291.1	0
15018716	15032232	1292.1	0
15032232	15049867	1289.0	0
15049867	15058666	1284.2	0
15058666	15068174	1282.6	0
15068174	15081026	1279.6	0
15081026	15094534	1268.4	0
15094534	15120688	1269.0	0
15120688	15127382	1279.0	0
15127382	15140784	1283.6	0
15140784	15156195	1282.0	0
15156195	15172282	1284.4	0
15172282	15193910	1288.0	0
15193910	15197110	1291.9	0
15197110	15210722	1291.5	0
15210722	15222750	1294.9	0
15222750	15236442	1297.1	0
15236442	15254928	1297.5	0
15254928	15265211	1301.1	0
15265211	15278435	1301.3	0
15278435	15296229	1301.3	0
15296229	15307355	1302.9	0
15307355	15323733	1302.9	0
15323733	15336716	1304.5	0
15336716	15344320	1304.5	0
15344320	15356921	1305.3	0
15356921	15370351	1302.3	0
15370351	15389025	1301.1	0
15389025	15401864	1295.9	0
15401864	15415043	1293.5	0
15415043	15425955	1294.1	0
15425955	15437914	1296.9	0
15437914	15458062	1295.7	0
15458062	15473715	1293.9	0
15473715	15480288	1296.1	0
15480288	15493520	1288.0	0
15493520	15510029	1282.8	0
15510029	15526213	1282.0	0
15526213	15539655	1279.8	0
15539655	15549189	1280.2	0
15549189	15562438	1284.6	0
15562438	15579436	1284.8	0
15579436	15593108	1285.4	0
15593108	15605918	1283.8	0
15605918	15618962	1284.0	0
15618962	15635765	1283.6	0
15635765	15648263	1284.0	0
15648263	15668729	1283.2	0
15668729	15672586	1284.0	0
15672586	15685899	1284.6	0
15685899	15699980	1285.2	0
15699980	15712538	1286.6	0
15712538	15731876	1284.4	0
15731876	15744198	1281.8	0
15744198	15758452	1286.4	0
15758452	15771789	1286.6	0
15771789	15782798	1287.4	0
15782798	15800952	1288.2	0
15800952	15811880	1292.1	0
15811880	15830114	1293.7	0
15830114	15838229	1294.7	0
15838229	15855124	1289.0	0
15855124	15870300	1286.4	0
15870300	15884196	1284.0	0
15884196	15893714	1283.4	0
15893714	15907569	1278.6	0
15907569	15924178	1277.4	0
15924178	15944123	1278.2	0
15944123	15950123	1276.2	0
15950123	15964246	1286.8	0
15964246	15976429	1288.8	0
15976429	15988353	1285.2	0
15988353	16005851	1283.0	0
16005851	16016981	1285.0	0
16016981	16032927	1283.4	0
16032927	16043968	1279.6	0
16043968	16063324	1282.2	0
16063324	16076831	1278.2	0
16076831	16089142	1273.6	0
16089142	16102588	1276.8	0
16102588	16118409	1277.4	0
16118409	16127571	1275.8	0
16127571	16150594	1275.0	0
16150594	16157147	1276.6	0
16157147	16174241	1276.2	0
16174241	16187311	1276.8	0
16187311	16203980	1276.8	0
16203980	16215038	1275.8	0
16215038	16231334	1273.6	0
16231334	16240023	1278.8	0
16240023	16252664	1277.0	0
16252664	16267930	1271.8	0
16267930	16278475	1274.0	0
16278475	16292105	1284.0	0
16292105	16309281	1278.0	0
16309281	16318916	1274.6	0
16318916	16332418	1275.8	0
16332418	16345736	1275.0	0
16345736	16365469	1273.2	0
16365469	16383862	1273.2	0
16383862	16389218	1267.8	0
16389218	16404087	1273.2	0
16404087	16415443	1276.6	0
16415443	16429234	1279.6	0
16429234	16446309	1282.0	0
16446309	16461821	1284.6	0
16461821	16471197	1285.0	0
16471197	16484588	1277.4	0
16484588	16501237	1276.2	0
16501237	16517834	1276.8	0
16517834	16528693	1276.2	0
16528693	16544949	1277.4	0
16544949	16552451	1275.2	0
16552451	16571886	1272.2	0
16571886	16586526	1270.8	0
16586526	16598897	1266.8	0
16598897	16612419	1267.2	0
16612419	16627412	1264.2	0
16627412	16639805	1263.2	0
16639805	16656633	1264.8	0
16656633	16666818	1267.4	0
16666818	16680752	1268.6	0
16680752	16701107	1268.0	0
16701107	16707399	1265.2	0
16707399	16729957	1263.6	0
16729957	16737878	1273.4	0
16737878	16751444	1271.8	0
16751444	16768369	1275.2	0
16768369	16779466	1268.8	0
16779466	16802549	1265.6	0
16802549	16810422	1266.6	0
16810422	16822859	1266.8	0
16822859	16842457	1264.4	0
16842457	16849947	1267.0	0
16849947	16867636	1271.4	0
16867636	16879613	1274.0	0
16879613	16892784	1274.4	0
16892784	16910098	1274.2	0
16910098	16916775	1273.4	0
16916775	16935062	1274.2	0
16935062	16948328	1271.8	0
16948328	16961980	1263.6	0
16961980	16975022	1265.8	0
16975022	17004980	1266.0	0
17004980	17015524	1272.6	0
17015524	17035648	1268.0	0
17035648	17043193	1265.6	0
17043193	17058856	1259.8	0
17058856	17071948	1254.6	0
17071948	17088273	1255.6	0
17088273	17099106	1257.0	0
17099106	17112875	1251.0	0
17112875	17130968	1251.6	0
17130968	17141949	1257.2	0
17141949	17160442	1260.8	0
17160442	17167339	1261.0	0
17167339	17186558	1263.6	0
17186558	17201469	1263.0	0
17201469	17213351	1264.4	0
17213351	17226594	1267.8	0
17226594	17240438	1266.8	0
17240438	17252079	1264.6	0
17252079	17270548	1263.0	0
17270548	17287083	1266.8	0
17287083	17296649	1266.0	0
17296649	17315099	1260.8	0
17315099	17323651	1275.4	0
17323651	17343804	1279.0	0
17343804	17357180	1284.4	0
17357180	17370477	1283.8	0
17370477	17378663	1286.8	0
17378663	17391914	1291.7	0
17391914	17410027	1294.3	0
17410027	17422980	1296.1	0
17422980	17439979	1302.3	0
17439979	17448978	1297.9	0
17448978	17462061	1298.7	0
17462061	17477141	1297.9	0
17477141	17489898	1302.3	0
17489898	17507319	1303.7	0
17507319	17520153	1302.9	0
17520153	17531623	1303.3	0
17531623	17552579	1304.7	0
17552579	17561123	1305.5	0
17561123	17570544	1303.9	0
17570544	17582378	1303.9	0
17582378	17597193	1302.7	0
17597193	17612608	1311.4	0
17612608	17623815	1305.1	0
17623815	17636785	1302.7	0
17636785	17649977	1301.3	0
17649977	17668324	1302.9	0
17668324	17681641	1302.3	0
17681641	17691050	1305.3	0
17691050	17703517	1309.1	0
17703517	17716543	1308.1	0
17716543	17729116	1306.5	0
17729116	17747277	1305.3	0
17747277	17763757	1301.5	0
17763757	17772705	1301.7	0
17772705	17786286	1301.1	0
17786286	17798476	1302.9	0
17798476	17818785	1301.3	0
17818785	17827824	1298.5	0
17827824	17838639	1298.7	0
17838639	17857862	1303.5	0
17857862	17864319	1297.9	0
17864319	17889574	1298.3	0
17889574	17898353	1296.5	0
17898353	17911835	1295.1	0
17911835	17921386	1296.7	0
17921386	17938235	1296.1	0
17938235	17954494	1297.3	0
17954494	17967020	1297.1	0
17967020	17979097	1295.9	0
17979097	17993280	1296.7	0
17993280	18018455	1297.1	0
18018455	18034982	1296.5	0
18034982	18043569	1296.5	0
18043569	18056570	1296.3	0
18056570	18074271	1293.1	0
18074271	18090055	1293.5	0
18090055	18107126	1295.5	0
18107126	18115617	1296.5	0
18115617	18128173	1295.9	0
18128173	18159772	1296.9	0
18159772	18171932	1293.3	0
18171932	18184706	1293.9	0
18184706	18192585	1293.3	0
18192585	18211947	1291.5	0
18211947	18226906	1288.6	0
18226906	18235145	1285.6	0
18235145	18251845	1286.0	0
18251845	18261500	1285.6	0
18261500	18276439	1284.8	0
18276439	18298610	1286.6	0
18298610	18305236	1284.4	0
18305236	18318546	1285.6	0
18318546	18331731	1288.0	0
18331731	18344738	1291.1	0
18344738	18363012	1288.6	0
18363012	18373439	1287.4	0
18373439	18391803	1285.8	0
18391803	18404656	1284.2	0
18404656	18415282	1285.2	0
18415282	18434814	1287.8	0
18434814	18443822	1291.9	0
18443822	18457537	1293.5	0
18457537	18470918	1294.1	0
18470918	18483964	1293.5	0
18483964	18500783	1294.1	0
18500783	18515661	1293.9	0
18515661	18528815	1291.1	0
18528815	18536466	1288.0	0
18536466	18551627	1286.6	0
18551627	18568260	1283.4	0
18568260	18580763	1283.0	0
18580763	18596101	1280.2	0
18596101	18606033	1283.2	0
18606033	18618852	1278.0	0
18618852	18638032	1278.6	0
18638032	18653243	1277.8	0
18653243	18662068	1278.8	0
18662068	18675387	1278.8	0
18675387	18688649	1280.0	0
18688649	18705556	1283.4	0
18705556	18717349	1279.4	0
18717349	18730294	1283.8	0
18730294	18742265	1285.4	0
18742265	18761669	1279.8	0
18761669	18780290	1282.6	0
18780290	18789193	1284.8	0
18789193	18799531	1284.4	0
18799531	18817116	1283.6	0
18817116	18826251	1283.8	0
18826251	18847007	1284.4	0
18847007	18854482	1280.0	0
18854482	18874360	1283.0	0
18874360	18885448	1280.2	0
18885448	18898663	1278.0	0
18898663	18914084	1280.0	0
18914084	18924042	1279.8	0
18924042	18936269	1278.8	0
18936269	18954298	1278.6	0
18954298	18967576	1279.2	0
18967576	18987500	1280.0	0
18987500	18994107	1284.4	0
18994107	19010040	1285.0	0
19010040	19019690	1287.0	0
19019690	19033676	1287.6	0
19033676	19051239	1286.6	0
19051239	19061524	1285.0	0
19061524	19075102	1284.8	0
19075102	19093851	1279.6	0
19093851	19100505	1282.2	0
19100505	19120623	1284.6	0
19120623	19132096	1283.6	0
19132096	19145746	1283.0	0
19145746	19159752	1279.2	0
19159752	19174866	1277.6	0
19174866	19189239	1276.0	0
19189239	19201062	1274.4	0
19201062	19214483	1274.4	0
19214483	19228106	1276.4	0
19228106	19241334	1275.2	0
19241334	19258402	1276.0	0
19258402	19271813	1279.0	0
19271813	19288082	1283.6	0
19288082	19294442	1285.6	0
19294442	19314531	1285.8	0
19314531	19334072	1286.0	0
19334072	19342552	1286.4	0
19342552	19353877	1282.6	0
19353877	19363955	1291.1	0
19363955	19380095	1293.9	0
19380095	19395501	1279.8	0
19395501	19406624	1277.0	0
19406624	19425187	1276.8	0
19425187	19436330	1277.8	0
19436330	19449223	1280.0	0
19449223	19464794	1282.2	0
19464794	19476910	1282.0	0
19476910	19489580	1284.6	0
19489580	19502185	1284.2	0
19502185	19514288	1280.4	0
19514288	19532701	1279.6	0
19532701	19545034	1282.6	0
19545034	19559340	1280.0	0
19559340	19572999	1278.2	0
19572999	19586318	1277.4	0
19586318	19599687	1278.0	0
19599687	19612699	1278.8	0
19612699	19625735	1277.0	0
19625735	19638993	1276.6	0
19638993	19653243	1277.0	0
19653243	19672098	1278.8	0
19672098	19682072	1279.6	0
19682072	19695518	1277.2	0
19695518	19712313	1278.0	0
19712313	19722234	1277.4	0
19722234	19739200	1276.2	0
19739200	19758809	1276.8	0
19758809	19766297	1275.0	0
19766297	19784048	1275.0	0
19784048	19792722	1274.6	0
19792722	19811725	1277.0	0
19811725	19825746	1274.0	0
19825746	19839905	1275.4	0
19839905	19852585	1279.8	0
19852585	19860530	1279.0	0
19860530	19880224	1280.0	0
19880224	19892876	1279.0	0
19892876	19908556	1277.8	0
19908556	19918476	1279.6	0
19918476	19931364	1283.4	0
19931364	19951278	1284.2	0
19951278	19966591	1282.2	0
19966591	19974524	1279.8	0
19974524	19988201	1282.8	0
19988201	20000871	1280.2	0
20000871	20020407	1279.4	0
20020407	20030313	1279.6	0
20030313	20043642	1279.4	0
20043642	20056949	1283.6	0
20056949	20073147	1282.8	0
20073147	20092434	1280.0	0
20092434	20100056	1278.8	0
20100056	20112684	1285.0	0
20112684	20125854	1283.4	0
20125854	20142578	1284.0	0
20142578	20159392	1285.0	0
20159392	20169718	1284.2	0
20169718	20186780	1284.0	0
20186780	20193801	1283.0	0
20193801	20213467	1279.6	0
20213467	20230453	1277.4	0
20230453	20239486	1279.2	0
20239486	20252895	1280.0	0
20252895	20266070	1279.8	0
20266070	20282314	1278.4	0
20282314	20297057	1279.0	0
20297057	20311596	1279.8	0
20311596	20321473	1284.0	0
20321473	20340490	1279.4	0
20340490	20347459	1280.4	0
20347459	20367051	1278.8	0
20367051	20380656	1278.4	0
20380656	20393409	1279.0	0
20393409	20406461	1282.2	0
20406461	20416030	1283.4	0
20416030	20433401	1283.6	0
20433401	20450638	1284.4	0
20450638	20464219	1284.4	0
20464219	20479458	1282.4	0
20479458	20488180	1284.8	0
20488180	20506458	1285.0	0
20506458	20519950	1286.4	0
20519950	20529801	1283.6	0
20529801	20542374	1282.6	0
20542374	20556534	1286.2	0
20556534	20577475	1291.7	0
20577475	20584900	1292.9	0
20584900	20598103	1288.8	0
20598103	20613757	1289.0	0
20613757	20624874	1287.2	0
20624874	20639305	1289.0	0
20639305	20657055	1286.8	0
20657055	20670450	1285.4	0
20670450	20681876	1285.2	0
20681876	20699050	1284.4	0
20699050	20717059	1282.2	0
20717059	20726147	1282.6	0
20726147	20740184	1280.2	0
20740184	20752974	1278.0	0
20752974	20780494	1278.2	0
20780494	20794132	1275.8	0
20794132	20806610	1277.2	0
20806610	20825077	1276.2	0
20825077	20837628	1275.4	0
20837628	20852237	1275.6	0
20852237	20867219	1277.6	0
20867219	20881792	1277.2	0
20881792	20888916	1277.0	0
20888916	20902075	1277.4	0
20902075	20928888	1278.8	0
20928888	20934695	1278.4	0
20934695	20949038	1279.8	0
20949038	20976144	1278.0	0
20976144	20998443	1276.2	0
20998443	21003312	1277.2	0
21003312	21016687	1277.0	0
21016687	21034157	1276.8	0
21034157	21043371	1277.0	0
21043371	21062062	1275.6	0
21062062	21073677	1274.6	0
21073677	21086955	1276.6	0
21086955	21104151	1277.2	0
21104151	21114189	1274.6	0
21114189	21136011	1265.8	0
21136011	21149586	1278.4	0
21149586	21157285	1282.2	0
21157285	21170803	1279.4	0
21170803	21184397	1289.2	0
21184397	99999999	1292.5	0
