#Processing Run 48343 for polarization tables
#The run table thinks this was a DPERPL2 run
#Corresponding AMO file is :/home/clasg8/rootbeer2.1/dat/pol/amo_tesc_48308.dat
#Coherent Edge positions for TESC events follow:
#Event	Coh Edge	PolPlane(PARA=0,PERP=1,AMO=2,CHANGING=3)
0	1837	2108.5	1
1837	10192	2108.3	1
10192	27404	2108.5	1
27404	40690	2108.5	1
40690	55506	2108.5	1
55506	71599	2108.7	1
71599	80718	2108.3	1
80718	97856	2108.5	1
97856	113989	2108.5	1
113989	121231	2108.9	1
121231	139212	2108.5	1
139212	156525	2108.5	1
156525	163331	2108.7	1
163331	177063	2108.5	1
177063	196442	2108.7	1
196442	211441	2108.7	1
211441	229102	2108.5	1
229102	234997	2108.9	1
234997	248458	2108.7	1
248458	267485	2108.7	1
267485	282397	2108.9	1
282397	291981	2108.5	1
291981	304409	2108.5	1
304409	317890	2108.5	1
317890	337595	2108.7	1
337595	358016	2108.7	1
358016	366652	2108.7	1
366652	375770	2108.5	1
375770	388205	2108.5	1
388205	406085	2108.3	1
406085	419507	2108.7	1
419507	433136	2108.5	1
433136	446472	2108.5	1
446472	459877	2108.5	1
459877	473567	2108.5	1
473567	490200	2108.5	1
490200	507509	2109.3	1
507509	521016	2108.9	1
521016	528992	2108.5	1
528992	548245	2108.7	1
548245	561838	2108.7	1
561838	573391	2108.7	1
573391	592218	2108.5	1
592218	601288	2108.5	1
601288	615673	2108.5	1
615673	635460	2108.5	1
635460	647724	2108.5	1
647724	656133	2108.9	1
656133	669486	2108.7	1
669486	690073	2108.5	1
690073	702891	2108.3	1
702891	717663	2108.3	1
717663	728070	2108.3	1
728070	739617	2108.5	1
739617	757590	2108.5	1
757590	776883	2108.7	1
776883	783381	2108.9	1
783381	800463	2108.7	1
800463	810403	2108.5	1
810403	827040	2108.5	1
827040	845003	2108.3	1
845003	852509	2108.7	1
852509	865785	2108.5	1
865785	883427	2108.3	1
883427	898705	2108.7	1
898705	913194	2108.5	1
913194	927480	2108.7	1
927480	936335	2108.7	1
936335	949820	2108.3	1
949820	966246	2108.5	1
966246	987288	2108.5	1
987288	994783	2108.3	1
994783	1007533	2108.5	1
1007533	1026717	2108.7	1
1026717	1040156	2108.3	1
1040156	1054898	2108.3	1
1054898	1063504	2108.7	1
1063504	1076038	2108.7	1
1076038	1091363	2108.5	1
1091363	1105484	2108.7	1
1105484	1121647	2108.3	1
1121647	1135883	2108.7	1
1135883	1152327	2108.5	1
1152327	1161944	2108.5	1
1161944	1179574	2108.7	1
1179574	1193814	2108.7	1
1193814	1205701	2108.3	1
1205701	1224001	2108.5	1
1224001	1237368	2108.7	1
1237368	1251425	2108.5	1
1251425	1271248	2108.7	1
1271248	1278025	2108.5	1
1278025	1291434	2108.5	1
1291434	1304225	2108.7	1
1304225	1331334	2108.7	1
1331334	1351359	2108.9	1
1351359	1358656	2109.1	1
1358656	1372386	2108.9	1
1372386	1384863	2108.7	1
1384863	1408377	2108.7	1
1408377	1419384	2108.3	1
1419384	1432856	2108.5	1
1432856	1439606	2108.9	1
1439606	1453403	2108.7	1
1453403	1472293	2108.7	1
1472293	1486673	2108.7	1
1486673	1505085	2108.5	1
1505085	1511757	2108.5	1
1511757	1529155	2108.7	1
1529155	1544810	2108.9	1
1544810	1553761	2108.7	1
1553761	1572434	2108.7	1
1572434	1580790	2108.5	1
1580790	1594313	2108.5	1
1594313	1612434	2108.5	1
1612434	1621707	2108.7	1
1621707	1641288	2108.5	1
1641288	1647814	2108.9	1
1647814	1666879	2108.7	1
1666879	1688157	2108.9	1
1688157	1695413	2108.7	1
1695413	1709393	2108.5	1
1709393	1722079	2108.7	1
1722079	1736478	2108.7	1
1736478	1753898	2109.1	1
1753898	1765835	2108.7	1
1765835	1779362	2108.7	1
1779362	1790476	2108.1	1
1790476	1804088	2108.3	1
1804088	1825999	2108.5	1
1825999	1835381	2108.5	1
1835381	1849940	2108.5	1
1849940	1864498	2108.3	1
1864498	1876451	2108.5	1
1876451	1892206	2108.5	1
1892206	1905478	2108.1	1
1905478	1918858	2108.1	1
1918858	1937539	2108.3	1
1937539	1945996	2108.5	1
1945996	1965678	2108.7	1
1965678	1977678	2108.5	1
1977678	1990748	2108.7	1
1990748	2001383	2108.5	1
2001383	2018582	2108.5	1
2018582	2039167	2108.5	1
2039167	2048984	2109.1	1
2048984	2062917	2108.7	1
2062917	2072132	2108.5	1
2072132	2086806	2108.7	1
2086806	2109690	2108.9	1
2109690	2116676	2108.7	1
2116676	2134438	2108.7	1
2134438	2142524	2108.7	1
2142524	2156497	2108.5	1
2156497	2174883	2108.3	1
2174883	2186731	2108.5	1
2186731	2199969	2108.3	1
2199969	2213898	2108.5	1
2213898	2227024	2108.5	1
2227024	2242883	2108.5	1
2242883	2255951	2108.7	1
2255951	2269380	2108.7	1
2269380	2282213	2108.5	1
2282213	2302602	2108.7	1
2302602	2316656	2108.5	1
2316656	2330161	2108.3	1
2330161	2343714	2108.5	1
2343714	2356473	2108.5	1
2356473	2384055	2108.7	1
2384055	2397037	2108.5	1
2397037	2416332	2108.9	1
2416332	2424978	2108.9	1
2424978	2438760	2108.7	1
2438760	2454547	2108.5	1
2454547	2465970	2108.5	1
2465970	2479192	2108.3	1
2479192	2499418	2108.7	1
2499418	2512325	2108.9	1
2512325	2526523	2108.9	1
2526523	2538053	2108.7	1
2538053	2555445	2108.7	1
2555445	2565505	2108.7	1
2565505	2576864	2108.7	1
2576864	2594221	2108.5	1
2594221	2607323	2108.5	1
2607323	2620672	2108.7	1
2620672	2634266	2108.7	1
2634266	2652160	2108.5	1
2652160	2672783	2108.7	1
2672783	2686202	2108.5	1
2686202	2693899	2108.7	1
2693899	2708313	2108.9	1
2708313	2735363	2108.5	1
2735363	2748522	2108.7	1
2748522	2761933	2108.5	1
2761933	2775865	2108.7	1
2775865	2787769	2108.7	1
2787769	2805032	2108.9	1
2805032	2822352	2108.9	1
2822352	2829863	2108.7	1
2829863	2849766	2108.5	1
2849766	2856946	2108.5	1
2856946	2877328	2108.9	1
2877328	2892087	2108.9	1
2892087	2902091	2108.9	1
2902091	2915518	2108.7	1
2915518	2931406	2108.7	1
2931406	2950796	2108.7	1
2950796	2962041	2108.9	1
2962041	2977061	2108.5	1
2977061	2991173	2109.1	1
2991173	3004059	2108.9	1
3004059	3017537	2108.7	1
3017537	3029489	2108.5	1
3029489	3040548	2108.7	1
3040548	3059984	2108.7	1
3059984	3067579	2108.9	1
3067579	3089677	2108.9	1
3089677	3099672	2108.9	1
3099672	3113058	2108.9	1
3113058	3124639	2108.7	1
3124639	3137740	2108.7	1
3137740	3160988	2108.5	1
3160988	3169641	2108.7	1
3169641	3181392	2108.9	1
3181392	3194584	2108.7	1
3194584	3212969	2108.7	1
3212969	3227872	2108.7	1
3227872	3239710	2108.9	1
3239710	3250475	2108.7	1
3250475	3266110	2108.9	1
3266110	3309508	2108.9	1
3309508	3326280	2108.9	1
3326280	3339535	2108.5	1
3339535	3348888	2108.1	1
3348888	3369714	2108.5	1
3369714	3380084	2108.3	1
3380084	3391952	2109.1	1
3391952	3403862	2108.7	1
3403862	3418316	2108.9	1
3418316	3436715	2108.5	1
3436715	3450990	2108.5	1
3450990	3462581	2108.7	1
3462581	3481434	2108.7	1
3481434	3491485	2108.5	1
3491485	3505839	2108.5	1
3505839	3518547	2108.5	1
3518547	3537562	2108.7	1
3537562	3545198	2109.1	1
3545198	3559208	2108.7	1
3559208	3582128	2108.7	1
3582128	3589770	2108.9	1
3589770	3602844	2108.9	1
3602844	3619685	2108.7	1
3619685	3629647	2108.7	1
3629647	3652594	2108.5	1
3652594	3659864	2108.5	1
3659864	3673248	2108.7	1
3673248	3685985	2108.9	1
3685985	3705137	2108.5	1
3705137	3719019	2108.7	1
3719019	3727217	2109.1	1
3727217	3740922	2109.3	1
3740922	3753081	2109.1	1
3753081	3766321	2109.5	1
3766321	3785133	2109.9	1
3785133	3797837	2109.1	1
3797837	3810299	2109.1	1
3810299	3824865	2109.7	1
3824865	3837488	2110.1	1
3837488	3857156	2109.7	1
3857156	3870672	2109.3	1
3870672	3884035	2109.5	1
3884035	3891648	2109.1	1
3891648	3905141	2109.1	1
3905141	3929043	2109.1	1
3929043	3935761	2108.5	1
3935761	3948997	2108.9	1
3948997	3962094	2108.7	1
3962094	3980584	2108.5	1
3980584	3992548	2108.7	1
3992548	4004380	2108.9	1
4004380	4017906	2108.9	1
4017906	4032622	2109.1	1
4032622	4044817	2108.9	1
4044817	4062296	2108.5	1
4062296	4073104	2108.7	1
4073104	4086448	2109.1	1
4086448	4101609	2108.9	1
4101609	4113307	2109.1	1
4113307	4131500	2109.1	1
4131500	4142761	2108.7	1
4142761	4157144	2109.1	1
4157144	4171688	2108.9	1
4171688	4182995	2108.9	1
4182995	4199200	2109.1	1
4199200	4212788	2109.1	1
4212788	4230631	2109.1	1
4230631	4243791	2109.1	1
4243791	4252555	2109.1	1
4252555	4275510	2108.9	1
4275510	4286193	2109.1	1
4286193	4299422	2109.3	1
4299422	4306105	2108.9	1
4306105	4319410	2108.9	1
4319410	4343630	2109.3	1
4343630	4351711	2109.5	1
4351711	4367819	2109.3	1
4367819	4377130	2109.1	1
4377130	4389916	2109.1	1
4389916	4405669	2109.1	1
4405669	4418978	2109.3	1
4418978	4433002	2108.9	1
4433002	4452421	2108.7	1
4452421	4459796	2108.7	1
4459796	4480608	2108.7	1
4480608	4493050	2108.7	1
4493050	4507270	2108.5	1
4507270	4520628	2108.7	1
4520628	4531663	2108.9	1
4531663	4548818	2108.3	1
4548818	4561799	2108.5	1
4561799	4574787	2108.7	1
4574787	4594738	2109.3	1
4594738	4602598	2108.9	1
4602598	4619103	2108.5	1
4619103	4634790	2108.9	1
4634790	4649400	2109.1	1
4649400	4662712	2109.3	1
4662712	4672113	2108.9	1
4672113	4692818	2108.9	1
4692818	4705829	2108.9	1
4705829	4715048	2108.9	1
4715048	4733567	2108.9	1
4733567	4741496	2109.3	1
4741496	4759564	2108.7	1
4759564	4770039	2108.7	1
4770039	4783315	2109.1	1
4783315	4803421	2108.9	1
4803421	4815229	2109.1	1
4815229	4827976	2109.1	1
4827976	4839016	2108.9	1
4839016	4856609	2109.3	1
4856609	4868039	2109.3	1
4868039	4883184	2108.9	1
4883184	4897712	2108.9	1
4897712	4907800	2109.1	1
4907800	4926911	2108.9	1
4926911	4940237	2109.1	1
4940237	4948985	2108.9	1
4948985	4967038	2108.9	1
4967038	4978017	2108.9	1
4978017	4991349	2109.1	1
4991349	5004732	2108.9	1
5004732	5016839	2108.9	1
5016839	5035251	2109.3	1
5035251	5046013	2109.1	1
5046013	5060081	2109.1	1
5060081	5076147	2109.1	1
5076147	5090039	2109.1	1
5090039	5110064	2109.1	1
5110064	5116751	2109.1	1
5116751	5129284	2109.1	1
5129284	5143467	2109.1	1
5143467	5155787	2108.9	1
5155787	5174000	2109.1	1
5174000	5186272	2109.3	1
5186272	5203409	2109.5	1
5203409	5210704	2109.3	1
5210704	5229363	2109.5	1
5229363	5243210	2109.9	1
5243210	5255583	2109.5	1
5255583	5267102	2109.1	1
5267102	5280200	2109.3	1
5280200	5295508	2109.5	1
5295508	5315945	2109.3	1
5315945	5323687	2109.1	1
5323687	5336560	2109.1	1
5336560	5355238	2108.9	1
5355238	5362890	2109.1	1
5362890	5379169	2109.3	1
5379169	5396879	2109.3	1
5396879	5406202	2108.7	1
5406202	5423933	2108.7	1
5423933	5432558	2108.5	1
5432558	5450974	2108.7	1
5450974	5463439	2108.7	1
5463439	5479724	2108.5	1
5479724	5489707	2108.7	1
5489707	5503105	2108.5	1
5503105	5527593	2108.5	1
5527593	5532809	2108.5	1
5532809	5552293	2108.3	1
5552293	5566066	2108.1	1
5566066	5574198	2108.1	1
5574198	5596806	2108.5	1
5596806	5603201	2108.7	1
5603201	5617923	2108.5	1
5617923	5630889	2108.7	1
5630889	5644057	2108.5	1
5644057	5662488	2108.7	1
5662488	5673868	2109.1	1
5673868	5687030	2108.9	1
5687030	5703876	2108.9	1
5703876	5718540	2108.9	1
5718540	5737881	2108.9	1
5737881	5747209	2109.1	1
5747209	5760489	2109.1	1
5760489	5768921	2108.9	1
5768921	5787330	2108.9	1
5787330	5801569	2109.1	1
5801569	5812319	2109.3	1
5812319	5826437	2109.3	1
5826437	5844669	2109.5	1
5844669	5853762	2109.5	1
5853762	5867431	2109.1	1
5867431	5880117	2108.9	1
5880117	5893527	2109.3	1
5893527	5906631	2109.1	1
5906631	5925334	2108.9	1
5925334	5944638	2109.1	1
5944638	5954320	2109.1	1
5954320	5962893	2109.1	1
5962893	5980809	2109.3	1
5980809	5989998	2109.5	1
5989998	6011093	2109.3	1
6011093	6019522	2109.3	1
6019522	6028125	2109.1	1
6028125	6043963	2109.1	1
6043963	6056890	2109.1	1
6056890	6079730	2109.1	1
6079730	6088300	2109.1	1
6088300	6106379	2109.7	1
6106379	6114759	2109.5	1
6114759	6126994	2109.1	1
6126994	6146377	2109.5	1
6146377	6157097	2109.1	1
6157097	6172791	2109.3	1
6172791	6186356	2109.3	1
6186356	6198038	2108.9	1
6198038	6214086	2109.3	1
6214086	6233480	2109.1	1
6233480	6240869	2108.7	1
6240869	6254676	2108.7	1
6254676	6269911	2108.5	1
6269911	6287446	2108.7	1
6287446	6298557	2108.7	1
6298557	6313000	2108.5	1
6313000	6327047	2108.3	1
6327047	6339043	2108.5	1
6339043	6356623	2107.9	1
6356623	6377164	2108.7	1
6377164	6388492	2108.5	1
6388492	6395666	2108.1	1
6395666	6415113	2107.9	1
6415113	6431460	2108.3	1
6431460	6445069	2108.3	1
6445069	6457892	2108.5	1
6457892	6472258	2108.5	1
6472258	6499898	2108.5	1
6499898	6511282	2108.5	1
6511282	6523326	2108.7	1
6523326	6544812	2108.5	1
6544812	6550741	2108.5	1
6550741	6573582	2108.7	1
6573582	6586677	2108.5	1
6586677	6601593	2108.1	1
6601593	6615306	2108.3	1
6615306	6627005	2108.3	1
6627005	6642671	2108.1	1
6642671	6657476	2108.5	1
6657476	6666920	2108.3	1
6666920	6681636	2108.1	1
6681636	6694937	2108.3	1
6694937	6711079	2108.3	1
6711079	6727652	2108.5	1
6727652	6737931	2108.3	1
6737931	6760081	2108.5	1
6760081	6770447	2135.6	1
6770447	6783990	2133.6	1
6783990	6796957	2130.4	1
6796957	6816288	2126.3	1
6816288	6829702	2124.3	1
6829702	6840570	2121.9	1
6840570	6853238	2118.6	1
6853238	6867289	2117.6	1
6867289	6880976	2117.0	1
6880976	6901226	2116.0	1
6901226	6914929	2115.4	1
6914929	6921746	2114.6	1
6921746	6935435	2114.2	1
6935435	6949178	2113.8	1
6949178	6969564	2113.0	1
6969564	6983100	2110.3	1
6983100	6994481	2110.1	1
6994481	7008230	2110.1	1
7008230	7019666	2109.7	1
7019666	7038734	2109.5	1
7038734	7056080	2108.9	1
7056080	7069176	2109.1	1
7069176	7078354	2109.1	1
7078354	7091864	2109.1	1
7091864	7107502	2108.9	1
7107502	7123295	2109.1	1
7123295	7138871	2109.1	1
7138871	7145459	2109.1	1
7145459	7164461	2108.9	1
7164461	7178390	2109.1	1
7178390	7191809	2109.1	1
7191809	7205146	2108.7	1
7205146	7216543	2109.3	1
7216543	7229411	2109.3	1
7229411	7250919	2109.3	1
7250919	7264155	2109.1	1
7264155	7277132	2109.1	1
7277132	7290059	2109.1	1
7290059	7297099	2109.3	1
7297099	7316789	2109.7	1
7316789	7328383	2109.3	1
7328383	7344793	2109.1	1
7344793	7354727	2109.1	1
7354727	7365666	2109.1	1
7365666	7384198	2109.1	1
7384198	7397246	2108.9	1
7397246	7413877	2108.9	1
7413877	7423667	2108.7	1
7423667	7436983	2109.1	1
7436983	7454856	2108.9	1
7454856	7466366	2108.7	1
7466366	7479879	2108.7	1
7479879	7492833	2108.7	1
7492833	7511195	2108.9	1
7511195	7524392	2108.9	1
7524392	7535836	2109.1	1
7535836	7549569	2109.3	1
7549569	7564628	2109.3	1
7564628	7576497	2109.1	1
7576497	7593618	2109.3	1
7593618	7604475	2109.3	1
7604475	7617664	2109.3	1
7617664	7637538	2109.5	1
7637538	7650117	2109.1	1
7650117	7663829	2109.3	1
7663829	7677146	2109.3	1
7677146	7690596	2109.5	1
7690596	7703868	2109.3	1
7703868	7730484	2108.9	1
7730484	7745153	2109.1	1
7745153	7757388	2109.5	1
7757388	7770763	2109.1	1
7770763	7784487	2108.9	1
7784487	7804982	2109.1	1
7804982	7812947	2108.9	1
7812947	480	2108.7	1
480	7838142	2135.6	1
7838142	7851394	2133.4	1
7851394	7868079	2130.4	1
7868079	7887068	2124.9	1
7887068	7895627	2123.5	1
7895627	7914328	2121.9	1
7914328	7921452	2118.4	1
7921452	7940846	2117.2	1
7940846	7952766	2116.0	1
7952766	7966572	2115.4	1
7966572	7983722	2114.6	1
7983722	7991270	2114.6	1
7991270	8010537	2114.2	1
8010537	8026622	2113.4	1
8026622	8036822	2113.0	1
8036822	8050465	2110.3	1
8050465	8063670	2110.3	1
8063670	8083543	2109.9	1
8083543	8097692	2109.5	1
8097692	8105910	2109.3	1
8105910	8119176	2109.3	1
8119176	8137939	2109.3	1
8137939	504	2109.3	1
504	8159439	2139.1	1
8159439	8175865	2134.4	1
8175865	8192892	2131.4	1
8192892	8206386	2129.4	1
8206386	8225611	2125.1	1
8225611	8228778	2122.5	1
8228778	8241370	2121.5	1
8241370	8257700	2118.2	1
8257700	8270604	2117.6	1
8270604	8287927	2116.6	1
8287927	8299525	2115.6	1
8299525	8311765	2115.2	1
8311765	8325991	2114.6	1
8325991	8338623	2114.4	1
8338623	8356035	2114.0	1
8356035	8365777	2113.8	1
8365777	8380332	2113.2	1
8380332	8401208	2112.8	1
8401208	8407692	2112.8	1
8407692	8432032	2110.1	1
8432032	8437304	2110.3	1
8437304	8450195	2110.3	1
8450195	8467106	2110.1	1
8467106	8478450	2110.1	1
8478450	8498908	2109.7	1
8498908	8505799	2109.5	1
8505799	8525670	2109.3	1
8525670	8538799	2109.3	1
8538799	8546557	2109.3	1
8546557	8563752	2109.1	1
8563752	8580385	2109.1	1
8580385	8587167	2108.7	1
8587167	8600795	2108.7	1
8600795	8619222	2108.9	1
8619222	8634442	2108.9	1
8634442	8651514	2108.7	1
8651514	8665317	2108.5	1
8665317	8688939	2108.7	1
8688939	8707781	2108.7	1
8707781	8716513	2108.5	1
8716513	8750451	2108.3	1
8750451	8758423	2108.7	1
8758423	8777651	2108.7	1
8777651	8791217	2108.5	1
8791217	8802123	2108.5	1
8802123	8819266	2108.5	1
8819266	8829248	2108.3	1
8829248	8853166	2108.1	1
8853166	8859270	2108.5	1
8859270	8878245	2108.5	1
8878245	8886625	2108.5	1
8886625	8900332	2108.5	1
8900332	8920354	2108.9	1
8920354	8934251	2108.7	1
8934251	8948701	2108.5	1
8948701	8956198	2108.3	1
8956198	8974505	2108.9	1
8974505	8987867	2108.5	1
8987867	9000999	2108.7	1
9000999	9013645	2108.7	1
9013645	9027087	2108.9	1
9027087	9040382	2109.1	1
9040382	9057166	2109.1	1
9057166	9068054	2108.5	1
9068054	9080643	2108.9	1
9080643	9093959	2109.1	1
9093959	9108028	2109.1	1
9108028	9127395	2109.3	1
9127395	9139736	2108.9	1
9139736	9150499	2109.3	1
9150499	9164261	2109.1	1
9164261	9176824	2109.1	1
9176824	9194375	2109.3	1
9194375	9213973	2109.1	1
9213973	9220375	2109.1	1
9220375	9233827	2108.9	1
9233827	9247334	2109.1	1
9247334	9267876	2109.3	1
9267876	9277947	2109.1	1
9277947	9288400	2108.9	1
9288400	9301989	2108.9	1
9301989	9315515	2108.9	1
9315515	9338737	2108.9	1
9338737	9348753	2108.7	1
9348753	9361290	2108.7	1
9361290	9378284	2108.5	1
9378284	9389171	2108.5	1
9389171	9407238	2108.5	1
9407238	9417271	2108.5	1
9417271	9436368	2108.7	1
9436368	9444484	2108.5	1
9444484	9458196	2108.5	1
9458196	9481436	2108.9	1
9481436	9490775	2108.5	1
9490775	9505965	2108.5	1
9505965	9515814	2108.3	1
9515814	9530109	2108.3	1
9530109	9547828	2108.5	1
9547828	9563866	2108.5	1
9563866	9577152	2108.5	1
9577152	9592318	2108.5	1
9592318	9601117	2108.5	1
9601117	9621052	2108.5	1
9621052	9631532	2108.5	1
9631532	9642472	2108.5	1
9642472	9656586	2108.5	1
9656586	9676596	2108.7	1
9676596	9692096	2108.3	1
9692096	9701179	2108.9	1
9701179	9718544	2108.5	1
9718544	9733245	2108.5	1
9733245	9742968	2108.7	1
9742968	9763977	2108.9	1
9763977	9769152	2108.5	1
9769152	9780434	2108.5	1
9780434	9792844	2109.1	1
9792844	9809903	2109.1	1
9809903	9827991	2109.3	1
9827991	9840698	2109.1	1
9840698	9853766	2108.9	1
9853766	9867631	2108.7	1
9867631	9884872	2108.9	1
9884872	9899571	2108.5	1
9899571	9912019	2108.7	1
9912019	9925736	2108.9	1
9925736	9945002	2108.5	1
9945002	9953098	2108.5	1
9953098	9973027	2108.7	1
9973027	9986541	2108.7	1
9986541	9999745	2108.5	1
9999745	10006704	2108.5	1
10006704	10020241	2108.7	1
10020241	10046834	2108.3	1
10046834	10051474	2108.3	1
10051474	10067941	2108.5	1
10067941	10080435	2108.7	1
10080435	10093589	2108.3	1
10093589	10109989	2108.5	1
10109989	10122193	2108.9	1
10122193	10135820	2108.5	1
10135820	10149686	2108.3	1
10149686	10163441	2108.3	1
10163441	10182513	2108.3	1
10182513	10196638	2108.5	1
10196638	10206389	2108.7	1
10206389	10224162	2108.7	1
10224162	10233536	2108.7	1
10233536	10250316	2108.9	1
10250316	10263376	2109.1	1
10263376	10280091	2109.1	1
10280091	10290236	2109.1	1
10290236	10307307	2128.8	1
10307307	10320371	2124.5	1
10320371	10333645	2123.3	1
10333645	10346925	2121.7	1
10346925	10360894	2118.0	1
10360894	10373974	2117.6	1
10373974	10388642	2116.6	1
10388642	10399112	2116.0	1
10399112	10420049	2115.4	1
10420049	10426697	2114.8	1
10426697	10441880	2114.2	1
10441880	10459043	2113.8	1
10459043	10474452	2113.4	1
10474452	10488041	2113.0	1
10488041	10494762	2110.3	1
10494762	10511585	2110.1	1
10511585	10523563	2109.9	1
10523563	10542463	2109.5	1
10542463	10562978	2109.5	1
10562978	10574703	2109.5	1
10574703	10583446	2109.5	1
10583446	10597048	2109.3	1
10597048	10609554	2108.9	1
10609554	10631148	2108.7	1
10631148	10638117	2108.9	1
10638117	10658420	2108.9	1
10658420	10672230	2108.9	1
10672230	10679397	2108.7	1
10679397	10699183	2108.7	1
10699183	10710897	2108.9	1
10710897	10723450	2108.7	1
10723450	10736914	2108.5	1
10736914	10750116	2108.3	1
10750116	10770632	2108.5	1
10770632	10780661	2108.7	1
10780661	10794729	2108.5	1
10794729	10807922	2108.3	1
10807922	10821525	2108.3	1
10821525	10838709	2108.3	1
10838709	10857841	2108.3	1
10857841	10863700	2108.7	1
10863700	10876665	2108.7	1
10876665	10895321	2108.9	1
10895321	10910396	2109.3	1
10910396	10921833	2109.1	1
10921833	10935272	2109.1	1
10935272	10948077	2108.9	1
10948077	10961091	2109.1	1
10961091	10979075	2109.3	1
10979075	10989503	2109.1	1
10989503	11009168	2109.3	1
11009168	11022906	2108.7	1
11022906	11050476	2108.9	1
11050476	11066246	2109.1	1
11066246	11076282	2109.1	1
11076282	11093379	2108.9	1
11093379	11103532	2108.7	1
11103532	11126646	2108.7	1
11126646	11132246	2108.7	1
11132246	11145957	2108.7	1
11145957	11159701	2108.7	1
11159701	11178480	2108.7	1
11178480	11193903	2108.7	1
11193903	11207474	2108.7	1
11207474	11215508	2108.7	1
11215508	11228549	2108.5	1
11228549	11248313	2108.3	1
11248313	11268502	2108.1	1
11268502	11279505	2108.7	1
11279505	11288497	2108.7	1
11288497	11301840	2108.9	1
11301840	11313511	2108.9	1
11313511	11327943	2109.3	1
11327943	11343507	2108.9	1
11343507	11353926	2108.9	1
11353926	11367658	2109.3	1
11367658	11381640	2109.1	1
11381640	11400973	2109.3	1
11400973	11413593	2109.1	1
11413593	11429207	2109.1	1
11429207	11440745	2109.5	1
11440745	11454218	2109.7	1
11454218	11470483	2109.7	1
11470483	11480972	2109.1	1
11480972	11494201	2108.9	1
11494201	11507360	2109.3	1
11507360	11525853	2109.1	1
11525853	11540769	2109.3	1
11540769	11550986	2109.3	1
11550986	11567013	2109.5	1
11567013	11579014	2109.3	1
11579014	11587692	2109.3	1
11587692	11606650	2109.5	1
11606650	11624373	2109.1	1
11624373	11632060	2109.3	1
11632060	11646086	2109.5	1
11646086	11663443	2109.5	1
11663443	11678489	2109.1	1
11678489	11691144	2108.9	1
11691144	11702047	2108.9	1
11702047	11715800	2108.9	1
11715800	11729872	2108.7	1
11729872	11749159	2108.9	1
11749159	11761095	2108.9	1
11761095	11773639	2108.9	1
11773639	11789109	2109.5	1
11789109	11797676	2109.1	1
11797676	11823179	2108.9	1
11823179	11828634	2109.1	1
11828634	11847078	2109.3	1
11847078	11855188	2109.3	1
11855188	11868598	2109.5	1
11868598	11885063	2109.3	1
11885063	11898388	2109.5	1
11898388	11914899	2109.3	1
11914899	11928157	2109.5	1
11928157	11937084	2109.1	1
11937084	11955107	2109.3	1
11955107	11970458	2109.7	1
11970458	11980336	2109.3	1
11980336	11996413	2109.1	1
11996413	12008175	2109.5	1
12008175	12028236	2109.5	1
12028236	12035332	2109.9	1
12035332	12054914	2109.3	1
12054914	12062282	2109.3	1
12062282	12074734	2109.3	1
12074734	12091680	2109.5	1
12091680	12103447	2109.9	1
12103447	12116607	2109.5	1
12116607	12136028	2109.3	1
12136028	12146972	2109.1	1
12146972	12166797	2109.5	1
12166797	12172951	2109.3	1
12172951	12186470	2109.3	1
12186470	12199042	2109.5	1
12199042	12213193	2109.5	1
12213193	12230156	2109.3	1
12230156	12251858	2109.9	1
12251858	12267040	2125.3	1
12267040	12282038	2122.5	1
12282038	12295778	2119.0	1
12295778	12309442	2117.8	1
12309442	12324109	2116.8	1
12324109	12344684	2115.4	1
12344684	12354842	2114.4	1
12354842	12368323	2113.4	1
12368323	12383559	2113.2	1
12383559	12412518	2110.3	1
12412518	12422401	2109.9	1
12422401	12432818	2109.9	1
12432818	12446475	2109.9	1
12446475	12459670	2109.7	1
12459670	12477041	2109.7	1
12477041	12490419	2109.7	1
12490419	12503816	2109.7	1
12503816	12517317	2109.5	1
12517317	12530751	2109.5	1
12530751	12549433	2109.3	1
12549433	12560117	2109.7	1
12560117	12572133	2109.9	1
12572133	12585330	2109.7	1
12585330	12605120	2109.3	1
12605120	12620597	2109.3	1
12620597	12634931	2109.3	1
12634931	12644090	2109.1	1
12644090	12656716	2109.3	1
12656716	12670186	2109.1	1
12670186	12692780	2109.1	1
12692780	12705419	2109.1	1
12705419	12713120	2109.1	1
12713120	12726552	2108.9	1
12726552	12739988	2109.3	1
12739988	12758619	2109.3	1
12758619	12769111	2109.3	1
12769111	12787572	2108.9	1
12787572	12800934	2108.9	1
12800934	12809217	2108.7	1
12809217	12830167	2108.7	1
12830167	12840227	2108.9	1
12840227	12853579	2108.9	1
12853579	12868450	2109.3	1
12868450	12882027	2109.1	1
12882027	12899132	2108.9	1
12899132	12915892	2108.7	1
12915892	12923199	2108.9	1
12923199	12942973	2108.9	1
12942973	12951333	2108.7	1
12951333	12976588	2109.1	1
12976588	12980972	2109.1	1
12980972	12997899	2109.3	1
12997899	13011557	2108.9	1
13011557	13020580	2109.1	1
13020580	13043447	2109.3	1
13043447	13049986	2109.3	1
13049986	13063108	2109.5	1
13063108	13076273	2109.7	1
13076273	13095575	2109.7	1
13095575	13109123	2109.9	1
13109123	13122459	2109.9	1
13122459	13135311	2109.7	1
13135311	13150329	2109.7	1
13150329	13175447	2109.5	1
13175447	13188142	2108.7	1
13188142	13205573	2109.5	1
13205573	13216617	2109.7	1
13216617	13230475	2108.9	1
13230475	13244125	2108.9	1
13244125	13258001	2108.7	1
13258001	13277277	2108.7	1
13277277	13285748	2108.3	1
13285748	13299992	2108.5	1
13299992	13318935	2108.5	1
13318935	13332491	2108.9	1
13332491	13345731	2108.7	1
13345731	13359098	2108.9	1
13359098	13368271	2108.9	1
13368271	13385809	2108.9	1
13385809	13398054	2108.9	1
13398054	13410797	2109.3	1
13410797	13425353	2109.3	1
13425353	13439241	2109.1	1
13439241	13459679	2109.1	1
13459679	13466326	2109.3	1
13466326	13479524	2109.3	1
13479524	13492735	2109.1	1
13492735	13506684	2109.1	1
13506684	13525526	2109.5	1
13525526	13537874	2109.5	1
13537874	13550611	2109.5	1
13550611	13563786	2109.3	1
13563786	13575131	2109.5	1
13575131	13598982	2109.7	1
13598982	13605556	2109.5	1
13605556	13624208	2109.3	1
13624208	13632223	2109.3	1
13632223	13645585	2109.3	1
13645585	13665653	2109.5	1
13665653	13678983	2109.5	1
13678983	13692399	2109.7	1
13692399	13699621	2109.5	1
13699621	13718751	2109.7	1
13718751	13732183	2109.7	1
13732183	13745555	2109.5	1
13745555	13758265	2109.5	1
13758265	13772276	2109.3	1
13772276	13782518	2109.5	1
13782518	13803581	2109.5	1
13803581	13817406	2109.5	1
13817406	13829508	2109.7	1
13829508	13842814	2109.7	1
13842814	13855891	2109.7	1
13855891	13872103	2109.5	1
13872103	13882016	2109.7	1
13882016	13895062	2109.7	1
13895062	13908332	2109.7	1
13908332	13925432	2109.5	1
13925432	13945464	2109.5	1
13945464	13950662	2109.5	1
13950662	13969632	2109.7	1
13969632	13977260	2109.7	1
13977260	13992327	2109.7	1
13992327	14011778	2109.3	1
14011778	14025456	2109.5	1
14025456	14034933	2109.5	1
14034933	14045192	2109.3	1
14045192	14059277	2109.5	1
14059277	14080243	2109.7	1
14080243	14090401	2109.3	1
14090401	14100037	2109.5	1
14100037	14114292	2109.5	1
14114292	14126730	2109.5	1
14126730	14149864	2109.7	1
14149864	14162011	2109.5	1
14162011	14174978	2109.9	1
14174978	14184584	2109.3	1
14184584	14198230	2109.3	1
14198230	14216736	2109.1	1
14216736	14225711	2109.1	1
14225711	14239131	2108.5	1
14239131	14252563	2109.1	1
14252563	14271635	2108.9	1
14271635	14286883	2109.1	1
14286883	14297208	2109.1	1
14297208	14311089	2109.5	1
14311089	14327224	2109.3	1
14327224	14336957	2109.5	1
14336957	14357740	2109.3	1
14357740	14371069	2109.5	1
14371069	14378618	2109.3	1
14378618	14392045	2109.5	1
14392045	14412489	2109.5	1
14412489	14430125	2109.3	1
14430125	14443117	2130.4	1
14443117	14457298	2125.7	1
14457298	14474100	2123.5	1
14474100	14478965	2122.3	1
14478965	14486617	2134.2	1
14486617	14502122	2130.8	1
14502122	14515888	2126.7	1
14515888	14533001	2124.5	1
14533001	14545393	2121.9	1
14545393	14558994	2118.8	1
14558994	14573089	2117.6	1
14573089	14586906	2117.0	1
14586906	14611284	2116.4	1
14611284	14625981	2152.3	1
14625981	14635741	2149.3	1
14635741	14648621	2142.5	1
14648621	14665636	2140.3	1
14665636	14686883	2134.4	1
14686883	14689481	2131.0	1
14689481	14707941	2129.4	1
14707941	14721985	2125.5	1
14721985	14735634	2124.3	1
14735634	14748954	2122.5	1
14748954	14757535	2118.4	1
14757535	14770468	2117.6	1
14770468	14788557	2117.0	1
14788557	14802166	2116.6	1
14802166	14816091	2115.8	1
14816091	14828878	2115.4	1
14828878	14845600	2114.8	1
14845600	14855386	2114.6	1
14855386	14867427	2114.0	1
14867427	14888390	2114.0	1
14888390	14893086	2113.6	1
14893086	14906180	2113.4	1
14906180	14926375	2110.5	1
14926375	14933522	2112.8	1
14933522	14955018	2112.8	1
14955018	14967248	2110.1	1
14967248	14980968	2109.9	1
14980968	14994918	2109.9	1
14994918	15005949	2109.7	1
15005949	15030359	2109.7	1
15030359	15036591	2109.7	1
15036591	15050085	2110.1	1
15050085	15063480	2109.7	1
15063480	15077199	2109.7	1
15077199	15094895	2109.3	1
15094895	15105920	2109.5	1
15105920	15122714	2109.3	1
15122714	15133062	2109.5	1
15133062	15151722	2109.3	1
15151722	15172059	2109.3	1
15172059	15178817	2109.1	1
15178817	15196241	2109.1	1
15196241	15204071	2109.3	1
15204071	15217199	2109.3	1
15217199	15237098	2109.3	1
15237098	15252852	2109.1	1
15252852	15264936	2108.9	1
15264936	15273121	2109.3	1
15273121	15286492	2109.5	1
15286492	15306459	2109.3	1
15306459	15317830	2109.1	1
15317830	15329451	2108.9	1
15329451	15341879	2109.1	1
15341879	15357783	2109.3	1
15357783	15378668	2109.5	1
15378668	15391803	2109.3	1
15391803	15403900	2109.3	1
15403900	15417159	2109.3	1
15417159	15426662	2109.5	1
15426662	15445305	2109.5	1
15445305	15454372	2109.3	1
15454372	15468076	2109.1	1
15468076	15487270	2109.1	1
15487270	15500842	2109.3	1
15500842	15521180	2109.5	1
15521180	15526822	2109.3	1
15526822	15540052	2109.3	1
15540052	15553186	2109.1	1
15553186	15568509	2109.3	1
15568509	15584119	2109.1	1
15584119	15601960	2109.5	1
15601960	15615240	2109.3	1
15615240	15628147	2109.5	1
15628147	99999999	2109.1	1
