#Processing Run 48090 for polarization tables
#The run table thinks this was a DSWAPL2 run
#Corresponding AMO file is :/home/clasg8/rootbeer2.1/dat/pol/amo_tesc_48083.dat
#Coherent Edge positions for TESC events follow:
#Event	Coh Edge	PolPlane(PARA=0,PERP=1,AMO=2,CHANGING=3)
0	199	1913.5	1
199	13171	1907.8	1
13171	22660	1915.3	1
22660	35961	1913.5	1
35961	48130	1912.9	1
48130	64037	1914.1	1
64037	79204	1914.3	1
79204	91923	1911.4	1
91923	101934	1912.8	1
101934	110492	1913.7	1
110492	129081	1912.3	1
129081	140926	1911.0	1
140926	149586	1914.7	1
149586	161276	1914.4	1
161276	177039	1912.9	1
177039	194711	1913.3	1
194711	202534	1897.0	1
202534	214144	1896.0	1
214144	226598	1903.8	1
226598	245421	1905.8	1
245421	255675	1907.0	1
255675	272349	1912.9	1
272349	283877	1913.3	1
283877	288546	1912.7	1
288546	306906	1913.7	1
306906	319350	1913.0	1
319350	331032	1909.6	1
331032	344136	1911.9	1
344136	355522	1912.9	1
355522	371951	1914.5	1
371951	384173	1914.5	1
384173	398850	1913.3	1
398850	405414	1905.4	1
405414	423445	1911.7	1
423445	436457	1910.0	1
436457	449529	1914.3	1
449529	462387	1909.8	1
462387	479074	1908.0	1
479074	491032	1911.7	1
491032	495853	1912.1	1
495853	517548	1908.8	1
517548	527898	1903.2	1
527898	536225	1906.2	1
536225	552537	1913.7	1
552537	560297	1913.7	1
560297	577230	1905.8	1
577230	592132	1909.8	1
592132	603474	1914.1	1
603474	610117	1907.6	1
610117	627190	1912.7	1
627190	642334	1913.9	1
642334	654135	1912.9	1
654135	669773	1913.3	1
669773	681970	1912.7	1
681970	688176	1911.9	1
688176	705686	1911.7	1
705686	716671	1911.9	1
716671	729138	1911.7	1
729138	741385	1912.1	1
741385	753362	1913.2	1
753362	772323	1914.1	1
772323	784856	1914.8	1
784856	796925	1915.5	1
796925	809736	1908.6	1
809736	822118	1905.8	1
822118	840003	1907.2	1
840003	849098	1907.4	1
849098	861399	1907.8	1
861399	871543	1911.7	1
871543	884290	1912.1	1
884290	x	1912.5	1
902271	915311	-1.0	0
915311	927926	1907.2	0
927926	939589	1900.0	0
939589	946670	1906.6	0
946670	958845	1914.2	0
958845	974658	1905.8	0
974658	990206	1899.8	0
990206	1002661	1907.2	0
1002661	1015325	1900.3	0
1015325	1027786	1893.4	0
1027786	1045603	1895.4	0
1045603	1054054	1897.4	0
1054054	1067456	1899.2	0
1067456	1080249	1898.8	0
1080249	1092263	1902.2	0
1092263	1110299	1902.5	0
1110299	1121027	1902.8	0
1121027	1139535	1908.2	0
1139535	1145462	1907.8	0
1145462	1156904	1907.2	0
1156904	1175985	1905.2	0
1175985	1184550	1909.4	0
1184550	1200239	1910.8	0
1200239	1212920	1910.6	0
1212920	1220316	1910.8	0
1220316	1243845	1911.2	0
1243845	1249338	1910.0	0
1249338	1265758	1908.8	0
1265758	1274495	1908.2	0
1274495	1286775	1898.2	0
1286775	1303167	1897.8	0
1303167	1318632	1895.7	0
1318632	1324896	1893.6	0
1324896	1342478	1912.6	0
1342478	1349348	1907.6	0
1349348	1365506	1909.6	0
1365506	1381833	1900.8	0
1381833	1389649	1903.0	0
1389649	1407657	1905.2	0
1407657	1421171	1900.6	0
1421171	1435139	1899.2	0
1435139	1447901	1908.6	0
1447901	1468601	1905.3	0
1468601	1479414	1902.0	0
1479414	1488076	1907.8	0
1488076	1511040	1909.4	0
1511040	1526006	1913.8	0
1526006	1537937	1910.2	0
1537937	1557797	1896.0	0
1557797	1578278	1898.4	0
1578278	1590556	1901.2	0
1590556	1596538	1904.0	0
1596538	1609794	1909.0	0
1609794	1622418	1915.6	0
1622418	1650773	1899.6	0
1650773	1666903	1902.2	0
1666903	1679547	1902.6	0
1679547	1687611	1896.4	0
1687611	1706725	1900.6	0
1706725	1717167	1902.4	0
1717167	1733937	1892.4	0
1733937	1741943	1899.8	0
1741943	1754911	1899.2	0
1754911	1772156	1905.2	0
1772156	1786447	1914.8	0
1786447	1801629	1917.8	0
1801629	1813168	1907.4	0
1813168	1826390	1912.2	0
1826390	1842138	1909.4	0
1842138	1848153	1900.2	0
1848153	1859506	1908.4	0
1859506	1870695	1915.4	0
1870695	1890585	1910.4	0
1890585	1903013	1905.7	0
1903013	1915153	-1.0	0
1915153	1928264	-1.0	0
1928264	1941562	-1.0	0
1941562	1956043	1912.4	0
1956043	1971443	1913.8	0
1971443	1980559	1899.0	0
1980559	1998579	1912.2	0
1998579	2011008	1914.8	0
2011008	2024086	1919.6	0
2024086	2042048	1900.0	0
2042048	2047647	1894.4	0
2047647	2062114	1904.0	0
2062114	2072996	1897.4	0
2072996	2085464	1901.9	0
2085464	2109398	1906.4	0
2109398	2114874	-1.0	0
2114874	2129028	-1.0	0
2129028	2139627	-1.0	0
2139627	2153530	-1.0	0
2153530	2885009	-1.0	0
2885009	3039467	-1.0	0
3039467	3045574	1856.2	1
3045574	3069714	1911.8	1
3069714	3076417	1912.7	1
3076417	3092673	1911.7	1
3092673	3103636	1909.4	1
3103636	3115915	1909.4	1
3115915	3128412	1908.4	1
3128412	3144548	1909.6	1
3144548	3155178	1911.5	1
3155178	3168130	1912.9	1
3168130	3178250	1909.2	1
3178250	3191445	1913.5	1
3191445	3201363	1913.5	1
3201363	3214014	1913.7	1
3214014	3226524	1909.6	1
3226524	3233753	1972.3	1
3233753	3253189	1914.8	1
3253189	3265276	1912.1	1
3265276	3280536	1910.2	1
3280536	3292945	1912.5	1
3292945	3304853	1912.3	1
3304853	3317026	1913.1	1
3317026	3333263	1913.9	1
3333263	3347182	1913.3	1
3347182	3355315	1912.7	1
3355315	3367682	1913.5	1
3367682	3380416	1907.8	1
3380416	3397802	1912.3	1
3397802	3405499	1911.9	1
3405499	3418186	1913.3	1
3418186	3436824	1913.3	1
3436824	3446547	1912.8	1
3446547	3456888	1901.2	1
3456888	3470003	1912.7	1
3470003	3483218	1912.3	1
3483218	3495442	1910.6	1
3495442	3511086	1909.0	1
3511086	3522452	1909.0	1
3522452	3534424	1911.0	1
3534424	3545942	1913.3	1
3545942	3559808	1913.9	1
3559808	3578814	1913.7	1
3578814	3584524	1913.5	1
3584524	3597206	1914.1	1
3597206	3614353	1913.5	1
3614353	3625922	1907.2	1
3625922	3642948	1910.2	1
3642948	3649915	1856.2	1
3649915	3664541	1906.2	1
3664541	3678025	1914.1	1
3678025	3685215	1913.3	1
3685215	3701628	1913.3	1
3701628	3720384	1913.5	1
3720384	3726452	1908.8	1
3726452	3744750	1888.8	1
3744750	3753949	1912.4	1
3753949	3769831	1909.6	1
3769831	3775831	1909.6	1
3775831	3787809	1912.3	1
3787809	3799288	1912.5	1
3799288	3812200	1912.1	1
3812200	3831263	1912.3	1
3831263	3844058	1913.3	1
3844058	3854940	1912.7	1
3854940	3868388	1912.9	1
3868388	3881050	1912.9	1
3881050	3897127	1912.1	1
3897127	3911301	1907.8	1
3911301	3917606	1911.7	1
3917606	3934691	1912.3	1
3934691	3942803	1912.1	1
3942803	3961105	1909.2	1
3961105	3975098	1911.5	1
3975098	3982257	1910.0	1
3982257	3996041	1908.6	1
3996041	4012572	1911.3	1
4012572	4029529	1909.2	1
4029529	4042851	1911.9	1
4042851	4049160	1909.6	1
4049160	4061481	1910.4	1
4061481	4079716	1908.6	1
4079716	4090275	1910.4	1
4090275	4103893	1911.9	1
4103893	4109407	1912.5	1
4109407	4127835	1911.9	1
4127835	4139907	1911.5	1
4139907	4152271	1910.0	1
4152271	4163094	1906.8	1
4163094	4178681	1913.3	1
4178681	4187049	1909.0	1
4187049	4200200	1913.5	1
4200200	4216039	1912.9	1
4216039	4231100	1911.3	1
4231100	4240950	1911.7	1
4240950	4249366	1911.9	1
4249366	4261662	1908.2	1
4261662	4280315	1904.0	1
4280315	4294921	1945.4	1
4294921	4301586	1960.7	1
4301586	4313078	1907.4	1
4313078	4325199	1907.6	1
4325199	4342302	1908.0	1
4342302	4353476	1911.7	1
4353476	4366008	1911.3	1
4366008	4378501	1907.4	1
4378501	4390646	1907.8	1
4390646	4409353	1908.8	1
4409353	4418344	1912.5	1
4418344	4429659	1912.3	1
4429659	4444913	1912.9	1
4444913	4451669	1911.9	1
4451669	4470176	1911.7	1
4470176	4482447	1912.3	1
4482447	4492748	1909.6	1
4492748	4507515	1909.0	1
4507515	4523051	1910.0	1
4523051	4532203	1912.5	1
4532203	4543870	1911.7	1
4543870	4559091	1911.5	1
4559091	4575181	1912.3	1
4575181	4587452	1912.1	1
4587452	4602416	1910.2	1
4602416	4613790	1910.4	1
4613790	4620395	1909.2	1
4620395	4636254	1908.4	1
4636254	4645447	1969.5	1
4645447	4664399	1964.3	1
4664399	4675972	1910.0	1
4675972	4689195	1911.7	1
4689195	4697298	1910.2	1
4697298	4709442	1907.2	1
4709442	4731357	1909.4	1
4731357	4743838	1908.8	1
4743838	4753588	1907.6	1
4753588	4765931	1905.6	1
4765931	4778587	1905.2	1
4778587	4790043	1905.6	1
4790043	4801105	1908.8	1
4801105	4818431	1908.8	1
4818431	4825451	1909.6	1
4825451	4837654	1911.5	1
4837654	4854361	1934.6	1
4854361	4866045	1928.2	1
4866045	4880865	1925.5	1
4880865	4894542	1922.7	1
4894542	4909013	1905.2	1
4909013	4923630	1918.0	1
4923630	4939437	1969.7	1
4939437	4948937	1909.8	1
4948937	4965392	1913.3	1
4965392	4974591	1912.9	1
4974591	4993453	1910.0	1
4993453	5001825	1911.9	1
5001825	5009933	1912.5	1
5009933	5024211	1912.3	1
5024211	5033475	1912.1	1
5033475	5050161	1912.1	1
5050161	5066851	1912.3	1
5066851	5079091	1909.2	1
5079091	5091020	1909.4	1
5091020	5096960	1911.9	1
5096960	5115834	1912.5	1
5115834	5134755	1909.6	1
5134755	5145945	1910.2	1
5145945	5152370	1908.0	1
5152370	5168024	1907.8	1
5168024	5179295	1907.2	1
5179295	5196582	1908.0	1
5196582	5203248	1909.4	1
5203248	5218313	1911.7	1
5218313	5227985	1911.9	1
5227985	5244141	1911.7	1
5244141	5254700	1909.4	1
5254700	5271534	1909.0	1
5271534	5283471	1910.9	1
5283471	5298424	1907.4	1
5298424	5308003	1907.8	1
5308003	5322992	1906.4	1
5322992	5334640	1911.5	1
5334640	5347467	1909.2	1
5347467	5360634	1908.0	1
5360634	5376412	1908.6	1
5376412	5382462	1908.0	1
5382462	5394876	1909.2	1
5394876	5410199	1911.3	1
5410199	5419960	1909.0	1
5419960	5437055	1908.0	1
5437055	5453938	1908.4	1
5453938	5462311	1908.6	1
5462311	5470838	1909.4	1
5470838	5483775	1909.4	1
5483775	5506219	1911.3	1
5506219	5512011	1911.7	1
5512011	5524410	1911.7	1
5524410	5538990	1900.0	1
5538990	5548960	1962.7	1
5548960	5565767	1978.3	1
5565767	5583485	1909.4	1
5583485	5590650	1909.0	1
5590650	5608704	1909.4	1
5608704	5614881	1909.6	1
5614881	5629746	1911.7	1
5629746	5639533	1909.6	1
5639533	5654843	1911.5	1
5654843	5667458	1911.5	1
5667458	5679829	1908.4	1
5679829	5698606	1908.0	1
5698606	5704452	1909.4	1
5704452	5717043	1911.9	1
5717043	5729815	1909.4	1
5729815	5748668	1908.2	1
5748668	5760893	1906.6	1
5760893	5769424	1908.4	1
5769424	5786405	1909.0	1
5786405	5798042	1908.2	1
5798042	5811143	1907.2	1
5811143	5825344	1906.2	1
5825344	5840658	1911.7	1
5840658	5848749	1911.2	1
5848749	5865604	1911.9	1
5865604	5878748	1911.7	1
5878748	5889366	1910.2	1
5889366	5901367	1911.7	1
5901367	5917045	1909.4	1
5917045	5925475	1907.6	1
5925475	5936992	1905.6	1
5936992	5959414	1908.4	1
5959414	5964322	1906.4	1
5964322	5976297	1901.4	1
5976297	5995089	1908.6	1
5995089	6018501	1911.3	1
6018501	6026180	1911.3	1
6026180	6043643	1911.5	1
6043643	6050397	1907.6	1
6050397	6062837	1907.6	1
6062837	6087510	1909.0	1
6087510	6093713	1910.9	1
6093713	6109069	1908.6	1
6109069	6118219	1909.6	1
6118219	6130217	1968.7	1
6130217	6153697	1912.1	1
6153697	6165079	1911.7	1
6165079	6178438	1908.4	1
6178438	6185068	1906.8	1
6185068	6197665	1909.0	1
6197665	6212489	1912.5	1
6212489	6225381	1910.2	1
6225381	6233587	1911.5	1
6233587	6249490	1911.7	1
6249490	6258717	1912.1	1
6258717	6274946	1910.0	1
6274946	6289958	1909.6	1
6289958	6302098	1909.0	1
6302098	6308225	1906.2	1
6308225	6320418	1907.4	1
6320418	6341055	1909.2	1
6341055	6349940	1912.1	1
6349940	6362597	1911.3	1
6362597	6374902	1911.3	1
6374902	6387181	1911.9	1
6387181	6402767	1909.4	1
6402767	6413689	1912.3	1
6413689	6423675	1909.6	1
6423675	6436479	1911.9	1
6436479	6448519	1911.8	1
6448519	6466806	1912.9	1
6466806	6475564	1913.1	1
6475564	6487041	1912.7	1
6487041	6499919	1911.7	1
6499919	6509812	1911.9	1
6509812	6530229	1912.3	1
6530229	6538110	1911.5	1
6538110	6551926	1911.9	1
6551926	6569196	1911.3	1
6569196	6580758	1909.0	1
6580758	6596596	1911.3	1
6596596	6602917	1911.3	1
6602917	6621732	1911.7	1
6621732	6627847	1911.5	1
6627847	6646755	1909.2	1
6646755	6664517	1908.4	1
6664517	6671799	1908.8	1
6671799	6684420	1907.4	1
6684420	6694933	1910.9	1
6694933	6843120	1911.3	1
6843120	6858747	1918.8	0
6858747	6870695	1914.8	0
6870695	6877510	1919.4	0
6877510	6895690	1911.6	0
6895690	6911674	1913.2	0
6911674	6919848	1899.4	0
6919848	6933208	1907.8	0
6933208	6943016	-1.0	0
6943016	6961951	-1.0	0
6961951	6977270	-1.0	0
6977270	6989537	1903.0	0
6989537	6997178	1912.8	0
6997178	7013558	1897.8	0
7013558	7025484	1905.0	0
7025484	7038059	1899.8	0
7038059	7050634	1912.8	0
7050634	7058263	1919.4	0
7058263	7070315	1913.0	0
7070315	7087588	1925.0	0
7087588	7102882	1916.4	0
7102882	7112743	1906.8	0
7112743	7131406	1910.4	0
7131406	7137577	1902.2	0
7137577	7149898	1909.2	0
7149898	7170573	1909.6	0
7170573	7179710	1899.0	0
7179710	7196754	1910.8	0
7196754	7209279	1913.4	0
7209279	7219531	1917.4	0
7219531	7238836	1913.4	0
7238836	7247535	1899.2	0
7247535	7257936	1917.2	0
7257936	7277094	1919.2	0
7277094	7289467	1913.4	0
7289467	7299701	1917.6	0
7299701	7312152	1911.8	0
7312152	7328076	1915.8	0
7328076	7336366	1909.6	0
7336366	7351423	1901.6	0
7351423	7363947	1913.4	0
7363947	7380386	1909.2	0
7380386	7386979	1901.4	0
7386979	7399599	1901.2	0
7399599	7410846	1914.6	0
7410846	7432000	1920.4	0
7432000	7438024	1913.8	0
7438024	7450453	1914.0	0
7450453	7470254	1900.0	0
7470254	7478084	1904.2	0
7478084	7496750	1908.4	0
7496750	7506219	1906.6	0
7506219	7524124	1907.0	0
7524124	7536857	1906.6	0
7536857	x	1907.4	0
7547033	7559025	1909.8	0
7559025	7573163	-1.0	0
7573163	7586897	-1.0	0
7586897	7601806	-1.0	0
7601806	7617349	-1.0	0
7617349	7630064	1912.6	0
7630064	7643282	1905.6	0
7643282	7656059	1904.4	0
7656059	7673098	1902.4	0
7673098	7683586	1907.4	0
7683586	7698118	1899.4	0
7698118	7712442	1902.9	0
7712442	7732418	1906.4	0
7732418	7743735	1900.5	0
7743735	7761250	1894.6	0
7761250	7771760	1899.9	0
7771760	7784924	1905.2	0
7784924	7806770	1865.0	0
7806770	7819864	1896.4	0
7819864	7830767	1898.5	0
7830767	7843988	1900.6	0
7843988	7856305	1904.0	0
7856305	7867278	1900.2	0
7867278	7886252	1915.6	0
7886252	7901150	1921.2	0
7901150	7910995	1909.4	0
7910995	7927506	1897.6	0
7927506	7935505	-1.0	0
7935505	7953852	-1.0	0
7953852	7968637	-1.0	0
7968637	7981426	1904.0	0
7981426	7989631	1896.6	0
7989631	8001051	1921.0	0
8001051	8018806	1889.8	0
8018806	8028831	1920.1	0
8028831	8039265	1910.2	0
8039265	8069605	1907.6	0
8069605	8084674	1896.8	0
8084674	8097830	1894.9	0
8097830	8111435	1893.0	0
8111435	8120896	1904.0	0
8120896	8133663	1907.2	0
8133663	8146895	1911.8	0
8146895	8160024	1916.4	0
8160024	8181180	1917.6	0
8181180	8187513	1907.2	0
8187513	8207125	1899.0	0
8207125	8222132	1906.8	0
8222132	8233493	1899.8	0
8233493	8246605	1918.2	0
8246605	8252884	1910.6	0
8252884	8265513	1907.6	0
8265513	8277903	1902.0	0
8277903	8289737	1905.4	0
8289737	8313763	1898.8	0
8313763	8327201	1908.2	0
8327201	8334543	1919.4	0
8334543	8347415	1932.1	0
8347415	8359687	1915.0	0
8359687	8379591	1917.6	0
8379591	8391943	1935.5	0
8391943	8403109	1919.0	0
8403109	8410823	1918.6	0
8410823	8429234	1921.8	0
8429234	8448122	1898.2	0
8448122	8453327	1900.4	0
8453327	8464459	1901.2	0
8464459	8478931	1898.6	0
8478931	8499294	1898.6	0
8499294	8514717	1903.8	0
8514717	8520910	1916.4	0
8520910	8533326	1914.0	0
8533326	8545888	1919.2	0
8545888	8558066	1916.4	0
8558066	8573086	1908.4	0
8573086	8586202	1917.6	0
8586202	8600939	1918.6	0
8600939	8613234	1905.6	0
8613234	8625466	1917.8	0
8625466	8640885	1915.0	0
8640885	8652100	1914.2	0
8652100	8668928	1913.4	0
8668928	8684988	1921.4	0
8684988	8697334	1903.0	0
8697334	8710069	1897.6	0
8710069	8727880	1898.0	0
8727880	8739083	1895.6	0
8739083	8751962	1902.5	0
8751962	8766019	1909.4	0
8766019	8778632	1910.2	0
8778632	8792006	1912.2	0
8792006	8807296	1911.0	0
8807296	8817766	1912.8	0
8817766	8834494	1911.4	0
8834494	8847278	1905.0	0
8847278	8868573	1865.0	0
8868573	8874621	1901.2	0
8874621	8894817	1899.8	0
8894817	8901420	1898.4	0
8901420	8916296	1919.8	0
8916296	8930749	1916.8	0
8930749	8944379	1915.8	0
8944379	8957045	1918.2	0
8957045	8969708	1917.0	0
8969708	8976155	1913.4	0
8976155	8997662	1903.4	0
8997662	9005701	1914.0	0
9005701	9031296	1913.8	0
9031296	9043724	1915.0	0
9043724	9063595	1914.0	0
9063595	9073816	1926.8	0
9073816	9082246	1918.8	0
9082246	9095204	1915.4	0
9095204	9107744	1914.4	0
9107744	9128640	1924.6	0
9128640	9145487	1909.0	0
9145487	9153623	1911.4	0
9153623	9161938	1918.0	0
9161938	9179692	1922.0	0
9179692	9197744	1917.6	0
9197744	9209752	1909.8	0
9209752	9217286	1909.8	0
9217286	9235502	1920.2	0
9235502	9247631	1905.8	0
9247631	9259771	1903.8	0
9259771	9267506	1918.4	0
9267506	9279914	1916.4	0
9279914	9292160	1920.0	0
9292160	9311239	1920.4	0
9311239	9323106	1913.8	0
9323106	9335617	1916.4	0
9335617	9347030	1921.4	0
9347030	9359449	1925.2	0
9359449	9372190	1916.2	0
9372190	9389162	1899.6	0
9389162	9399486	1911.2	0
9399486	9411903	1921.4	0
9411903	9424305	1921.0	0
9424305	9436638	1915.8	0
9436638	9458613	1897.0	0
9458613	9469420	-1.0	0
9469420	9481956	-1.0	0
9481956	9496445	-1.0	0
9496445	9509571	1921.8	0
9509571	9521034	1913.2	0
9521034	9536898	1914.6	0
9536898	9549327	1914.4	0
9549327	9558721	1917.4	0
9558721	9567935	1911.0	0
9567935	9586643	1904.8	0
9586643	9599645	1907.0	0
9599645	9612213	1899.2	0
9612213	9618290	1910.8	0
9618290	9631666	1893.2	0
9631666	9650598	1909.0	0
9650598	9661184	1915.4	0
9661184	9679270	1910.8	0
9679270	9692511	1922.4	0
9692511	9703823	1917.4	0
9703823	9719751	1890.0	0
9719751	9725946	1917.8	0
9725946	9739862	1915.4	0
9739862	9751355	1915.4	0
9751355	9769244	1917.2	0
9769244	9779128	1910.6	0
9779128	9794897	1915.4	0
9794897	9802376	1914.4	0
9802376	9819349	1922.4	0
9819349	9831717	1915.2	0
9831717	9851174	1902.8	0
9851174	9863272	1913.8	0
9863272	9869298	1913.2	0
9869298	9887614	1905.8	0
9887614	9894683	1903.4	0
9894683	9909668	1912.4	0
9909668	9921431	1896.8	0
9921431	9939876	1917.4	0
9939876	9946628	1928.0	0
9946628	9963584	1912.6	0
9963584	9975869	1919.8	0
9975869	9991857	1939.1	0
9991857	10004592	1920.0	0
10004592	10015990	1939.7	0
10015990	10024256	1923.0	0
10024256	10046369	1922.0	0
10046369	10051965	1892.2	0
10051965	10071183	1904.2	0
10071183	10077452	1915.4	0
10077452	10090215	1910.4	0
10090215	10109453	1887.2	0
10109453	10116868	1919.2	0
10116868	10129900	1919.4	0
10129900	10147484	1919.6	0
10147484	10159759	1912.0	0
10159759	10178228	1913.8	0
10178228	10184286	1917.6	0
10184286	10196188	1919.0	0
10196188	x	1916.4	0
10340547	10348042	1910.0	1
10348042	10354947	1909.6	1
10354947	10371791	1910.8	1
10371791	10386392	1911.0	1
10386392	10395387	1910.2	1
10395387	10411954	1911.8	1
10411954	10419269	1908.2	1
10419269	10429718	1910.0	1
10429718	10445867	1909.2	1
10445867	10461920	1910.4	1
10461920	10467809	1964.5	1
10467809	10485905	1908.8	1
10485905	10496733	1911.9	1
10496733	10515166	1911.0	1
10515166	10524959	1909.8	1
10524959	10532657	1911.9	1
10532657	10550823	1909.0	1
10550823	10561229	1908.0	1
10561229	10577864	1909.2	1
10577864	10590043	1912.1	1
10590043	10599157	1912.1	1
10599157	10609750	1912.1	1
10609750	10620170	1908.8	1
10620170	10639476	1911.5	1
10639476	10647062	1909.8	1
10647062	10664603	1911.5	1
10664603	10679453	1911.1	1
10679453	10691702	1907.6	1
10691702	10702129	1911.3	1
10702129	10717925	1908.2	1
10717925	10726682	1907.8	1
10726682	10739644	1907.0	1
10739644	10756216	1908.8	1
10756216	10770915	1908.8	1
10770915	10780922	1908.6	1
10780922	10794877	1907.4	1
10794877	10806850	1906.8	1
10806850	10820327	1907.4	1
10820327	10829392	1908.0	1
10829392	10839088	1903.0	1
10839088	10857760	1903.2	1
10857760	10870267	1906.6	1
10870267	10876728	1906.6	1
10876728	10901768	1907.2	1
10901768	10913730	1907.6	1
10913730	10926175	1908.0	1
10926175	10932690	1907.4	1
10932690	10944592	1911.1	1
10944592	10963409	1908.0	1
10963409	10974955	1908.6	1
10974955	10986720	1911.7	1
10986720	10993686	1912.9	1
10993686	11011943	1912.7	1
11011943	11022989	1912.3	1
11022989	11034643	1911.9	1
11034643	11049724	1911.1	1
11049724	11061232	1907.0	1
11061232	11069474	1908.4	1
11069474	11085877	1908.8	1
11085877	11096452	1911.7	1
11096452	11108809	1912.1	1
11108809	11127285	1911.5	1
11127285	11139471	1908.6	1
11139471	11170215	1908.4	1
11170215	11182355	1906.0	1
11182355	11194699	1906.4	1
11194699	11200848	1908.6	1
11200848	11218649	1909.4	1
11218649	11230453	1908.0	1
11230453	11240843	1909.4	1
11240843	11253401	1911.5	1
11253401	11266075	1909.6	1
11266075	11281633	1908.8	1
11281633	11299984	1907.0	1
11299984	11306070	1907.2	1
11306070	11322453	1911.1	1
11322453	11329206	1911.0	1
11329206	11341040	1909.2	1
11341040	11357159	1912.1	1
11357159	11373425	1909.2	1
11373425	11385530	1975.7	1
11385530	11397806	1913.7	1
11397806	11403413	1905.4	1
11403413	11423980	1907.0	1
11423980	11436090	1905.0	1
11436090	11444220	1903.8	1
11444220	11457534	1906.8	1
11457534	11464280	1912.3	1
11464280	11487804	1909.8	1
11487804	11500981	1912.4	1
11500981	11507299	1912.5	1
11507299	11524095	1908.4	1
11524095	11532081	1905.8	1
11532081	11550035	1906.2	1
11550035	11561723	1908.8	1
11561723	11573539	1909.0	1
11573539	11592159	1908.2	1
11592159	11605399	1907.2	1
11605399	11623899	1908.8	1
11623899	11634463	1910.9	1
11634463	11646920	1910.9	1
11646920	11653014	1910.0	1
11653014	11665387	1905.2	1
11665387	11683695	1907.8	1
11683695	11696004	1906.4	1
11696004	11707911	1906.8	1
11707911	11713799	1907.6	1
11713799	11726669	1908.0	1
11726669	11743180	1909.8	1
11743180	11758967	1912.3	1
11758967	11770867	1911.9	1
11770867	11779549	1909.8	1
11779549	11796257	1909.4	1
11796257	11812386	1908.2	1
11812386	11818413	1912.1	1
11818413	11830511	1912.1	1
11830511	11847774	1912.3	1
11847774	11858261	1912.5	1
11858261	11871101	1912.9	1
11871101	11884976	1911.9	1
11884976	11890869	1913.1	1
11890869	11902887	1911.9	1
11902887	11915119	1906.2	1
11915119	11936644	1905.4	1
11936644	11945494	1909.0	1
11945494	11963710	1911.7	1
11963710	11971215	1911.7	1
11971215	11979615	1911.9	1
11979615	12001100	1912.3	1
12001100	12012252	1912.7	1
12012252	12018042	1910.4	1
12018042	12030252	1908.6	1
12030252	12042419	1909.4	1
12042419	12065872	1911.9	1
12065872	12070130	1912.3	1
12070130	12085919	1910.2	1
12085919	12094164	1912.5	1
12094164	12106128	1908.8	1
12106128	12128759	1912.3	1
12128759	12134244	1909.8	1
12134244	12164905	1909.6	1
12164905	12170734	1942.9	1
12170734	12182684	1933.0	1
12182684	12195103	1927.4	1
12195103	12207195	1924.7	1
12207195	12223098	1920.3	1
12223098	12239563	1917.0	1
12239563	12245966	1914.8	1
12245966	12264025	1916.0	1
12264025	12270235	1917.1	1
12270235	12291504	1916.1	1
12291504	12302705	1913.7	1
12302705	12314226	1911.2	1
12314226	12326081	1908.0	1
12326081	12333374	1908.8	1
12333374	12349752	1912.9	1
12349752	12357272	1913.1	1
12357272	12371087	1912.3	1
12371087	12382464	1912.3	1
12382464	12395593	1911.7	1
12395593	12415728	1911.9	1
12415728	12433754	1911.9	1
12433754	12442632	1908.6	1
12442632	12449775	1887.0	1
12449775	12461480	1909.8	1
12461480	12480211	1908.8	1
12480211	12488898	1908.0	1
12488898	12503037	1907.2	1
12503037	12519956	1908.6	1
12519956	12525424	1908.4	1
12525424	12548977	1909.0	1
12548977	12560349	1907.8	1
12560349	12572405	1907.6	1
12572405	12584423	1908.4	1
12584423	12598691	1907.2	1
12598691	12609474	1908.4	1
12609474	12620949	1911.5	1
12620949	12635660	1909.6	1
12635660	12641962	1910.0	1
12641962	12660226	1910.2	1
12660226	12672348	1912.1	1
12672348	12683623	1908.6	1
12683623	12695685	1908.4	1
12695685	12713734	1909.6	1
12713734	12721336	1911.7	1
12721336	12735242	1912.3	1
12735242	12745574	1911.3	1
12745574	12764369	1911.5	1
12764369	12770693	1912.1	1
12770693	12782678	1911.3	1
12782678	12806054	1908.4	1
12806054	12811181	1905.4	1
12811181	12828647	1907.8	1
12828647	12840308	1911.9	1
12840308	12852539	1911.9	1
12852539	12867846	1908.8	1
12867846	12879986	1912.5	1
12879986	12886081	1912.9	1
12886081	12898013	1912.5	1
12898013	12916819	1912.5	1
12916819	12923244	1910.0	1
12923244	12935239	1908.8	1
12935239	12946900	1911.3	1
12946900	12965465	1908.8	1
12965465	12969852	1908.6	1
12969852	12993884	1907.2	1
12993884	13006304	1909.2	1
13006304	13013137	1909.6	1
13013137	13031508	1909.4	1
13031508	13035719	1909.6	1
13035719	13057172	1906.6	1
13057172	13069075	1908.0	1
13069075	13075930	1908.6	1
13075930	13094946	1908.0	1
13094946	13101344	1911.1	1
13101344	13120954	1911.5	1
13120954	13131996	1912.1	1
13131996	13147127	1909.2	1
13147127	13154014	1904.6	1
13154014	13169144	1907.6	1
13169144	13185557	1906.8	1
13185557	13198116	1904.2	1
13198116	13206390	1908.6	1
13206390	13224505	1909.2	1
13224505	13230713	1907.8	1
13230713	13247162	1911.3	1
13247162	13256805	1909.0	1
13256805	13269767	1908.8	1
13269767	13288262	1911.5	1
13288262	13301099	1909.2	1
13301099	13311944	1907.6	1
13311944	13329060	1909.6	1
13329060	13342169	1911.5	1
13342169	13348198	1911.5	1
13348198	13361344	1911.5	1
13361344	13376860	1911.5	1
13376860	13387187	1910.6	1
13387187	13399112	1912.1	1
13399112	13411412	1912.1	1
13411412	13428665	1908.8	1
13428665	13445457	1907.8	1
13445457	13453633	1908.8	1
13453633	13465658	1906.8	1
13465658	13480422	1905.4	1
13480422	13489806	1906.6	1
13489806	13508424	1907.0	1
13508424	13525734	1906.0	1
13525734	13537480	1903.0	1
13537480	13550920	1945.4	1
13550920	13556148	1900.0	1
13556148	13577265	1902.2	1
13577265	13587714	1903.4	1
13587714	13596094	1903.0	1
13596094	13608630	1902.8	1
13608630	13627256	1904.6	1
13627256	13642483	1904.8	1
13642483	13654161	1908.0	1
13654161	13665543	1908.0	1
13665543	13677320	1907.6	1
13677320	13686654	1907.0	1
13686654	13706757	1908.8	1
13706757	13713170	1911.5	1
13713170	13725833	1909.4	1
13725833	13737536	1912.5	1
13737536	13755112	1911.1	1
13755112	13764882	1911.9	1
13764882	13781031	1912.3	1
13781031	13787256	1912.1	1
13787256	13799495	1909.0	1
13799495	13817940	1912.1	1
13817940	13835019	1909.4	1
13835019	13840625	1912.7	1
13840625	13854641	1912.3	1
13854641	13865586	1912.3	1
13865586	13883592	1912.1	1
13883592	13898173	1909.8	1
13898173	13904361	1909.2	1
13904361	13916419	1908.8	1
13916419	13934520	1911.7	1
13934520	13942514	1911.9	1
13942514	13958827	1912.1	1
13958827	14089742	1911.5	1
14089742	14102723	1913.5	0
14102723	14115276	1915.6	0
14115276	14127685	1897.4	0
14127685	14140376	1898.9	0
14140376	14151864	1900.4	0
14151864	14170266	1902.4	0
14170266	14175953	1898.4	0
14175953	14192305	1895.0	0
14192305	14207802	1894.7	0
14207802	14220631	1894.4	0
14220631	14227791	1897.6	0
14227791	14245718	1902.2	0
14245718	14258729	1896.0	0
14258729	14274584	1896.0	0
14274584	14281144	1895.8	0
14281144	14294565	1895.6	0
14294565	14307956	1900.3	0
14307956	14326430	1905.0	0
14326430	14332846	1904.0	0
14332846	14365182	1905.6	0
14365182	14371917	1904.2	0
14371917	14386063	1904.9	0
14386063	14405059	1905.6	0
14405059	14417993	1896.4	0
14417993	14429623	1905.2	0
14429623	14438020	1900.6	0
14438020	14451901	1897.8	0
14451901	14470530	1895.0	0
14470530	14482767	1908.2	0
14482767	14501771	1899.0	0
14501771	14508128	1911.6	0
14508128	14520718	1912.6	0
14520718	14533000	1907.4	0
14533000	14552423	1902.4	0
14552423	14565271	1893.0	0
14565271	14571550	1906.6	0
14571550	14586839	1905.9	0
14586839	14599405	1905.2	0
14599405	14611927	1914.4	0
14611927	14630658	1908.6	0
14630658	14654765	1916.6	0
14654765	14655192	1899.6	0
14655192	14671685	1903.0	0
14671685	14685993	1906.4	0
14685993	14700400	1908.2	0
14700400	14712064	1900.0	0
14712064	14725587	1904.5	0
14725587	14742370	1909.0	0
14742370	14751555	1903.2	0
14751555	14773507	1898.2	0
14773507	14779709	1898.6	0
14779709	14790819	1899.8	0
14790819	14809451	1897.7	0
14809451	14817249	1895.6	0
14817249	14837206	1907.8	0
14837206	14845728	1902.4	0
14845728	14864873	1899.8	0
14864873	14871686	1897.2	0
14871686	14890833	1896.0	0
14890833	14903929	1898.0	0
14903929	14921413	1899.6	0
14921413	14928069	1908.2	0
14928069	14941393	1898.4	0
14941393	14952458	1907.4	0
14952458	14973491	1920.4	0
14973491	14985327	1904.6	0
14985327	14998162	1906.6	0
14998162	15010719	1912.6	0
15010719	15021342	1899.6	0
15021342	15041084	1898.4	0
15041084	15049596	-1.0	0
15049596	15067602	-1.0	0
15067602	15074791	-1.0	0
15074791	15091845	1903.6	0
15091845	15104685	1906.6	0
15104685	15117248	1890.4	0
15117248	15131308	1893.1	0
15131308	15152179	1895.8	0
15152179	15166448	1909.0	0
15166448	15179092	1898.4	0
15179092	15188598	1912.8	0
15188598	15203891	1907.2	0
15203891	15217616	1902.6	0
15217616	15231484	1895.4	0
15231484	15244441	1905.0	0
15244441	15250586	1912.4	0
15250586	15267312	1912.4	0
15267312	15274235	1917.6	0
15274235	15291679	1912.8	0
15291679	15309631	1916.4	0
15309631	15317890	1911.6	0
15317890	15334969	1910.0	0
15334969	15342875	1913.0	0
15342875	15355710	1913.2	0
15355710	15371504	1912.6	0
15371504	15384122	1915.8	0
15384122	15400522	1913.6	0
15400522	15408981	1914.2	0
15408981	15420947	1916.0	0
15420947	15439919	1912.4	0
15439919	15446060	1914.2	0
15446060	15466790	-1.0	0
15466790	15480961	-1.0	0
15480961	15493318	-1.0	0
15493318	15507792	1909.4	0
15507792	15515725	1906.0	0
15515725	15528667	1921.0	0
15528667	15545705	1912.6	0
15545705	15559108	1917.2	0
15559108	15573301	1921.2	0
15573301	15581639	1909.2	0
15581639	15593960	1915.2	0
15593960	15612233	1899.2	0
15612233	15618896	1918.0	0
15618896	15640376	1921.6	0
15640376	15650892	1913.4	0
15650892	15658355	1921.4	0
15658355	15674880	1921.0	0
15674880	15687463	1917.2	0
15687463	15699608	1915.8	0
15699608	15715053	1911.4	0
15715053	15726471	1920.2	0
15726471	15739961	1912.0	0
15739961	15747107	1907.6	0
15747107	15766922	1895.2	0
15766922	15774866	1904.3	0
15774866	15796245	1913.4	0
15796245	15807871	1893.4	0
15807871	15820431	1902.9	0
15820431	15838910	1912.4	0
15838910	15848023	1917.8	0
15848023	15854668	1916.4	0
15854668	15868148	1908.0	0
15868148	15878640	1920.0	0
15878640	15899663	1923.2	0
15899663	15906875	1911.8	0
15906875	15924291	1921.6	0
15924291	15932370	1914.2	0
15932370	15951364	1897.8	0
15951364	15963420	1896.2	0
15963420	15977268	1898.6	0
15977268	15988992	1911.0	0
15988992	15997150	1918.0	0
15997150	16013676	1901.6	0
16013676	16028590	1902.6	0
16028590	16042720	1910.8	0
16042720	16051636	1904.6	0
16051636	16064204	1921.6	0
16064204	16076670	1915.0	0
16076670	16092511	1918.4	0
16092511	16109671	1915.6	0
16109671	16121236	1917.2	0
16121236	16132886	1911.8	0
16132886	16143971	1901.8	0
16143971	16158598	1896.6	0
16158598	16173407	1909.8	0
16173407	16181468	1914.2	0
16181468	16197120	1923.4	0
16197120	16208893	1910.8	0
16208893	16221001	1900.8	0
16221001	16231783	1910.9	0
16231783	16241803	1921.0	0
16241803	16259776	1922.4	0
16259776	16273777	1925.6	0
16273777	16291239	1920.4	0
16291239	16305592	1906.2	0
16305592	16316899	1922.6	0
16316899	16329923	1917.4	0
16329923	16337317	1917.8	0
16337317	16359233	1917.4	0
16359233	16368342	1916.8	0
16368342	16380605	1905.2	0
16380605	16394167	1913.2	0
16394167	16400922	1915.8	0
16400922	16420909	1915.0	0
16420909	16431625	1905.6	0
16431625	16450577	1903.2	0
16450577	16457055	1917.2	0
16457055	16469229	1907.0	0
16469229	16486284	1901.4	0
16486284	16497474	1892.0	0
16497474	16510515	1910.6	0
16510515	16527184	1917.4	0
16527184	16538429	1910.8	0
16538429	16556780	1909.0	0
16556780	16568799	1894.2	0
16568799	16575830	1895.0	0
16575830	16593405	1902.8	0
16593405	16600380	1899.4	0
16600380	16618723	1908.8	0
16618723	16634007	1906.2	0
16634007	16638028	1897.4	0
16638028	16656254	1908.4	0
16656254	16667774	1911.6	0
16667774	16681399	-1.0	0
16681399	16700827	-1.0	0
16700827	16707918	-1.0	0
16707918	16723132	1902.2	0
16723132	16738322	1903.2	0
16738322	16753909	1894.3	0
16753909	16770551	1885.4	0
16770551	16777157	1904.8	0
16777157	16793090	1908.2	0
16793090	16808566	1911.8	0
16808566	16820307	1912.6	0
16820307	16837497	1908.4	0
16837497	16850557	1902.6	0
16850557	16856934	1904.8	0
16856934	16877307	1899.6	0
16877307	16893036	1904.8	0
16893036	16899599	1902.2	0
16899599	16917772	1896.2	0
16917772	16932168	1894.8	0
16932168	16939563	1879.9	0
16939563	16961296	1865.0	0
16961296	16977928	1893.2	0
16977928	16985309	1897.4	0
16985309	16996974	1901.6	0
16996974	17010806	1901.9	0
17010806	17028391	1902.2	0
17028391	17041450	1905.3	0
17041450	17053161	1908.4	0
17053161	17075138	1902.9	0
17075138	17082912	1897.4	0
17082912	17105031	1901.4	0
17105031	17117065	1905.4	0
17117065	17130953	1906.5	0
17130953	17137210	1907.6	0
17137210	17158579	1899.4	0
17158579	17172110	1899.4	0
17172110	17182114	1899.4	0
17182114	17200416	1904.0	0
17200416	17206457	1912.2	0
17206457	17223123	1913.8	0
17223123	17238664	1916.8	0
17238664	17250721	1919.0	0
17250721	17263375	1911.2	0
17263375	17275567	1911.2	0
17275567	17287818	1920.8	0
17287818	17302597	-1.0	0
17302597	17309360	-1.0	0
17309360	17322861	-1.0	0
17322861	17347119	-1.0	0
17347119	17361362	-1.0	0
17361362	17374152	1914.0	0
17374152	17380165	1911.3	0
17380165	17393054	1908.6	0
17393054	17410769	1914.8	0
17410769	17424003	1916.2	0
17424003	17433296	1914.2	0
17433296	17445363	1911.8	0
17445363	17463062	1913.6	0
17463062	17470246	1910.2	0
17470246	17482567	1906.8	0
17482567	17500551	1896.6	0
17500551	17511949	1895.8	0
17511949	17530980	1905.0	0
17530980	17542228	1896.0	0
17542228	17550812	1901.2	0
17550812	17571504	1896.6	0
17571504	17584138	1906.2	0
17584138	17596818	1913.6	0
17596818	17609342	1915.4	0
17609342	17618554	1906.0	0
17618554	17633539	1918.6	0
17633539	17646066	1911.8	0
17646066	17658962	1915.0	0
17658962	17673258	1914.2	0
17673258	17685580	1902.8	0
17685580	17700920	1899.6	0
17700920	17714984	1907.8	0
17714984	17726783	1915.6	0
17726783	17738997	1911.4	0
17738997	17751432	1916.8	0
17751432	17763363	1918.4	0
17763363	17772675	1916.6	0
17772675	17789038	1915.8	0
17789038	17797013	1921.4	0
17797013	17815406	1907.0	0
17815406	17831432	1900.6	0
17831432	17843295	1904.8	0
17843295	17855712	1918.0	0
17855712	17866916	1904.6	0
17866916	17873027	1910.8	0
17873027	17889981	1906.6	0
17889981	17900901	1914.0	0
17900901	18095397	1921.4	0
18095397	18107048	1914.1	1
18107048	18120182	1912.9	1
18120182	18130088	1910.8	1
18130088	18142215	1912.7	1
18142215	18154326	1913.7	1
18154326	18166526	1913.2	1
18166526	18179210	1913.5	1
18179210	18196735	1914.5	1
18196735	18205365	1912.0	1
18205365	18214889	1912.6	1
18214889	18232740	1910.2	1
18232740	18243956	1911.8	1
18243956	18254489	1912.2	1
18254489	18266419	1912.8	1
18266419	18284280	1913.8	1
18284280	18290381	1912.8	1
18290381	18312478	1913.8	1
18312478	18318350	1911.2	1
18318350	18330988	1913.7	1
18330988	18343316	1913.0	1
18343316	18356275	1913.9	1
18356275	18371761	1942.5	1
18371761	18389870	1932.4	1
18389870	18402574	1897.2	1
18402574	18411735	1922.9	1
18411735	18421011	1919.2	1
18421011	18436125	1917.3	1
18436125	18447748	1915.7	1
18447748	18459011	1910.6	1
18459011	18477462	1913.2	1
18477462	18489892	1915.2	1
18489892	18496087	1967.3	1
18496087	18512889	1914.1	1
18512889	18520581	1914.3	1
18520581	18532892	1912.2	1
18532892	18551583	1913.1	1
18551583	18558095	1912.4	1
18558095	18581384	1912.7	1
18581384	18589474	1911.0	1
18589474	18604793	1910.0	1
18604793	18614689	1911.9	1
18614689	18626657	1912.9	1
18626657	18642765	1911.9	1
18642765	18653308	1911.9	1
18653308	18665177	1911.9	1
18665177	18677746	1912.1	1
18677746	18696937	1912.1	1
18696937	18709080	1908.6	1
18709080	18715351	1910.0	1
18715351	18734351	1910.2	1
18734351	18746069	1912.5	1
18746069	18752681	1909.8	1
18752681	18777083	1911.8	1
18777083	18783457	1911.0	1
18783457	18801998	1913.3	1
18801998	18808375	1911.0	1
18808375	18826754	1909.4	1
18826754	18840131	1911.9	1
18840131	18851668	1911.0	1
18851668	18858510	1908.4	1
18858510	18870795	1962.5	1
18870795	18888528	1912.1	1
18888528	18904370	1913.3	1
18904370	18918398	1912.9	1
18918398	18924370	1913.1	1
18924370	18937970	1910.2	1
18937970	18954134	1909.8	1
18954134	18968899	1912.3	1
18968899	18981575	1912.7	1
18981575	18988298	1912.5	1
18988298	19000708	1911.8	1
19000708	19020768	1913.1	1
19020768	19031307	1911.8	1
19031307	19045725	1910.4	1
19045725	19053011	1911.4	1
19053011	19064873	1912.0	1
19064873	19076889	1912.2	1
19076889	19098950	1912.3	1
19098950	19105184	1911.0	1
19105184	19120840	1912.9	1
19120840	19130347	1913.1	1
19130347	19142523	1913.3	1
19142523	19161365	1912.7	1
19161365	19170077	1913.3	1
19170077	19182453	1910.8	1
19182453	19194678	1912.7	1
19194678	19210010	1910.2	1
19210010	19222243	1913.5	1
19222243	19234163	1912.2	1
19234163	19246393	1912.5	1
19246393	19259197	1912.9	1
19259197	19276357	1913.5	1
19276357	19288200	1913.9	1
19288200	19301802	1913.7	1
19301802	19308651	1913.7	1
19308651	19326306	1912.7	1
19326306	19338707	1912.5	1
19338707	19353310	1915.1	1
19353310	19363913	1913.1	1
19363913	19371265	1913.5	1
19371265	19383115	1913.3	1
19383115	19394947	1913.9	1
19394947	19412587	1913.9	1
19412587	19428016	1912.6	1
19428016	19434102	1913.3	1
19434102	19446506	1909.4	1
19446506	19458448	1908.6	1
19458448	19472777	1913.7	1
19472777	19488742	1911.9	1
19488742	19500927	1913.9	1
19500927	19507149	1913.1	1
19507149	19525870	1912.3	1
19525870	19543184	1912.3	1
19543184	19548249	1911.6	1
19548249	19566488	1909.8	1
19566488	19577793	1913.3	1
19577793	19597983	1914.7	1
19597983	19615929	1914.9	1
19615929	19629187	1914.3	1
19629187	19635425	1913.5	1
19635425	19654012	1914.1	1
19654012	19668956	1913.5	1
19668956	19679123	1912.5	1
19679123	19691564	1912.5	1
19691564	19699200	1912.7	1
19699200	19711409	1913.9	1
19711409	19728458	1912.8	1
19728458	19746458	1972.9	1
19746458	19758924	1903.8	1
19758924	19769246	1912.7	1
19769246	19777271	1912.7	1
19777271	19794354	1912.7	1
19794354	19808688	1911.7	1
19808688	19820702	1910.0	1
19820702	19833248	1913.5	1
19833248	19845392	1911.0	1
19845392	19863015	1913.3	1
19863015	19874229	1912.9	1
19874229	19880830	1913.1	1
19880830	19898941	1912.5	1
19898941	19906038	1914.1	1
19906038	19921785	1913.9	1
19921785	19939709	1910.6	1
19939709	19946937	1911.8	1
19946937	19963915	1912.3	1
19963915	19976334	1913.2	1
19976334	19987984	1913.1	1
19987984	20002313	1910.4	1
20002313	20009133	1909.4	1
20009133	20024624	1912.3	1
20024624	20033574	1913.4	1
20033574	20049837	1912.7	1
20049837	99999999	1910.8	1
