#Processing Run 48283 for polarization tables
#The run table thinks this was a DPARAL2 run
#Corresponding AMO file is :/home/clasg8/rootbeer2.1/dat/pol/amo_tesc_48265.dat
#Coherent Edge positions for TESC events follow:
#Event	Coh Edge	PolPlane(PARA=0,PERP=1,AMO=2,CHANGING=3)
0	4275	1257.0	0
4275	22825	1260.0	0
22825	39183	1259.4	0
39183	53436	1260.2	0
53436	67124	1263.4	0
67124	85664	1264.2	0
85664	99769	1261.2	0
99769	114198	1262.2	0
114198	130480	1260.2	0
130480	145790	1260.4	0
145790	152536	1263.2	0
152536	166492	1261.2	0
166492	191912	1263.2	0
191912	204838	1263.2	0
204838	217796	1261.0	0
217796	231413	1261.0	0
231413	240110	1260.6	0
240110	258303	1262.8	0
258303	274385	1265.0	0
274385	283283	1263.6	0
283283	301683	1261.0	0
301683	315607	1263.0	0
315607	329531	1265.0	0
329531	342907	1263.4	0
342907	356809	1260.8	0
356809	370658	1261.8	0
370658	405311	1262.4	0
405311	412220	1260.8	0
412220	426044	1260.8	0
426044	445420	1264.4	0
445420	453046	1263.0	0
453046	470075	1261.4	0
470075	482218	1261.2	0
482218	501719	1259.8	0
501719	509415	1261.2	0
509415	529092	1260.0	0
529092	550576	1259.4	0
550576	565876	1265.0	0
565876	570304	1262.8	0
570304	591069	1260.8	0
591069	614966	1260.6	0
614966	631985	1259.8	0
631985	645321	1260.8	0
645321	680848	1261.4	0
680848	686529	1243.3	0
686529	697916	1244.7	0
697916	709690	1247.8	0
709690	722471	1250.2	0
722471	739408	1250.0	0
739408	756608	1251.8	0
756608	768127	1253.6	0
768127	786820	1255.8	0
786820	796205	1257.2	0
796205	817505	1256.0	0
817505	824502	1256.0	0
824502	839587	1258.4	0
839587	852370	1260.4	0
852370	866552	1259.0	0
866552	887732	1257.4	0
887732	895919	1258.6	0
895919	908424	1261.2	0
908424	922212	1260.2	0
922212	935653	1260.0	0
935653	955353	1260.6	0
955353	973534	1259.2	0
973534	980419	1259.4	0
980419	993125	1260.0	0
993125	1005782	1263.0	0
1005782	1024786	1259.8	0
1024786	1038253	1258.8	0
1038253	1051817	1258.8	0
1051817	1065071	1260.6	0
1065071	1083959	1259.0	0
1083959	1098702	1259.8	0
1098702	1107087	1263.0	0
1107087	1127783	1262.8	0
1127783	1135060	1261.4	0
1135060	1148233	1259.2	0
1148233	1167890	1262.8	0
1167890	1181285	1260.0	0
1181285	1195091	1260.6	0
1195091	1207412	1260.4	0
1207412	1220106	1260.0	0
1220106	1243111	1265.2	0
1243111	1251084	1264.8	0
1251084	1270446	1261.8	0
1270446	1276882	1263.2	0
1276882	1297385	1258.0	0
1297385	1310847	1266.0	0
1310847	1324591	1266.4	0
1324591	1344961	1259.0	0
1344961	1351454	1260.4	0
1351454	1371881	1259.2	0
1371881	1385846	1263.0	0
1385846	1399497	1260.4	0
1399497	1413243	1261.0	0
1413243	1433918	1261.4	0
1433918	1454595	1261.8	0
1454595	1467840	1261.4	0
1467840	1485323	1260.4	0
1485323	1495246	1264.2	0
1495246	1507353	1265.0	0
1507353	1526750	1263.8	0
1526750	1536620	1264.0	0
1536620	1557035	1264.8	0
1557035	1570660	1264.6	0
1570660	1577947	1264.0	0
1577947	1598621	1261.2	0
1598621	1611315	1263.8	0
1611315	1625056	1264.6	0
1625056	1636376	1264.2	0
1636376	1656247	1263.8	0
1656247	1673478	1264.4	0
1673478	1684481	1265.6	0
1684481	1702879	1265.0	0
1702879	1709940	1242.1	0
1709940	1726161	1240.9	0
1726161	1737523	1244.5	0
1737523	1748957	1248.6	0
1748957	1761333	1248.4	0
1761333	1780381	1250.6	0
1780381	1795990	1255.4	0
1795990	1805364	1255.0	0
1805364	1818956	1257.6	0
1818956	1839564	1260.4	0
1839564	1846539	1264.0	0
1846539	1866688	1260.4	0
1866688	1879263	1260.0	0
1879263	1890844	1258.4	0
1890844	1903388	1263.6	0
1903388	1918231	1266.2	0
1918231	1939007	1264.4	0
1939007	1948216	1261.4	0
1948216	1966873	1263.6	0
1966873	1975124	1261.0	0
1975124	1988771	1263.8	0
1988771	2005458	1263.8	0
2005458	2016370	1264.2	0
2016370	2029797	1264.2	0
2029797	2043843	1264.6	0
2043843	2057584	1263.6	0
2057584	2077294	1263.2	0
2077294	2090047	1266.0	0
2090047	2103201	1267.8	0
2103201	2117241	1267.6	0
2117241	2133197	1266.0	0
2133197	2149588	1263.8	0
2149588	2170470	1263.8	0
2170470	2175848	1267.0	0
2175848	2189422	1264.8	0
2189422	2218344	1264.8	0
2218344	2227162	1264.2	0
2227162	2246689	1263.4	0
2246689	2254458	1265.0	0
2254458	2274279	1265.4	0
2274279	2294744	1264.0	0
2294744	2301527	1264.4	0
2301527	2315072	1264.2	0
2315072	2335298	1263.4	0
2335298	2346386	1264.2	0
2346386	2361359	1264.0	0
2361359	2381503	1264.2	0
2381503	2388706	1265.2	0
2388706	2416149	1264.4	0
2416149	2432930	1261.2	0
2432930	2443518	1261.2	0
2443518	2457567	1263.0	0
2457567	2477314	1264.8	0
2477314	2490693	1263.6	0
2490693	2506276	1260.6	0
2506276	2517792	1263.0	0
2517792	2531164	1264.2	0
2531164	2544777	1265.2	0
2544777	2571795	1263.2	0
2571795	2584144	1263.2	0
2584144	2598905	1263.4	0
2598905	2616743	1263.6	0
2616743	2626467	1263.2	0
2626467	2644800	1264.0	0
2644800	2656134	1263.8	0
2656134	2667332	1264.0	0
2667332	2680648	1264.4	0
2680648	2694151	1264.8	0
2694151	2719333	1266.0	0
2719333	2726338	1265.6	0
2726338	2738947	1265.8	0
2738947	2756777	1264.8	0
2756777	2767471	1265.0	0
2767471	2788086	1266.6	0
2788086	2803280	1264.8	0
2803280	2816816	1265.0	0
2816816	2823454	1265.4	0
2823454	2836898	1265.0	0
2836898	2857260	1265.0	0
2857260	2866843	1265.2	0
2866843	2880980	1265.0	0
2880980	2899568	1266.0	0
2899568	2907464	1267.0	0
2907464	2925015	1266.8	0
2925015	2937893	1267.2	0
2937893	2951937	1266.8	0
2951937	2965339	1265.6	0
2965339	2978860	1266.2	0
2978860	2997228	1267.6	0
2997228	3008460	1273.4	0
3008460	3026125	1277.2	0
3026125	3032815	1272.2	0
3032815	3046515	1265.6	0
3046515	3066024	1264.8	0
3066024	3078566	1265.8	0
3078566	3092342	1264.4	0
3092342	3105715	1267.4	0
3105715	3119278	1267.0	0
3119278	3136990	1266.4	0
3136990	3148569	1265.2	0
3148569	3161969	1267.2	0
3161969	3175698	1266.6	0
3175698	3188461	1267.2	0
3188461	3207800	1267.8	0
3207800	3218660	1268.2	0
3218660	3238051	1268.0	0
3238051	3245068	1266.2	0
3245068	3258051	1266.0	0
3258051	3283085	1265.8	0
3283085	3288897	1267.6	0
3288897	3301981	1274.0	0
3301981	3314460	1272.6	0
3314460	3335500	1268.2	0
3335500	3348898	1267.6	0
3348898	3363390	1269.0	0
3363390	3376803	1268.6	0
3376803	3393714	1266.2	0
3393714	3415145	1266.8	0
3415145	3428204	1266.2	0
3428204	3448190	1269.2	0
3448190	3462937	1268.6	0
3462937	3469445	1265.0	0
3469445	3486235	1266.6	0
3486235	3502995	1266.8	0
3502995	3512179	1267.4	0
3512179	3530728	1267.8	0
3530728	3538432	1267.8	0
3538432	3561045	1270.6	0
3561045	3570595	1268.4	0
3570595	3580691	1269.6	0
3580691	3601124	1268.4	0
3601124	3615111	1267.2	0
3615111	3634356	1268.6	0
3634356	3648355	1268.6	0
3648355	3661786	1271.4	0
3661786	3674907	1271.2	0
3674907	3681957	1271.2	0
3681957	3701102	1271.8	0
3701102	3713121	1270.6	0
3713121	3726686	1268.4	0
3726686	3739391	1268.8	0
3739391	3753070	1273.6	0
3753070	3770573	1271.2	0
3770573	3784530	1269.2	0
3784530	3796989	1271.0	0
3796989	3815984	1269.4	0
3815984	3823538	1272.2	0
3823538	3842143	1273.8	0
3842143	3861209	1274.4	0
3861209	3871230	1273.6	0
3871230	3884748	1271.2	0
3884748	3898295	1273.0	0
3898295	3918727	1272.8	0
3918727	3933137	1269.2	0
3933137	3945635	1274.0	0
3945635	3959154	1272.4	0
3959154	3985590	1269.4	0
3985590	3999737	1272.8	0
3999737	4013239	1273.4	0
4013239	4026046	1272.6	0
4026046	4034567	1272.6	0
4034567	4052862	1272.0	0
4052862	4069464	1271.2	0
4069464	4077332	1268.4	0
4077332	4090616	1271.2	0
4090616	4104446	1271.4	0
4104446	4121317	1269.0	0
4121317	4134774	1269.0	0
4134774	4148297	1271.4	0
4148297	4168020	1269.0	0
4168020	4175442	1270.8	0
4175442	4195926	1269.0	0
4195926	4206155	1267.6	0
4206155	4219863	1267.0	0
4219863	4233791	1267.8	0
4233791	4244112	1267.8	0
4244112	4267052	1269.4	0
4267052	4281404	1268.2	0
4281404	4290100	1271.2	0
4290100	4303940	1270.8	0
4303940	4316090	1267.8	0
4316090	4342419	1274.0	0
4342419	4351557	1272.6	0
4351557	4365216	1269.2	0
4365216	4371785	1271.8	0
4371785	4391813	1270.8	0
4391813	4410386	1271.4	0
4410386	4424649	1273.0	0
4424649	4432064	1273.8	0
4432064	4445617	1272.4	0
4445617	4465896	1273.4	0
4465896	4479503	1272.4	0
4479503	4499644	1272.2	0
4499644	4508417	1250.8	0
4508417	4524527	1249.8	0
4524527	4536583	1251.4	0
4536583	4553254	1253.6	0
4553254	4557366	1258.0	0
4557366	4570321	1258.4	0
4570321	4592938	1260.2	0
4592938	4600028	1263.4	0
4600028	4620628	1264.0	0
4620628	4633281	1264.2	0
4633281	4642159	1265.4	0
4642159	4660997	1273.0	0
4660997	4667657	1249.4	0
4667657	4689848	1250.8	0
4689848	4695426	1257.2	0
4695426	4710450	1257.2	0
4710450	4723150	1258.0	0
4723150	4734260	1259.8	0
4734260	4752367	1260.2	0
4752367	4759311	1261.4	0
4759311	4773077	1266.4	0
4773077	4787508	1268.4	0
4787508	4801085	1269.2	0
4801085	4820470	1266.6	0
4820470	4839444	1269.2	0
4839444	4844688	1272.4	0
4844688	4859310	1268.0	0
4859310	4871717	1268.6	0
4871717	4895953	1267.4	0
4895953	4902808	1267.4	0
4902808	4923511	1272.0	0
4923511	4937210	1266.8	0
4937210	4950346	1268.6	0
4950346	4964703	1267.4	0
4964703	4978039	1268.8	0
4978039	4998328	1272.0	0
4998328	5010495	1270.8	0
5010495	5018704	1268.4	0
5018704	5040948	1267.8	0
5040948	5053910	1269.0	0
5053910	5061586	1271.4	0
5061586	5075459	1269.0	0
5075459	5089193	1268.6	0
5089193	5108757	1271.0	0
5108757	5121884	1270.6	0
5121884	5140833	1269.0	0
5140833	5149899	1269.0	0
5149899	5164171	1271.4	0
5164171	5183605	1271.4	0
5183605	5189965	1272.2	0
5189965	5210238	1272.8	0
5210238	5223351	1269.6	0
5223351	5231403	1272.6	0
5231403	5248753	1272.4	0
5248753	5261986	1271.4	0
5261986	5273432	1272.0	0
5273432	5293893	1272.2	0
5293893	5302105	1271.4	0
5302105	5318834	1273.2	0
5318834	5340038	1271.0	0
5340038	5352119	1272.0	0
5352119	5359294	1271.4	0
5359294	5378956	1271.6	0
5378956	5394809	1273.2	0
5394809	5405623	1273.0	0
5405623	5426817	1273.6	0
5426817	5434168	1272.8	0
5434168	5448639	1272.4	0
5448639	5469729	1271.8	0
5469729	5483268	1269.4	0
5483268	5495706	1270.8	0
5495706	5510652	1271.2	0
5510652	5524340	1272.4	0
5524340	5538110	1271.4	0
5538110	5551727	1271.8	0
5551727	5564463	1268.6	0
5564463	5579271	1271.2	0
5579271	5591414	1272.2	0
5591414	5607297	1269.2	0
5607297	5621225	1272.6	0
5621225	5633440	1273.6	0
5633440	5653754	1274.0	0
5653754	5662164	1271.4	0
5662164	5680956	1271.0	0
5680956	5697395	1271.4	0
5697395	5705103	1270.8	0
5705103	5724783	1271.0	0
5724783	5731884	1271.2	0
5731884	5749093	1269.0	0
5749093	5762874	1269.0	0
5762874	5776561	1271.4	0
5776561	5797338	1268.8	0
5797338	5804219	1269.8	0
5804219	5824714	1272.2	0
5824714	5832815	1269.0	0
5832815	5852159	1273.2	0
5852159	5860116	1272.4	0
5860116	5872969	1272.0	0
5872969	5893133	1268.6	0
5893133	5905177	1268.4	0
5905177	5925316	1272.4	0
5925316	5932415	1272.8	0
5932415	5949017	1268.6	0
5949017	5966005	1268.4	0
5966005	5980968	1273.0	0
5980968	5989138	1271.2	0
5989138	6001563	1269.0	0
6001563	6022242	1269.2	0
6022242	6035977	1268.8	0
6035977	6049577	1269.2	0
6049577	6063393	1271.4	0
6063393	6076935	1271.4	0
6076935	6104120	1271.6	0
6104120	6117766	1272.2	0
6117766	6136142	1269.8	0
6136142	6143124	1272.6	0
6143124	6157355	1268.6	0
6157355	6179071	1268.4	0
6179071	6185977	1269.4	0
6185977	6206555	1271.2	0
6206555	6214512	1272.6	0
6214512	6233586	1269.4	0
6233586	6247216	1272.0	0
6247216	6260288	1272.2	0
6260288	6273944	1272.6	0
6273944	6287601	1268.8	0
6287601	6316241	1269.0	0
6316241	6332854	1275.0	0
6332854	6343890	1273.8	0
6343890	6355762	1273.0	0
6355762	6369262	1270.6	0
6369262	6389298	1266.6	0
6389298	6402843	1284.4	0
6402843	6410816	1272.0	0
6410816	6429822	1274.2	0
6429822	6443433	1271.6	0
6443433	6458275	1273.0	0
6458275	6470604	1272.4	0
6470604	6484114	1274.0	0
6484114	6504556	1273.2	0
6504556	6529815	1274.8	0
6529815	6540347	1274.8	0
6540347	6559283	1273.0	0
6559283	6572916	1274.4	0
6572916	6586654	1274.4	0
6586654	6601331	1274.0	0
6601331	6613907	1273.8	0
6613907	6627495	1271.8	0
6627495	6641119	1273.0	0
6641119	6654671	1275.8	0
6654671	6674828	1275.8	0
6674828	6682894	1275.0	0
6682894	6696475	1275.6	0
6696475	6715669	1273.6	0
6715669	6730804	1275.4	0
6730804	6749778	1274.2	0
6749778	6756648	1272.2	0
6756648	6777276	1272.0	0
6777276	6790894	1272.4	0
6790894	6800135	1273.4	0
6800135	6818478	1274.8	0
6818478	6825335	1273.0	0
6825335	6839354	1273.6	0
6839354	6853503	1274.6	0
6853503	6866309	1276.0	0
6866309	6893544	1274.8	0
6893544	6900234	1271.0	0
6900234	6920645	1274.8	0
6920645	6927485	1273.2	0
6927485	6940663	1273.6	0
6940663	6958315	1272.8	0
6958315	6975579	1274.0	0
6975579	6984215	1275.0	0
6984215	6996047	1274.4	0
6996047	7009764	1275.2	0
7009764	7034498	1275.0	0
7034498	7041025	1273.8	0
7041025	7054404	1274.4	0
7054404	7069865	1275.8	0
7069865	7083066	1273.4	0
7083066	7103856	1273.4	0
7103856	7110921	1273.8	0
7110921	7124856	1275.8	0
7124856	7144638	1275.6	0
7144638	7158318	1274.6	0
7158318	7173082	1273.8	0
7173082	7184819	1275.6	0
7184819	7198357	1275.2	0
7198357	7211992	1274.0	0
7211992	7225702	1273.6	0
7225702	7242943	1273.4	0
7242943	7256551	1275.4	0
7256551	7273711	1276.8	0
7273711	7287046	1275.4	0
7287046	7294670	1274.4	0
7294670	7313765	1277.6	0
7313765	7333779	1276.0	0
7333779	7340644	1277.0	0
7340644	7361105	1277.2	0
7361105	7367995	1277.0	0
7367995	7385957	1277.0	0
7385957	7395120	1275.6	0
7395120	7415302	1276.0	0
7415302	7422149	1275.6	0
7422149	7436183	1275.4	0
7436183	7456284	1276.0	0
7456284	7468590	1276.4	0
7468590	7488720	1277.6	0
7488720	7494697	1276.6	0
7494697	7513316	1276.0	0
7513316	7527841	1274.8	0
7527841	7540264	1275.0	0
7540264	7554220	1275.0	0
7554220	7570841	1274.2	0
7570841	7594828	1276.4	0
7594828	7611607	1276.6	0
7611607	7619920	1276.6	0
7619920	7632107	1278.0	0
7632107	7645628	1277.0	0
7645628	7665949	1276.4	0
7665949	7679297	1275.8	0
7679297	7691461	1277.4	0
7691461	7706252	1276.0	0
7706252	7717922	1275.4	0
7717922	7740084	1275.2	0
7740084	7746738	1276.8	0
7746738	7760406	1276.2	0
7760406	7774022	1276.4	0
7774022	7787629	1278.2	0
7787629	7812137	1276.8	0
7812137	7816558	1277.2	0
7816558	7829969	1276.4	0
7829969	7845591	1277.2	0
7845591	7863335	1277.0	0
7863335	7881354	1274.6	0
7881354	7891011	1276.8	0
7891011	7908890	1277.4	0
7908890	7917053	1276.6	0
7917053	7946681	1275.8	0
7946681	7957129	1275.0	0
7957129	7976413	1274.4	0
7976413	7984765	1275.6	0
7984765	8004949	1275.0	0
8004949	8021317	1274.8	0
8021317	8028097	1275.4	0
8028097	8048594	1275.4	0
8048594	8054782	1275.8	0
8054782	8069665	1276.6	0
8069665	8084726	1275.8	0
8084726	8104782	1277.4	0
8104782	8111514	1276.4	0
8111514	8126267	1275.0	0
8126267	8138590	1276.2	0
8138590	8158860	1277.8	0
8158860	8169571	1278.0	0
8169571	8181580	1276.6	0
8181580	8194802	1279.0	0
8194802	8207179	1283.2	0
8207179	8232736	1278.6	0
8232736	8244874	1279.2	0
8244874	8253136	1277.0	0
8253136	8266683	1277.2	0
8266683	8280211	1277.8	0
8280211	8298135	1279.8	0
8298135	8308471	1279.2	0
8308471	8323855	1279.4	0
8323855	8341151	1279.4	0
8341151	8354494	1279.2	0
8354494	8375792	1283.0	0
8375792	8387793	1283.2	0
8387793	8395746	1282.2	0
8395746	8409434	1280.2	0
8409434	8421908	1278.6	0
8421908	8438213	1283.2	0
8438213	8453876	1280.0	0
8453876	8467391	1280.0	0
8467391	8480899	1279.4	0
8480899	8487566	1283.0	0
8487566	8507504	1283.0	0
8507504	8520793	1280.2	0
8520793	8534237	1280.2	0
8534237	8547983	1279.4	0
8547983	8567680	1280.0	0
8567680	8581660	1282.2	0
8581660	8594748	1279.2	0
8594748	8608598	1279.6	0
8608598	8622624	1279.2	0
8622624	8657289	1283.8	0
8657289	8660088	1280.0	0
8660088	8675406	1279.6	0
8675406	8688604	1279.2	0
8688604	8700723	1283.6	0
8700723	8724358	1283.8	0
8724358	8736286	1279.8	0
8736286	8742906	1279.6	0
8742906	8763117	1279.6	0
8763117	8769766	1283.0	0
8769766	8791519	1282.8	0
8791519	8799181	1279.4	0
8799181	8813692	1279.4	0
8813692	8826674	1280.0	0
8826674	8839444	1280.0	0
8839444	8856962	1284.0	0
8856962	8875110	1283.6	0
8875110	8889610	1283.6	0
8889610	8897057	1283.0	0
8897057	8917251	1282.2	0
8917251	8944026	1283.0	0
8944026	8957496	1280.4	0
8957496	8969798	1280.0	0
8969798	8989725	1282.4	0
8989725	9006419	1282.4	0
9006419	9015034	1279.8	0
9015034	9031429	1279.8	0
9031429	9045035	1279.6	0
9045035	9058390	1283.0	0
9058390	9075861	1282.2	0
9075861	9091972	1279.8	0
9091972	9105544	1280.2	0
9105544	9112209	1280.0	0
9112209	9125454	1280.4	0
9125454	9145116	1282.8	0
9145116	9156357	1280.6	0
9156357	9169543	1278.8	0
9169543	9182007	1278.8	0
9182007	9194909	1279.0	0
9194909	9217154	1283.4	0
9217154	9232565	1279.8	0
9232565	9239282	1279.8	0
9239282	9252990	1279.2	0
9252990	9265931	1280.4	0
9265931	9285469	1282.6	0
9285469	9297848	1279.6	0
9297848	9307574	1279.8	0
9307574	9319594	1280.0	0
9319594	9338900	1283.4	0
9338900	9359050	1279.8	0
9359050	9366543	1279.0	0
9366543	9383783	1279.4	0
9383783	9399248	1280.4	0
9399248	9412758	1282.4	0
9412758	9426098	1280.4	0
9426098	9439607	1279.8	0
9439607	9459407	1280.2	0
9459407	9466563	1280.0	0
9466563	9493557	1278.2	0
9493557	9506666	1279.6	0
9506666	9520279	1278.8	0
9520279	9533897	1280.2	0
9533897	9552636	1279.4	0
9552636	9569481	1279.0	0
9569481	9579779	1278.8	0
9579779	9593931	1283.8	0
9593931	9606161	1283.6	0
9606161	9620472	1279.2	0
9620472	9634178	1278.8	0
9634178	9646238	1279.0	0
9646238	9659811	1279.6	0
9659811	9678479	1278.2	0
9678479	9686313	1278.4	0
9686313	9707613	1277.8	0
9707613	9717458	1278.4	0
9717458	9737786	1278.8	0
9737786	9744478	1277.4	0
9744478	9758819	1278.0	0
9758819	9781709	1277.0	0
9781709	9794036	1280.6	0
9794036	9802053	1279.2	0
9802053	9815548	1278.8	0
9815548	9835136	1278.6	0
9835136	9855272	1279.4	0
9855272	9860436	1278.6	0
9860436	9881394	1278.2	0
9881394	9886899	1280.2	0
9886899	9905433	1279.8	0
9905433	9920941	1282.8	0
9920941	9939272	1280.2	0
9939272	9946894	1278.8	0
9946894	9965260	1277.2	0
9965260	9972269	1284.0	0
9972269	9988998	1286.8	0
9988998	10008564	1278.8	0
10008564	10016112	1277.4	0
10016112	10036323	1278.8	0
10036323	10043077	1279.4	0
10043077	10062504	1280.0	0
10062504	10071436	1279.4	0
10071436	10085682	1278.4	0
10085682	10098010	1280.0	0
10098010	10111441	1279.8	0
10111441	10134529	1283.6	0
10134529	10143776	1279.6	0
10143776	10157534	1283.2	0
10157534	10173468	1283.8	0
10173468	10182652	1283.2	0
10182652	10206671	1280.0	0
10206671	10217957	1282.6	0
10217957	10226145	1279.8	0
10226145	10239642	1280.2	0
10239642	10258505	1279.6	0
10258505	10278505	1279.0	0
10278505	10285361	1279.4	0
10285361	10305272	1280.2	0
10305272	10312150	1279.4	0
10312150	10325693	1279.0	0
10325693	10345605	1283.2	0
10345605	10359669	1280.6	0
10359669	10366585	1280.6	0
10366585	10382822	1282.2	0
10382822	10395248	1282.4	0
10395248	10413012	1279.8	0
10413012	10425731	1280.0	0
10425731	10434215	1282.4	0
10434215	10447623	1279.6	0
10447623	10460943	1279.4	0
10460943	10486621	1279.2	0
10486621	10493466	1283.2	0
10493466	10506800	1279.6	0
10506800	10526784	1282.2	0
10526784	10540289	1283.2	0
10540289	10560566	1279.6	0
10560566	10573470	1278.6	0
10573470	10578875	1279.0	0
10578875	10590425	1280.2	0
10590425	10604247	1280.6	0
10604247	10626506	1279.8	0
10626506	10633826	1282.6	0
10633826	10647285	1282.8	0
10647285	10660569	1284.2	0
10660569	10674114	1282.2	0
10674114	10694092	1282.8	0
10694092	10707565	1279.8	0
10707565	10723955	1279.6	0
10723955	10735646	1280.2	0
10735646	10742362	1283.4	0
10742362	10766869	1283.2	0
10766869	10775206	1283.8	0
10775206	10787576	1283.4	0
10787576	10801335	1283.8	0
10801335	10822290	1283.6	0
10822290	10835205	1284.0	0
10835205	10848207	1284.0	0
10848207	10861620	1283.2	0
10861620	10875006	1284.0	0
10875006	10885763	1284.4	0
10885763	10902527	1284.8	0
10902527	10915496	1283.2	0
10915496	10928873	1284.8	0
10928873	10941694	1284.0	0
10941694	10955129	1284.6	0
10955129	10973366	1283.6	0
10973366	10985947	1284.4	0
10985947	10998518	1284.8	0
10998518	11012549	1283.8	0
11012549	11031630	1284.0	0
11031630	11048057	1282.4	0
11048057	11057495	1284.6	0
11057495	11076433	1284.8	0
11076433	11083608	1284.0	0
11083608	11097211	1284.2	0
11097211	11117267	1285.4	0
11117267	11137235	1284.0	0
11137235	11143234	1280.0	0
11143234	11156425	1282.2	0
11156425	11169823	1284.4	0
11169823	11185493	1284.2	0
11185493	11197647	1284.4	0
11197647	11217214	1284.4	0
11217214	11224377	1284.8	0
11224377	11237987	1285.2	0
11237987	11256655	1285.2	0
11256655	11267681	1284.4	0
11267681	11281077	1284.4	0
11281077	11295251	1285.6	0
11295251	11308014	1282.6	0
11308014	11324911	1283.0	0
11324911	11338103	1280.2	0
11338103	11351548	1282.8	0
11351548	11364699	1278.6	0
11364699	11385087	1279.4	0
11385087	11404750	1282.2	0
11404750	11417820	1279.8	0
11417820	11425077	1278.2	0
11425077	11442196	1276.8	0
11442196	11451779	1279.2	0
11451779	11468624	1276.2	0
11468624	11480645	1276.8	0
11480645	11494088	1278.6	0
11494088	11507098	1279.0	0
11507098	11520372	1276.6	0
11520372	11541635	1276.8	0
11541635	11556704	1276.2	0
11556704	11564800	1276.4	0
11564800	11577834	1276.0	0
11577834	11595256	1276.0	0
11595256	11611194	1277.8	0
11611194	11622053	1274.4	0
11622053	11635426	1275.4	0
11635426	11655628	1276.4	0
11655628	11667204	1277.0	0
11667204	11682254	1276.0	0
11682254	11690708	1275.8	0
11690708	11706255	1275.4	0
11706255	11719673	1274.4	0
11719673	11740005	1275.8	0
11740005	11756997	1267.2	0
11756997	11770519	1279.0	0
11770519	11784191	1279.4	0
11784191	11791402	1268.2	0
11791402	11804866	1269.2	0
11804866	11824959	1271.6	0
11824959	11837761	1271.6	0
11837761	11855342	1269.2	0
11855342	11869095	1271.6	0
11869095	11880288	1273.8	0
11880288	11897174	1273.0	0
11897174	11910353	1272.6	0
11910353	11923232	1269.0	0
11923232	11940036	1272.0	0
11940036	11966653	1275.0	0
11966653	11981887	1274.2	0
11981887	11991417	1273.4	0
11991417	12005057	1275.2	0
12005057	12018571	1275.4	0
12018571	12035673	1272.8	0
12035673	12049049	1272.8	0
12049049	12062563	1274.4	0
12062563	12075728	1273.2	0
12075728	12089082	1270.8	0
12089082	12106295	1272.2	0
12106295	12118209	1271.8	0
12118209	12133500	1272.6	0
12133500	12151232	1273.4	0
12151232	12165913	1272.6	0
12165913	12179282	1272.0	0
12179282	12199464	1269.0	0
12199464	12206389	1269.4	0
12206389	12227143	1271.2	0
12227143	12254346	1268.4	0
12254346	12261209	1274.0	0
12261209	12280576	1270.8	0
12280576	12288067	1273.2	0
12288067	12302150	1271.2	0
12302150	12321103	1272.8	0
12321103	12336450	1272.8	0
12336450	12345207	1271.2	0
12345207	12358978	1271.8	0
12358978	12377663	1271.2	0
12377663	12391407	1267.6	0
12391407	12410098	1271.2	0
12410098	12421673	1269.4	0
12421673	12430133	1269.2	0
12430133	12448914	1268.2	0
12448914	12463844	1267.4	0
12463844	12473250	1272.0	0
12473250	12486718	1271.4	0
12486718	12507007	1269.4	0
12507007	12520843	1266.8	0
12520843	12534314	1266.4	0
12534314	12548075	1266.4	0
12548075	12567560	1266.4	0
12567560	12578906	1267.2	0
12578906	12589075	1266.6	0
12589075	12608386	1268.4	0
12608386	12625381	1266.8	0
12625381	12638903	1268.0	0
12638903	12650842	1266.2	0
12650842	12666275	1264.2	0
12666275	12683472	1264.8	0
12683472	12694706	1265.8	0
12694706	12707951	1265.8	0
12707951	12721473	1260.6	0
12721473	12735416	1263.0	0
12735416	12756268	1263.6	0
12756268	12765752	1262.8	0
12765752	12779157	1261.0	0
12779157	12793631	1260.8	0
12793631	12811257	1260.6	0
12811257	12828512	1260.8	0
12828512	12843523	1263.8	0
12843523	12858739	1263.0	0
12858739	12871452	1264.6	0
12871452	12897105	1264.2	0
12897105	12908248	1260.6	0
12908248	12924722	1259.6	0
12924722	12938091	1258.2	0
12938091	12951528	1259.4	0
12951528	12967581	1259.6	0
12967581	12984815	1259.2	0
12984815	12993208	1259.4	0
12993208	13008060	1258.4	0
13008060	13028146	1256.0	0
13028146	13043245	1258.4	0
13043245	13056535	1260.6	0
13056535	13068930	1259.4	0
13068930	13081598	1256.4	0
13081598	13095584	1258.4	0
13095584	13114019	1258.0	0
13114019	13133400	1256.6	0
13133400	13140765	1258.0	0
13140765	13153932	1256.4	0
13153932	13169397	1255.2	0
13169397	13189364	1257.2	0
13189364	13203163	1255.0	0
13203163	13212956	1256.2	0
13212956	13231764	1255.4	0
13231764	13244182	1255.2	0
13244182	13260389	1257.2	0
13260389	13277952	1256.6	0
13277952	13282906	1257.4	0
13282906	13298038	1255.8	0
13298038	13311068	1256.8	0
13311068	13329088	1256.4	0
13329088	13340813	1257.2	0
13340813	13361195	1255.6	0
13361195	13367785	1255.6	0
13367785	13381577	1255.2	0
13381577	13400359	1257.2	0
13400359	13413583	1255.6	0
13413583	13427780	1256.4	0
13427780	13444559	1255.4	0
13444559	13454786	1252.8	0
13454786	13478552	1254.8	0
13478552	13485458	1256.6	0
13485458	13500391	1255.0	0
13500391	13518357	1256.2	0
13518357	13526004	1256.0	0
13526004	13546775	1254.4	0
13546775	13561718	1259.0	0
13561718	13571268	1256.0	0
13571268	13582787	1263.0	0
13582787	13596204	1258.2	0
13596204	13615803	1252.0	0
13615803	13628152	1251.6	0
13628152	13641850	1252.8	0
13641850	13657064	1250.6	0
13657064	13668971	1254.6	0
13668971	13692559	1252.4	0
13692559	13699548	1253.2	0
13699548	13713048	1253.2	0
13713048	13733543	1253.2	0
13733543	13741266	1256.8	0
13741266	13759670	1255.8	0
13759670	13780914	1252.2	0
13780914	13787192	1253.4	0
13787192	13799666	1256.8	0
13799666	13813764	1255.4	0
13813764	13831436	1256.6	0
13831436	13849656	1257.2	0
13849656	13857891	1257.2	0
13857891	13872372	1260.2	0
13872372	13885397	1258.6	0
13885397	13904108	1258.8	0
13904108	13916710	1257.4	0
13916710	13934776	1256.8	0
13934776	13944167	1255.2	0
13944167	13962595	1254.4	0
13962595	13979871	1252.8	0
13979871	13989632	1256.4	0
13989632	14004113	1256.4	0
14004113	14017022	1255.0	0
14017022	14045942	1253.0	0
14045942	14064667	1257.2	0
14064667	14072373	1255.8	0
14072373	14091885	1256.0	0
14091885	14099511	1255.0	0
14099511	14120849	1255.6	0
14120849	14135593	1254.8	0
14135593	14144796	1256.6	0
14144796	14159980	1256.2	0
14159980	14173506	1253.0	0
14173506	14196913	1252.2	0
14196913	14203744	1252.4	0
14203744	14216835	1253.2	0
14216835	14230644	1253.4	0
14230644	14249995	1254.4	0
14249995	14264927	1255.4	0
14264927	14284326	1257.6	0
14284326	14292764	1255.4	0
14292764	14306734	1255.8	0
14306734	14340397	1256.4	0
14340397	14346423	1258.2	0
14346423	14365610	1257.0	0
14365610	14375384	1257.2	0
14375384	14389976	1257.6	0
14389976	14414297	1256.8	0
14414297	14424428	1256.2	0
14424428	14437941	1257.2	0
14437941	14446617	1254.2	0
14446617	14459317	1255.2	0
14459317	14477469	1255.4	0
14477469	14494750	1256.4	0
14494750	14503336	1255.2	0
14503336	14516166	1255.4	0
14516166	14528783	1255.8	0
14528783	14556037	1255.8	0
14556037	14563454	1255.8	0
14563454	14582863	1255.0	0
14582863	14590398	1256.4	0
14590398	14604158	1254.0	0
14604158	14623492	1254.6	0
14623492	14633082	1255.8	0
14633082	14646978	1256.4	0
14646978	14660876	1255.4	0
14660876	14680483	1254.6	0
14680483	14701999	1256.4	0
14701999	14711863	1257.6	0
14711863	14725490	1257.8	0
14725490	14736101	1255.2	0
14736101	14767085	1255.4	0
14767085	14778844	1258.0	0
14778844	14792146	1258.0	0
14792146	14806117	1259.0	0
14806117	14826767	1257.6	0
14826767	14844811	1258.2	0
14844811	14859147	1256.2	0
14859147	14872626	1255.6	0
14872626	14888342	1257.0	0
14888342	14895261	1255.0	0
14895261	14919182	1258.2	0
14919182	14927435	1253.4	0
14927435	14940468	1255.0	0
14940468	14954381	1254.4	0
14954381	14968238	1253.0	0
14968238	14985424	1257.4	0
14985424	15003290	1255.4	0
15003290	15011688	1256.4	0
15011688	15030403	1255.4	0
15030403	15040555	1252.4	0
15040555	15062077	1252.2	0
15062077	15071899	1253.4	0
15071899	15089065	1256.0	0
15089065	15095878	1257.2	0
15095878	15112051	1256.4	0
15112051	15130617	1255.0	0
15130617	15142653	1254.6	0
15142653	15156436	1255.6	0
15156436	15170304	1257.4	0
15170304	15184718	1256.6	0
15184718	15201407	1257.0	0
15201407	15213094	1255.6	0
15213094	15233622	1257.8	0
15233622	15240484	1255.8	0
15240484	15253455	1256.8	0
15253455	15273611	1258.8	0
15273611	15285533	1257.0	0
15285533	15299476	1255.6	0
15299476	15317361	1253.6	0
15317361	15331358	1256.4	0
15331358	15353298	1256.0	0
15353298	15359036	1256.4	0
15359036	15377069	1258.0	0
15377069	15394759	1255.4	0
15394759	15408700	1255.2	0
15408700	15427076	1262.6	0
15427076	15434589	1254.2	0
15434589	15454655	1251.6	0
15454655	15468686	1252.4	0
15468686	15482682	1251.6	0
15482682	15497897	1253.0	0
15497897	15511055	1252.4	0
15511055	15521672	1254.6	0
15521672	15527253	1234.9	0
15527253	15538596	1233.3	0
15538596	15555579	1235.1	0
15555579	15562149	1241.7	0
15562149	15574434	1241.5	0
15574434	15595676	1242.7	0
15595676	15610798	1242.1	0
15610798	15625603	1243.7	0
15625603	15643304	1245.7	0
15643304	15651924	1248.8	0
15651924	15667764	1245.9	0
15667764	15679557	1249.4	0
15679557	15701995	1251.0	0
15701995	15715855	1251.2	0
15715855	15722746	1253.8	0
15722746	15736473	1254.8	0
15736473	15757069	1253.2	0
15757069	15772090	1254.2	0
15772090	15782972	1254.6	0
15782972	15798336	1252.6	0
15798336	15812109	1254.4	0
15812109	15830680	1254.0	0
15830680	15846337	1255.0	0
15846337	15859894	1254.8	0
15859894	15873748	1254.8	0
15873748	15892751	1254.2	0
15892751	15920215	1254.2	0
15920215	15933620	1254.6	0
15933620	15942250	1254.8	0
15942250	15956075	1256.0	0
15956075	15969837	1255.4	0
15969837	15986434	1255.4	0
15986434	15997805	1255.2	0
15997805	16018249	1254.2	0
16018249	16025227	1254.8	0
16025227	16038865	1253.0	0
16038865	16059695	1253.4	0
16059695	16075428	1255.6	0
16075428	16084679	1254.0	0
16084679	16103187	1251.6	0
16103187	16110372	1250.8	0
16110372	16128452	1251.8	0
16128452	16148870	1253.4	0
16148870	16155757	1253.0	0
16155757	16169576	1252.0	0
16169576	16183181	1254.0	0
16183181	16201044	1252.8	0
16201044	16215840	1252.8	0
16215840	16231226	1253.4	0
16231226	16244946	1252.8	0
16244946	16257333	1253.4	0
16257333	16280724	1252.8	0
16280724	16290418	1254.8	0
16290418	16306163	1256.8	0
16306163	16316288	1253.2	0
16316288	16325120	1252.2	0
16325120	16348374	1250.8	0
16348374	16355396	1251.2	0
16355396	16376081	1251.2	0
16376081	16383513	1252.0	0
16383513	16403340	1250.8	0
16403340	16423752	1252.2	0
16423752	16431890	1250.2	0
16431890	16441181	1251.6	0
16441181	16460231	1249.8	0
16460231	16476641	1251.4	0
16476641	16492649	1251.6	0
16492649	16503959	1250.2	0
16503959	16520370	1251.2	0
16520370	16529685	1252.0	0
16529685	16548852	1250.4	0
16548852	16565614	1250.4	0
16565614	16584029	1253.0	0
16584029	16595821	1252.0	0
16595821	16611520	1251.0	0
16611520	16628836	1229.7	0
16628836	16635985	1229.3	0
16635985	16647361	1232.3	0
16647361	16662647	1234.5	0
16662647	16675722	1238.3	0
16675722	16686338	1235.7	0
16686338	16705007	1239.7	0
16705007	16714554	1241.1	0
16714554	16733926	1241.7	0
16733926	16748468	1241.9	0
16748468	16763170	1244.3	0
16763170	16775902	1244.3	0
16775902	16791146	1249.0	0
16791146	16808838	1249.0	0
16808838	16826069	1246.1	0
16826069	16839738	1249.2	0
16839738	16847045	1249.8	0
16847045	16867416	1250.6	0
16867416	16882218	1251.0	0
16882218	16901617	1250.2	0
16901617	16908550	1249.6	0
16908550	16924176	1252.2	0
16924176	16956834	1250.0	0
16956834	16970166	1250.6	0
16970166	16977136	1249.2	0
16977136	16997173	1246.3	0
16997173	17004859	1249.2	0
17004859	17023526	1250.0	0
17023526	17037912	1251.8	0
17037912	17054516	1255.2	0
17054516	17067339	1250.0	0
17067339	17083367	1243.7	0
17083367	17102146	1245.9	0
17102146	17111105	1250.6	0
17111105	17125431	1248.0	0
17125431	17139500	1249.2	0
17139500	17152455	1249.8	0
17152455	17178080	1249.0	0
17178080	17183677	1246.3	0
17183677	17197730	1249.2	0
17197730	17210723	1249.6	0
17210723	17229564	1250.2	0
17229564	17250971	1251.2	0
17250971	17259560	1250.8	0
17259560	17274235	1249.6	0
17274235	17290308	1250.4	0
17290308	17313608	1251.2	0
17313608	17326069	1248.4	0
17326069	17339838	1250.0	0
17339838	17354464	1249.2	0
17354464	17368219	1249.0	0
17368219	17391427	1250.4	0
17391427	17402997	1250.8	0
17402997	17418006	1251.8	0
17418006	17425773	1248.4	0
17425773	17448819	1251.0	0
17448819	17460929	1225.5	0
17460929	17477936	1228.5	0
17477936	17489031	1230.1	0
17489031	17506718	1232.5	0
17506718	17514912	1231.9	0
17514912	17529272	1231.7	0
17529272	17543577	1234.5	0
17543577	17565561	1238.3	0
17565561	17573665	1239.1	0
17573665	17587567	1240.5	0
17587567	17601517	1239.9	0
17601517	17620407	1242.3	0
17620407	17636523	1242.5	0
17636523	17647976	1240.7	0
17647976	17662161	1241.7	0
17662161	17673134	1242.3	0
17673134	17690284	1244.7	0
17690284	17710170	1243.7	0
17710170	17719638	1243.9	0
17719638	17734524	1243.7	0
17734524	17753732	1243.7	0
17753732	17761387	1244.7	0
17761387	17781149	1245.1	0
17781149	17797471	1243.3	0
17797471	17811269	1245.1	0
17811269	17818325	1242.3	0
17818325	17832473	1241.5	0
17832473	17854445	1242.1	0
17854445	17860197	1241.5	0
17860197	17874251	1240.5	0
17874251	17888424	1239.9	0
17888424	17902311	1241.1	0
17902311	17927573	1240.1	0
17927573	17937401	1241.1	0
17937401	17951374	1241.7	0
17951374	17964780	1241.3	0
17964780	17983625	1240.5	0
17983625	18000483	1238.3	0
18000483	18014535	1238.7	0
18014535	18032982	1238.9	0
18032982	18042140	1241.3	0
18042140	18071651	1241.1	0
18071651	18084819	1239.3	0
18084819	18099221	1240.3	0
18099221	18111244	1241.9	0
18111244	18132738	1240.9	0
18132738	18146568	1239.1	0
18146568	18165421	1238.9	0
18165421	18174925	1238.1	0
18174925	18188629	1238.1	0
18188629	18223893	1238.7	0
18223893	18230520	1238.7	0
18230520	18244425	1238.5	0
18244425	18258839	1232.7	0
18258839	18277295	1233.7	0
18277295	18294192	1235.1	0
18294192	18309410	1237.9	0
18309410	18322375	1235.7	0
18322375	18336408	1235.5	0
18336408	18350392	1234.7	0
18350392	18364757	1233.9	0
18364757	18376215	1234.9	0
18376215	18395772	1237.5	0
18395772	18403846	1235.1	0
18403846	18420057	1235.1	0
18420057	18437765	1235.5	0
18437765	18450417	1234.9	0
18450417	18470082	1233.7	0
18470082	18477375	1233.3	0
18477375	18498338	1233.7	0
18498338	18512739	1232.9	0
18512739	18541124	1234.1	0
18541124	18555248	1231.1	0
18555248	18584227	1229.3	0
18584227	18597358	1229.7	0
18597358	18611250	1231.1	0
18611250	18626858	1232.1	0
18626858	18639861	1232.1	0
18639861	18657475	1230.7	0
18657475	18678923	1228.9	0
18678923	18685276	1230.9	0
18685276	18703890	1227.7	0
18703890	18713773	1228.3	0
18713773	18739353	1226.9	0
18739353	18749857	1229.7	0
18749857	18763897	1230.9	0
18763897	18771124	1228.5	0
18771124	18791717	1234.7	0
18791717	18811888	1233.9	0
18811888	18827445	1223.1	0
18827445	18834503	1223.9	0
18834503	18848810	1222.5	0
18848810	18863257	1229.7	0
18863257	18882322	1224.3	0
18882322	18894211	1227.1	0
18894211	18908355	1228.5	0
18908355	18922567	1229.7	0
18922567	18940173	1230.9	0
18940173	18955970	1230.5	0
18955970	18969920	1229.1	0
18969920	18983351	1226.9	0
18983351	19001755	1227.5	0
19001755	19019698	1224.7	0
19019698	19037894	1228.7	0
19037894	19049148	1228.1	0
19049148	19061751	1228.7	0
19061751	19079451	1224.3	0
19079451	19108473	1226.1	0
19108473	19117504	1223.7	0
19117504	19132736	1224.5	0
19132736	19147404	1224.5	0
19147404	19165862	1227.7	0
19165862	19184652	1223.9	0
19184652	19196205	1224.7	0
19196205	19216009	1223.6	0
19216009	19224341	1222.5	0
19224341	19240852	1223.1	0
19240852	19263806	1223.7	0
19263806	19275752	1224.1	0
19275752	19285237	1222.1	0
19285237	19299755	1223.7	0
19299755	19314419	1223.2	0
19314419	19334747	1222.7	0
19334747	19346181	1223.7	0
19346181	19364583	1224.1	0
19364583	19374960	1228.9	0
19374960	19388371	1231.7	0
19388371	19407094	1233.7	0
19407094	19419517	1231.1	0
19419517	19438016	1229.1	0
19438016	19448073	1224.1	0
19448073	19467843	1223.5	0
19467843	19484566	1224.3	0
19484566	19496309	1227.9	0
19496309	19512574	1224.3	0
19512574	19526529	1223.7	0
19526529	19557952	-1.0	0
19557952	19567604	-1.0	0
19567604	19586845	-1.0	0
19586845	19601179	-1.0	0
19601179	19610890	-1.0	0
19610890	19630492	-1.0	0
19630492	19644481	-1.0	0
19644481	19658942	-1.0	0
19658942	19673543	-1.0	0
19673543	19691695	-1.0	0
19691695	19708841	-1.0	0
19708841	19726929	-1.0	0
19726929	19737435	-1.0	0
19737435	19751129	-1.0	0
19751129	19784352	-1.0	0
19784352	19795249	-1.0	0
19795249	19812909	-1.0	0
19812909	19823707	-1.0	0
19823707	19837151	-1.0	0
19837151	19856145	-1.0	0
19856145	19868877	-1.0	0
19868877	19883359	-1.0	0
19883359	19897747	-1.0	0
19897747	19912387	-1.0	0
19912387	19940008	-1.0	0
19940008	19944892	-1.0	0
19944892	19960549	-1.0	0
19960549	19975366	-1.0	0
19975366	19992135	-1.0	0
19992135	20009817	-1.0	0
20009817	20026394	-1.0	0
20026394	20040955	-1.0	0
20040955	20049849	-1.0	0
20049849	20064212	-1.0	0
20064212	20085445	-1.0	0
20085445	20096691	-1.0	0
20096691	20116279	-1.0	0
20116279	20126299	-1.0	0
20126299	20147477	-1.0	0
20147477	20162766	-1.0	0
20162766	20181871	-1.0	0
20181871	20195642	-1.0	0
20195642	20203773	-1.0	0
20203773	20224316	-1.0	0
20224316	20248107	-1.0	0
20248107	20255465	-1.0	0
20255465	20270320	-1.0	0
20270320	20285365	-1.0	0
20285365	20315907	-1.0	0
20315907	20331909	-1.0	0
20331909	20338855	-1.0	0
20338855	20355402	-1.0	0
20355402	20367547	-1.0	0
20367547	20389676	-1.0	0
20389676	20395903	-1.0	0
20395903	20410740	-1.0	0
20410740	20423998	-1.0	0
20423998	20439450	-1.0	0
20439450	20457287	-1.0	0
20457287	20470001	-1.0	0
20470001	20486180	-1.0	0
20486180	20500923	-1.0	0
20500923	20513831	-1.0	0
20513831	20532669	-1.0	0
20532669	20545958	-1.0	0
20545958	20560794	-1.0	0
20560794	20575593	-1.0	0
20575593	20590120	-1.0	0
20590120	99999999	-1.0	0
