0 0 1665.7 0
0 0 1666.7 0
0 0 1669.1 0
0 0 1670.1 0
0 0 1668.7 0
0 0 1665.7 0
0 0 1664.9 0
0 0 1661.0 0
0 0 1663.9 0
0 0 1665.9 0
0 1 1648.8 0
1 1 1637.8 0
1 1 1638.6 0
1 2 1638.2 0
2 4680 1636.2 0
4680 13593 1635.6 0
13593 28415 1635.8 0
28415 52600 1636.8 0
52600 66382 1637.4 0
66382 80939 1637.4 0
80939 96827 1633.6 0
96827 103237 1634.2 0
103237 124405 1632.0 0
124405 145756 1634.0 0
145756 157333 1632.8 0
157333 165791 1629.4 0
165791 186666 1627.6 0
186666 204266 1625.8 0
204266 218709 1627.4 0
218709 232824 1627.2 0
232824 241253 1625.6 0
241253 261126 1624.8 0
261126 275547 1625.0 0
275547 292903 -1.0 0
292903 302270 -1.0 0
302270 320096 -1.0 0
320096 330971 -1.0 0
330971 348836 -1.0 0
348836 368953 -1.0 0
368953 384349 -1.0 0
384349 391704 -1.0 0
391704 413084 -1.0 0
413084 428982 -1.0 0
428982 440670 -1.0 0
440670 448448 -1.0 0
448448 473572 -1.0 0
473572 488737 -1.0 0
488737 501502 -1.0 0
501502 510043 -1.0 0
510043 548264 -1.0 0
548264 562946 -1.0 0
562946 577568 -1.0 0
577568 584893 -1.0 0
584893 599561 -1.0 0
599561 619794 -1.0 0
619794 632414 -1.0 0
632414 646843 -1.0 0
646843 660307 -1.0 0
660307 680995 -1.0 0
680995 700577 -1.0 0
700577 714569 -1.0 0
714569 729629 -1.0 0
729629 744081 -1.0 0
744081 751401 -1.0 0
751401 777566 -1.0 0
777566 785393 -1.0 0
785393 797564 -1.0 0
797564 811039 -1.0 0
811039 827848 -1.0 0
827848 845801 -1.0 0
845801 865199 -1.0 0
865199 881413 -1.0 0
881413 894617 -1.0 0
894617 901855 -1.0 0
901855 923995 -1.0 0
923995 937640 -1.0 0
937640 952294 -1.0 0
952294 960221 -1.0 0
960221 981245 -1.0 0
981245 995831 1687.0 0
995831 1012616 1714.9 0
1012616 1025048 1713.7 0
1025048 1035477 1712.3 0
1035477 1054596 1712.9 0
1054596 1070021 1714.5 0
1070021 1088945 1712.9 0
1088945 1096039 1713.9 0
1096039 1109260 1713.3 0
1109260 1128046 1711.7 0
1128046 1142639 1719.5 0
1142639 1161913 1720.5 0
1161913 1168793 1720.1 0
1168793 1185963 1719.7 0
1185963 1194914 1716.9 0
1194914 1216797 1715.9 0
1216797 1227962 1715.5 0
1227962 1248048 1715.7 0
1248048 1261207 1715.5 0
1261207 1276662 1715.3 0
1276662 1292291 1715.3 0
1292291 1306322 1717.3 0
1306322 1320189 1717.1 0
1320189 1334280 1719.7 0
1334280 1341430 1718.1 0
1341430 1357681 1720.1 0
1357681 1376413 1716.5 0
1376413 1383291 1720.3 0
1383291 1396792 1717.7 0
1396792 1416156 1719.5 0
1416156 1431340 1716.7 0
1431340 1447722 1716.5 0
1447722 1462154 1717.1 0
1462154 1469833 1716.7 0
1469833 1488187 1719.9 0
1488187 1500270 1716.5 0
1500270 1519889 1715.5 0
1519889 1531375 1716.5 0
1531375 1546673 1715.3 0
1546673 1554674 1715.3 0
1554674 1572180 1716.5 0
1572180 1589642 1718.9 0
1589642 1603536 1716.5 0
1603536 1611740 1716.1 0
1611740 1625476 1715.7 0
1625476 1645712 1715.3 0
1645712 1661702 1714.7 0
1661702 1676549 1714.1 0
1676549 1689622 1715.5 0
1689622 1698132 1715.5 0
1698132 1719070 1714.5 0
1719070 1735713 1714.9 0
1735713 1742398 1714.1 0
1742398 1763127 1720.9 0
1763127 1776921 1722.1 0
1776921 1794027 1712.5 0
1794027 1807270 1713.3 0
1807270 1815316 1715.3 0
1815316 1828420 1715.5 0
1828420 1842194 1715.1 0
1842194 1860318 1713.7 0
1860318 1873830 1713.9 0
1873830 1888143 1713.7 0
1888143 1901602 1711.9 0
1901602 1915443 1712.9 0
1915443 1936647 1712.5 0
1936647 1944753 1714.7 0
1944753 1964251 1716.3 0
1964251 1978299 1718.7 0
1978299 1992497 1715.1 0
1992497 2013581 1714.9 0
2013581 2020240 1714.5 0
2020240 2034282 1714.5 0
2034282 2052117 1714.5 0
2052117 2066904 1712.9 0
2066904 2079453 1712.9 0
2079453 2092966 1713.7 0
2092966 2106733 1710.5 0
2106733 2125136 1711.1 0
2125136 2140392 1712.5 0
2140392 2159414 1715.9 0
2159414 2166072 1714.5 0
2166072 2180318 1711.1 0
2180318 2200266 1712.1 0
2200266 2214160 1711.3 0
2214160 2228135 1711.5 0
2228135 2242193 1712.3 0
2242193 2251049 1715.3 0
2251049 2270882 1714.5 0
2270882 2284773 1713.7 0
2284773 2297667 1713.9 0
2297667 2309185 1712.9 0
2309185 2325936 1711.3 0
2325936 2333632 1711.9 0
2333632 2353476 1711.9 0
2353476 2374775 1709.5 0
2374775 2387412 1709.1 0
2387412 2401244 1709.3 0
2401244 2414739 1710.3 0
2414739 2429251 1709.5 0
2429251 2441214 1707.9 0
2441214 2454185 1706.5 0
2454185 2468082 1706.3 0
2468082 2482179 1705.3 0
2482179 2499652 1704.7 0
2499652 2520711 1704.5 0
2520711 2527853 1705.7 0
2527853 2546511 1706.3 0
2546511 2561253 1706.1 0
2561253 2575597 1706.3 0
2575597 2589966 1705.7 0
2589966 2604544 1708.5 0
2604544 2612787 1707.3 0
2612787 2632056 1704.9 0
2632056 2645984 1704.1 0
2645984 2660184 1703.3 0
2660184 2671554 1701.5 0
2671554 2687883 1701.3 0
2687883 2706044 1699.4 0
2706044 2717292 1698.4 0
2717292 2736975 1677.8 0
2736975 2745378 1672.7 0
2745378 2758993 1676.4 0
2758993 2780311 1677.4 0
2780311 2793843 1679.4 0
2793843 2802915 1680.0 0
2802915 2822595 1683.8 0
2822595 2835448 1687.9 0
2835448 2856987 1688.9 0
2856987 2864295 1686.5 0
2864295 2881568 1687.5 0
2881568 2896459 1687.7 0
2896459 2910186 1688.1 0
2910186 2924425 1689.7 0
2924425 2943690 1690.3 0
2943690 2956088 1690.1 0
2956088 2965442 1689.9 0
2965442 2983308 1692.1 0
2983308 2995503 1690.3 0
2995503 3009325 1689.7 0
3009325 3019153 1692.3 0
3019153 3036811 1691.3 0
3036811 3051474 1689.3 0
3051474 3073687 1690.5 0
3073687 3085785 1689.1 0
3085785 3099491 1689.9 0
3099491 3114173 1690.7 0
3114173 3129173 1691.1 0
3129173 3148136 1690.5 0
3148136 3154892 1691.7 0
3154892 3168897 1692.3 0
3168897 3182960 1694.0 0
3182960 3201798 1692.3 0
3201798 3217429 1691.9 0
3217429 3228811 1692.5 0
3228811 3243139 1695.6 0
3243139 3257423 1696.8 0
3257423 3265612 1694.8 0
3265612 3292554 1696.6 0
3292554 3299730 1698.2 0
3299730 3319888 1699.2 0
3319888 3332973 1698.0 0
3332973 3346020 1697.0 0
3346020 3364640 1695.8 0
3364640 3377631 1696.6 0
3377631 3391818 1697.4 0
3391818 3400073 1695.4 0
3400073 3416194 1694.6 0
3416194 3433693 1697.0 0
3433693 3450520 1697.2 0
3450520 3463615 1697.2 0
3463615 3472356 1693.8 0
3472356 3493339 1698.8 0
3493339 3511991 1699.0 0
3511991 3518840 1701.5 0
3518840 3539605 1700.9 0
3539605 3546701 1702.1 0
3546701 3567446 1697.2 0
3567446 3576590 1697.0 0
3576590 3589233 1696.8 0
3589233 3609203 1696.2 0
3609203 3617511 1696.2 0
3617511 3637668 1691.9 0
3637668 3651643 1690.7 0
3651643 3668794 1693.8 0
3668794 3676907 1694.4 0
3676907 3690370 1689.5 0
3690370 3704109 1691.9 0
3704109 3730436 1692.1 0
3730436 3735278 1693.4 0
3735278 3751365 1688.7 0
3751365 3762166 1688.3 0
3762166 3776201 1689.9 0
3776201 3795534 1686.3 0
3795534 3807909 1686.7 0
3807909 3827586 1685.9 0
3827586 3836252 1687.7 0
3836252 3855313 1687.7 0
3855313 3868179 1687.3 0
3868179 3882437 1686.9 0
3882437 3902594 1685.7 0
3902594 3915073 1687.9 0
3915073 3928735 1688.5 0
3928735 3950439 1687.5 0
3950439 3960411 1688.7 0
3960411 3970988 1687.7 0
3970988 3988494 1690.1 0
3988494 4002720 1688.7 0
4002720 4016710 1689.9 0
4016710 4028772 1690.1 0
4028772 4042440 1688.7 0
4042440 4061141 1688.9 0
4061141 4070442 1687.7 0
4070442 4093903 1688.5 0
4093903 4106737 1687.3 0
4106737 4116695 1686.3 0
4116695 4135676 1687.5 0
4135676 4150911 1687.1 0
4150911 4164718 1688.3 0
4164718 4178798 1689.9 0
4178798 4199677 1688.1 0
4199677 4211661 1689.1 0
4211661 4239797 1690.1 0
4239797 4255680 1689.5 0
4255680 4263852 1678.2 0
4263852 4282071 1673.5 0
4282071 4295977 1679.4 0
4295977 4316582 1680.4 0
4316582 4327740 1685.1 0
4327740 4341767 1683.0 0
4341767 4349978 1685.5 0
4349978 4369388 1684.9 0
4369388 4383263 1685.9 0
4383263 4394341 1686.1 0
4394341 4413661 1686.3 0
4413661 4427545 1687.3 0
4427545 4436122 1686.5 0
4436122 4461168 1686.7 0
4461168 4475106 1688.5 0
4475106 4488591 1688.7 0
4488591 4501628 1687.5 0
4501628 4514072 1689.1 0
4514072 4533388 1688.9 0
4533388 4547038 1687.1 0
4547038 4561404 1687.5 0
4561404 4568839 1686.7 0
4568839 4584564 1685.9 0
4584564 4597595 1685.5 0
4597595 4614707 1685.7 0
4614707 4628637 1687.3 0
4628637 4642852 1687.1 0
4642852 4656867 1686.5 0
4656867 4677895 1686.3 0
4677895 4692121 1685.5 0
4692121 4700819 1683.4 0
4700819 4720513 1686.9 0
4720513 4728774 1687.7 0
4728774 4749517 1686.5 0
4749517 4759349 1685.9 0
4759349 4778358 1683.6 0
4778358 4786378 1683.8 0
4786378 4808094 1686.3 0
4808094 4824156 1683.6 0
4824156 4833045 1685.3 0
4833045 4846935 1685.7 0
4846935 4866577 1682.8 0
4866577 4880881 1683.4 0
4880881 4892330 1682.2 0
4892330 4906627 1683.4 0
4906627 4926531 1681.8 0
4926531 4938112 1681.8 0
4938112 4948291 1682.4 0
4948291 4964047 1681.8 0
4964047 4974546 1682.0 0
4974546 4994333 1680.8 0
4994333 5008652 1683.0 0
5008652 5022864 1682.2 0
5022864 5044187 1682.4 0
5044187 5058327 1682.6 0
5058327 5072079 1684.2 0
5072079 5080796 1683.4 0
5080796 5093047 1682.6 0
5093047 5110186 1683.0 0
5110186 5126137 1683.0 0
5126137 5134997 1681.4 0
5134997 5148891 1679.8 0
5148891 5163105 1680.8 0
5163105 5186993 1681.0 0
5186993 5193839 1679.6 0
5193839 5206094 1679.4 0
5206094 5220392 1680.4 0
5220392 5234777 1680.6 0
5234777 5264645 1681.8 0
5264645 5276712 1682.0 0
5276712 5290106 1683.6 0
5290106 5305022 1686.9 0
5305022 5318161 1689.1 0
5318161 5332360 1679.8 0
5332360 5343287 1683.6 0
5343287 5363589 1681.0 0
5363589 5377221 1679.4 0
5377221 5390356 1682.8 0
5390356 5406276 1682.4 0
5406276 5417279 1684.0 0
5417279 5431538 1682.8 0
5431538 5452605 1687.3 0
5452605 5463919 1687.3 0
5463919 5480031 1685.1 0
5480031 5495352 1683.2 0
5495352 5509757 1685.5 0
5509757 5523268 1686.1 0
5523268 5536611 1685.7 0
5536611 5550353 1688.1 0
5550353 5569872 1681.2 0
5569872 5582529 1690.1 0
5582529 5591088 1686.3 0
5591088 5609914 1684.2 0
5609914 5631636 1689.1 0
5631636 5642670 1691.1 0
5642670 5656615 1687.9 0
5656615 5670611 1688.9 0
5670611 5678697 1679.6 0
5678697 5703143 1677.0 0
5703143 5711739 1675.8 0
5711739 5730361 1672.9 0
5730361 5737986 1671.5 0
5737986 5753892 1671.7 0
5753892 5776346 1668.5 0
5776346 5783382 1668.5 0
5783382 5797429 1667.3 0
5797429 5811349 1668.3 0
5811349 5826511 1667.3 0
5826511 5845366 1664.3 0
5845366 5861585 1664.5 0
5861585 5872382 1661.8 0
5872382 5886468 1661.6 0
5886468 5905917 1660.0 0
5905917 5910184 1650.0 0
5910184 5925636 1645.7 0
5925636 5940043 1647.8 0
5940043 5954567 1648.0 0
5954567 5961554 1649.6 0
5961554 6000725 1649.6 0
6000725 6011323 1647.6 0
6011323 6021281 1647.1 0
6021281 6035750 1648.0 0
6035750 6051465 1648.2 0
6051465 6075327 1650.8 0
6075327 6088495 1651.0 0
6088495 6096212 1651.6 0
6096212 6117631 1650.0 0
6117631 6132110 1653.2 0
6132110 6153875 1650.2 0
6153875 6172619 1648.0 0
6172619 6181549 1646.9 0
6181549 6196530 1645.9 0
6196530 6218523 1643.9 0
6218523 6230711 1643.1 0
6230711 6250487 1643.1 0
6250487 6260319 1641.9 0
6260319 6278631 1648.2 0
6278631 6294831 1648.8 0
6294831 6309331 1652.6 0
6309331 6323619 1654.6 0
6323619 6337562 1651.4 0
6337562 6351733 1654.0 0
6351733 6367773 1661.4 0
6367773 6386480 1661.4 0
6386480 6394122 1657.6 0
6394122 6408725 1658.6 0
6408725 6428125 1661.4 0
6428125 6442894 1661.8 0
6442894 6457810 1659.8 0
6457810 6473429 1664.1 0
6473429 6492554 1663.9 0
6492554 6503662 1666.9 0
6503662 6525043 1671.1 0
6525043 6532159 1673.7 0
6532159 6551916 1678.8 0
6551916 6560389 1678.4 0
6560389 6579369 1678.4 0
6579369 6593619 1678.6 0
6593619 6603663 1677.4 0
6603663 6623109 1677.6 0
6623109 6630498 1678.6 0
6630498 6646798 1678.2 0
6646798 6665135 1678.6 0
6665135 6683526 1679.0 0
6683526 6691491 1678.4 0
6691491 6705803 1683.2 0
6705803 6727004 1683.2 0
6727004 6743789 1686.1 0
6743789 6751328 1687.7 0
6751328 6770175 1689.9 0
6770175 6777768 1691.1 0
6777768 6791738 1694.2 0
6791738 6814071 1697.8 0
6814071 6827336 1701.5 0
6827336 6841299 1704.3 0
6841299 6858052 1707.3 0
6858052 6871292 1711.3 0
6871292 6889549 1714.7 0
6889549 6899479 1719.1 0
6899479 6914793 1717.9 0
6914793 6919639 1717.7 0
6919639 6943409 1719.9 0
6943409 6956947 1722.3 0
6956947 6970693 1723.7 0
6970693 6983674 1724.3 0
6983674 6998126 1724.9 0
6998126 7005413 1725.5 0
7005413 7029757 1728.3 0
7029757 7036264 1727.5 0
7036264 7049830 1729.1 0
7049830 7069388 1730.9 0
7069388 7082105 1732.1 0
7082105 7103089 1736.3 0
7103089 7116721 1740.0 0
7116721 7123528 1736.1 0
7123528 7135905 1738.4 0
7135905 7150856 1735.3 0
7150856 7172217 1735.1 0
7172217 7185002 1735.5 0
7185002 7192131 1736.1 0
7192131 7212192 1735.5 0
7212192 7225821 1735.1 0
7225821 7239654 1735.1 0
7239654 7256203 1735.3 0
7256203 7270438 1739.2 0
7270438 7281058 1742.4 0
7281058 7291485 1742.8 0
7291485 7312949 1741.6 0
7312949 7322782 1741.8 0
7322782 7336131 1740.8 0
7336131 7356784 1739.8 0
7356784 7363687 1741.4 0
7363687 7384324 1743.4 0
7384324 7393565 1743.6 0
7393565 7407433 1742.4 0
7407433 7426215 1743.2 0
7426215 7436566 1742.4 0
7436566 7460059 1743.2 0
7460059 7470139 1743.4 0
7470139 7480259 1744.4 0
7480259 7494045 1744.6 0
7494045 7507629 1745.4 0
7507629 7525529 1747.6 0
7525529 7537138 1748.2 0
7537138 7557212 1747.4 0
7557212 7570662 1747.0 0
7570662 7577956 1748.0 0
7577956 7600340 1745.4 0
7600340 7606454 1746.4 0
7606454 7622756 1748.2 0
7622756 7634757 1748.8 0
7634757 7654999 1751.9 0
7654999 7667443 1755.8 0
7667443 7684999 1758.2 0
7684999 7698915 1758.2 0
7698915 7706478 1760.4 0
7706478 7720498 1762.2 0
7720498 7744091 1764.0 0
7744091 7749130 1761.2 0
7749130 7762439 1764.0 0
7762439 7781607 1764.2 0
7781607 7789127 1764.2 0
7789127 7806634 1766.2 0
7806634 7819689 1765.0 0
7819689 7832898 1764.0 0
7832898 7846537 1765.2 0
7846537 7859899 1765.4 0
7859899 7882856 1763.2 0
7882856 7893772 1764.4 0
7893772 7900744 1765.0 0
7900744 7914484 1766.8 0
7914484 7934770 1765.6 0
7934770 7953492 1766.2 0
7953492 7960888 1768.8 0
7960888 7979044 1765.6 0
7979044 7986482 1765.0 0
7986482 8005430 1764.4 0
8005430 8018834 1765.0 0
8018834 8034509 1766.4 0
8034509 8048154 1766.2 0
8048154 8054901 1765.8 0
8054901 8068319 1767.0 0
8068319 8085165 1765.8 0
8085165 8098644 1765.4 0
8098644 8111293 1764.6 0
8111293 8129409 1763.8 0
8129409 8143473 1767.8 0
8143473 8155885 1765.4 0
8155885 8170095 1767.6 0
8170095 8183321 1765.4 0
8183321 8197876 1660.6 0
8197876 8211662 1661.4 0
8211662 8228265 1663.7 0
8228265 8246893 1663.9 0
8246893 8255510 1661.0 0
8255510 8274441 1659.8 0
8274441 8289136 1659.4 0
8289136 8301112 1661.2 0
8301112 8319850 1665.3 0
8319850 8328366 1664.7 0
8328366 8346275 1664.7 0
8346275 8361811 1660.0 0
8361811 8379181 1657.8 0
8379181 8387781 1660.4 0
8387781 8401640 1663.7 0
8401640 8415840 1660.0 0
8415840 8437534 1663.5 0
8437534 8452597 1659.6 0
8452597 8467184 1664.5 0
8467184 8481158 1666.3 0
8481158 8495111 1664.9 0
8495111 8509531 1665.5 0
8509531 8536563 1665.1 0
8536563 8548978 1665.5 0
8548978 8563416 1665.3 0
8563416 8584900 1667.7 0
8584900 8597111 1667.1 0
8597111 8616144 1667.1 0
8616144 8630102 1667.1 0
8630102 8641786 1666.1 0
8641786 8656669 1664.7 0
8656669 8670107 1663.9 0
8670107 8687151 1664.9 0
8687151 8698606 1665.3 0
8698606 8717727 1663.9 0
8717727 8726884 1665.3 0
8726884 8746300 1665.9 0
8746300 8764841 1664.1 0
8764841 8777645 1661.2 0
8777645 8792286 1660.6 0
8792286 8799840 1664.7 0
8799840 8823779 1661.6 0
8823779 8835714 1664.1 0
8835714 8849705 1666.3 0
8849705 8865317 1662.0 0
8865317 8878494 1664.5 0
8878494 8892716 1665.5 0
8892716 8906385 1666.5 0
8906385 8919678 1668.5 0
8919678 8935004 1688.9 0
8935004 8950053 1689.1 0
8950053 8969595 1659.4 0
8969595 8989541 1658.8 0
8989541 8995345 1664.7 0
8995345 9009426 1668.1 0
9009426 9029617 1669.5 0
9029617 9044486 1670.7 0
9044486 9056559 1673.7 0
9056559 9068724 1677.6 0
9068724 9084232 1680.2 0
9084232 9098197 1682.4 0
9098197 9116597 1685.9 0
9116597 9132894 1685.7 0
9132894 9141694 1686.7 0
9141694 9161301 1688.5 0
9161301 9168695 1689.5 0
9168695 9187944 1688.1 0
9187944 9199169 1687.1 0
9199169 9217865 1685.9 0
9217865 9233024 1688.7 0
9233024 9241801 1687.3 0
9241801 9262042 1687.3 0
9262042 9273347 1690.1 0
9273347 9288004 1687.7 0
9288004 9308956 1688.1 0
9308956 9322256 1689.1 0
9322256 9337154 1688.9 0
9337154 9347705 1688.1 0
9347705 9358653 1688.5 0
9358653 9379943 1688.9 0
9379943 9394131 1689.3 0
9394131 9411322 1688.9 0
9411322 9425758 1690.1 0
9425758 9439999 1688.9 0
9439999 9446540 1688.5 0
9446540 9467182 1689.3 0
9467182 9484915 1689.1 0
9484915 9490515 1689.5 0
9490515 9512941 1688.7 0
9512941 9520147 1688.9 0
9520147 9539992 1690.7 0
9539992 9555750 1691.1 0
9555750 9565617 1689.3 0
9565617 9584197 1689.9 0
9584197 9592525 1690.7 0
9592525 9611496 1689.1 0
9611496 9624608 1688.5 0
9624608 9635912 1689.9 0
9635912 9655921 1691.3 0
9655921 9663805 1691.1 0
9663805 9677379 1690.1 0
9677379 9701964 1688.7 0
9701964 9709271 1691.9 0
9709271 9732944 1667.9 0
9732944 9747185 1670.9 0
9747185 9765638 1676.2 0
9765638 9778747 1677.8 0
9778747 9787095 1678.4 0
9787095 9807083 1680.2 0
9807083 9817968 1683.4 0
9817968 9839241 1684.9 0
9839241 9853610 1683.8 0
9853610 9866492 1683.6 0
9866492 9879841 1686.3 0
9879841 9893002 1683.8 0
9893002 9912147 1684.0 0
9912147 9926939 1686.3 0
9926939 9934567 1687.3 0
9934567 9947281 1687.1 0
9947281 9961676 1688.7 0
9961676 9984199 1686.5 0
9984199 9997486 1687.5 0
9997486 10013218 1686.9 0
10013218 10021340 1689.3 0
10021340 10036136 1690.7 0
10036136 10056854 1688.9 0
10056854 10065060 1689.5 0
10065060 10080264 1688.7 0
10080264 10100343 1687.7 0
10100343 10114280 1688.5 0
10114280 10129951 1688.3 0
10129951 10136909 1687.3 0
10136909 10155196 1691.3 0
10155196 10168932 1693.2 0
10168932 10178423 1691.3 0
10178423 10197162 1688.1 0
10197162 10208299 1689.1 0
10208299 10227679 1689.3 0
10227679 10237172 1688.9 0
10237172 10256376 1686.3 0
10256376 10269132 1686.3 0
10269132 10286811 1686.9 0
10286811 10295453 1688.3 0
10295453 10313459 1687.5 0
10313459 10322211 1687.1 0
10322211 10345868 1688.7 0
10345868 10359500 1689.5 0
10359500 10373265 1691.1 0
10373265 10380237 1688.9 0
10380237 10401660 1689.9 0
10401660 10416461 1689.7 0
10416461 10425806 1691.1 0
10425806 10445801 1692.1 0
10445801 10461536 1691.5 0
10461536 10473005 1691.9 0
10473005 10491254 1687.7 0
10491254 10500836 1694.0 0
10500836 10520444 1691.1 0
10520444 10528812 1688.5 0
10528812 10547334 1689.5 0
10547334 10561153 1688.1 0
10561153 10577680 1687.7 0
10577680 10585881 1688.1 0
10585881 10605542 1688.5 0
10605542 10612504 1687.9 0
10612504 10633839 1690.9 0
10633839 10645949 1693.6 0
10645949 10659091 1690.5 0
10659091 10679433 1690.1 0
10679433 10691758 1689.1 0
10691758 10707440 1688.7 0
10707440 10723779 1687.9 0
10723779 10738462 1689.3 0
10738462 10752395 1690.9 0
10752395 10766570 1688.3 0
10766570 10783390 1689.5 0
10783390 10792475 1689.3 0
10792475 10803024 1689.5 0
10803024 10817943 1689.5 0
10817943 10836525 1689.9 0
10836525 10851963 1692.3 0
10851963 10864141 1692.6 0
10864141 10884540 1696.2 0
10884540 10892261 1692.3 0
10892261 10906682 1691.1 0
10906682 10925441 1695.2 0
10925441 10941844 1694.4 0
10941844 10956043 1694.8 0
10956043 10963210 1695.8 0
10963210 10977175 1692.7 0
10977175 11002810 1691.9 0
11002810 11014169 1693.8 0
11014169 11028302 1694.2 0
11028302 11038532 1691.5 0
11038532 11051767 1692.3 0
11051767 11077209 1693.6 0
11077209 11089696 1694.4 0
11089696 11103303 1694.2 0
11103303 11117924 1693.8 0
11117924 11131640 1692.7 0
11131640 11143712 1695.6 0
11143712 11159817 1696.4 0
11159817 11173747 1693.4 0
11173747 11182598 1690.5 0
11182598 11198845 1690.9 0
11198845 11219965 1691.3 0
11219965 11231570 1691.7 0
11231570 11243420 1692.1 0
11243420 11254620 1693.6 0
11254620 11266411 1694.0 0
11266411 11289176 1694.2 0
11289176 11299481 1694.4 0
11299481 11316052 1670.5 0
11316052 11328195 1672.7 0
11328195 11353040 1679.2 0
11353040 11360170 1680.6 0
11360170 11380721 1680.8 0
11380721 11388319 1680.8 0
11388319 11408815 1683.6 0
11408815 11428999 1687.9 0
11428999 11432874 1687.7 0
11432874 11453507 1687.7 0
11453507 11468328 1689.3 0
11468328 11474534 1692.8 0
11474534 11493784 1690.9 0
11493784 11507563 1691.1 0
11507563 11528572 1690.5 0
11528572 11535372 1691.1 0
11535372 11553171 1690.9 0
11553171 11572293 1692.1 0
11572293 11584284 1691.9 0
11584284 11598325 1693.6 0
11598325 11605748 1694.6 0
11605748 11626436 1693.4 0
11626436 11640237 1692.5 0
11640237 11651531 1694.8 0
11651531 11669188 1694.8 0
11669188 11681985 1693.0 0
11681985 11691991 1693.4 0
11691991 11716899 1695.2 0
11716899 11730756 1695.8 0
11730756 11744792 1696.8 0
11744792 11751771 1699.0 0
11751771 11771172 1697.8 0
11771172 11786370 1698.0 0
11786370 11793389 1697.2 0
11793389 11811223 1696.6 0
11811223 11821007 1695.4 0
11821007 11839263 1695.8 0
11839263 11856196 1696.8 0
11856196 11870095 1698.0 0
11870095 11882592 1701.1 0
11882592 11900945 1698.8 0
11900945 11914794 1697.0 0
11914794 11933111 1698.2 0
11933111 11946875 1697.8 0
11946875 11960900 1697.4 0
11960900 11974283 1697.8 0
11974283 11990442 1696.0 0
11990442 12009652 1696.8 0
12009652 12017363 1697.6 0
12017363 12037771 1698.4 0
12037771 12045142 1697.6 0
12045142 12059089 1698.0 0
12059089 12080176 1700.5 0
12080176 12087279 1700.5 0
12087279 12106595 1698.8 0
12106595 12115335 1701.1 0
12115335 12129416 1698.2 0
12129416 12153076 1700.5 0
12153076 12166578 1700.7 0
12166578 12180893 1700.9 0
12180893 12188045 1698.2 0
12188045 12206168 1697.2 0
12206168 12222533 1698.8 0
12222533 12233948 1698.8 0
12233948 12247716 1699.2 0
12247716 12265966 1694.6 0
12265966 12279463 1702.1 0
12279463 12291600 1698.0 0
12291600 12309836 1697.6 0
12309836 12323946 1697.8 0
12323946 12330880 1697.2 0
12330880 12344790 1696.0 0
12344790 12364828 1696.2 0
12364828 12376452 1696.2 0
12376452 12394417 1694.6 0
12394417 12406017 1696.8 0
12406017 12419374 1698.6 0
12419374 12443247 1697.0 0
12443247 12457412 1697.4 0
12457412 12471134 1697.0 0
12471134 12478046 1697.6 0
12478046 12491890 1697.4 0
12491890 12512485 1697.2 0
12512485 12526382 1695.8 0
12526382 12540269 1698.0 0
12540269 12554571 1698.4 0
12554571 12568126 1696.4 0
12568126 12582146 1696.8 0
12582146 12595287 1697.8 0
12595287 12614894 1698.8 0
12614894 12625485 1701.5 0
12625485 12641473 1699.0 0
12641473 12654699 1698.4 0
12654699 12665426 1698.6 0
12665426 12679339 1698.6 0
12679339 12693253 1696.4 0
12693253 12707145 1697.4 0
12707145 12728176 1699.0 0
12728176 12739526 1700.7 0
12739526 12753091 1698.6 0
12753091 12770561 1694.6 0
12770561 12784704 1694.4 0
12784704 12797735 1698.2 0
12797735 12813019 1700.7 0
12813019 12825793 1697.6 0
12825793 12840052 1703.5 0
12840052 12854079 1703.5 0
12854079 12869630 1701.5 0
12869630 12888559 1699.0 0
12888559 12894792 1697.6 0
12894792 12909042 1697.6 0
12909042 12927605 1698.4 0
12927605 12944674 1700.1 0
12944674 12962915 1698.4 0
12962915 12975922 1695.8 0
12975922 12990769 1694.0 0
12990769 12998034 1694.0 0
12998034 13016730 1694.6 0
13016730 13027766 1695.8 0
13027766 13041807 1696.8 0
13041807 13062755 1695.6 0
13062755 13070355 1697.4 0
13070355 13089446 1696.0 0
13089446 13100442 1698.0 0
13100442 13118096 1698.4 0
13118096 13132566 1699.6 0
13132566 13140853 1700.3 0
13140853 13160313 1702.7 0
13160313 13179820 1702.9 0
13179820 13193214 1701.9 0
13193214 13200884 1701.3 0
13200884 13216422 1699.6 0
13216422 13235460 1699.0 0
13235460 13245371 1697.4 0
13245371 13261346 1698.2 0
13261346 13280844 1698.4 0
13280844 13293883 1700.5 0
13293883 13313374 1698.4 0
13313374 13323443 1699.6 0
13323443 13332650 1697.8 0
13332650 13346673 1698.0 0
13346673 13366565 1698.0 0
13366565 13385357 1695.8 0
13385357 13399096 1698.6 0
13399096 13411581 1698.0 0
13411581 13419372 1698.4 0
13419372 13433431 1698.8 0
13433431 13458145 1700.0 0
13458145 13469834 1699.0 0
13469834 13476935 1697.6 0
13476935 13496109 1697.2 0
13496109 13505044 1697.8 0
13505044 13527234 1699.4 0
13527234 13536968 1701.5 0
13536968 13550067 1701.3 0
13550067 13562938 1701.1 0
13562938 13577699 1702.7 0
13577699 13599729 1703.9 0
13599729 13613438 1702.3 0
13613438 13627313 1701.5 0
13627313 13634162 1699.6 0
13634162 13655279 1698.6 0
13655279 13670328 1701.1 0
13670328 13683854 1699.8 0
13683854 13691614 1699.6 0
13691614 13711659 1700.3 0
13711659 13718572 1700.5 0
13718572 13739360 1702.5 0
13739360 13759500 1701.7 0
13759500 13767034 1698.0 0
13767034 13786699 1698.8 0
13786699 13794264 1699.6 0
13794264 13814457 1698.8 0
13814457 13829204 1699.6 0
13829204 13842564 1697.6 0
13842564 13855924 1699.6 0
13855924 13869463 1701.3 0
13869463 13890007 1700.7 0
13890007 13897616 1699.2 0
13897616 13916330 1695.8 0
13916330 13932519 1696.2 0
13932519 13942875 1696.2 0
13942875 13961981 1696.8 0
13961981 13974970 1698.2 0
13974970 13988986 1697.4 0
13988986 13998613 1698.0 0
13998613 14016991 1698.8 0
14016991 14037490 1698.8 0
14037490 14048290 1698.2 0
14048290 14054953 1697.0 0
14054953 14074559 1696.4 0
14074559 14084454 1698.0 0
14084454 14102100 1698.2 0
14102100 14116364 1697.0 0
14116364 14135865 1699.0 0
14135865 14151401 1697.8 0
14151401 14164357 1698.6 0
14164357 14177094 1696.2 0
14177094 14193125 1696.6 0
14193125 14203438 1696.4 0
14203438 14221005 1697.4 0
14221005 14235362 1699.4 0
14235362 14249525 1696.4 0
14249525 14262558 1697.6 0
14262558 14281429 1697.8 0
14281429 14295795 1697.4 0
14295795 14305572 1697.0 0
14305572 14325041 1697.2 0
14325041 14340607 1696.8 0
14340607 14354658 1696.2 0
14354658 14362284 1695.2 0
14362284 14381635 1694.6 0
14381635 14394904 1695.4 0
14394904 14408062 1695.6 0
14408062 14419990 1696.2 0
14419990 14435130 1700.1 0
14435130 14449012 1699.0 0
14449012 14468994 1697.4 0
14468994 14486596 1697.0 0
14486596 14499782 1698.4 0
14499782 14510235 1697.2 0
14510235 14528549 1698.2 0
14528549 14541616 1699.2 0
14541616 14556526 1697.8 0
14556526 14570434 1702.9 0
14570434 14584306 1701.9 0
14584306 14587903 1669.9 0
14587903 14602335 1671.9 0
14602335 14614446 1676.0 0
14614446 14626066 1677.8 0
14626066 14641228 1680.2 0
14641228 14654196 1681.6 0
14654196 14668052 1684.0 0
14668052 14687572 1687.3 0
14687572 14699313 1687.9 0
14699313 14718950 1690.1 0
14718950 14726316 1689.9 0
14726316 14739783 1690.3 0
14739783 14760882 1691.3 0
14760882 14775641 1693.4 0
14775641 14788997 1694.8 0
14788997 14798685 1696.6 0
14798685 14812767 1696.6 0
14812767 14831027 1696.2 0
14831027 14844295 1695.6 0
14844295 14861831 1697.4 0
14861831 14875593 1697.8 0
14875593 14889624 1698.2 0
14889624 14900386 1698.4 0
14900386 14916353 1696.4 0
14916353 14928254 1696.8 0
14928254 14945697 1696.6 0
14945697 14954749 1696.8 0
14954749 14976821 1697.6 0
14976821 14989269 1698.0 0
14989269 15007501 1701.5 0
15007501 15021921 1701.5 0
15021921 15037392 1699.6 0
15037392 15054073 1701.9 0
15054073 15060911 1697.8 0
15060911 15074876 1697.2 0
15074876 15094873 1697.0 0
15094873 15102947 1697.8 0
15102947 15125939 1701.5 0
15125939 15134215 1699.2 0
15134215 15152068 1701.5 0
15152068 15160153 1698.4 0
15160153 15180305 1697.8 0
15180305 15193472 1697.2 0
15193472 15213984 1698.2 0
15213984 15221049 1697.8 0
15221049 15235838 1699.0 0
15235838 15248352 1699.2 0
15248352 15269148 1699.6 0
15269148 15284384 1701.1 0
15284384 15299714 1701.9 0
15299714 15312118 1699.4 0
15312118 15319033 1698.8 0
15319033 15343388 1698.6 0
15343388 15352538 1697.8 0
15352538 15371116 1697.0 0
15371116 15385243 1697.0 0
15385243 15399631 1698.8 0
15399631 15415759 1698.0 0
15415759 15429995 1698.6 0
15429995 15438147 1697.6 0
15438147 15451910 1699.4 0
15451910 15465919 1697.6 0
15465919 15486552 1697.8 0
15486552 15501911 1698.4 0
15501911 15511171 1697.2 0
15511171 15522968 1702.3 0
15522968 15542505 1701.5 0
15542505 15556635 1699.0 0
15556635 15574102 1699.4 0
15574102 15582591 1701.9 0
15582591 15596715 1702.7 0
15596715 15610719 1700.7 0
15610719 15632433 1696.4 0
15632433 15646335 1696.6 0
15646335 15661769 1697.2 0
15661769 15674391 1697.8 0
15674391 15681816 1698.6 0
15681816 15702504 1698.2 0
15702504 15713538 1698.2 0
15713538 15731412 1697.8 0
15731412 15744532 1696.2 0
15744532 15758514 1696.6 0
15758514 15778893 1698.0 0
15778893 15785794 1701.7 0
15785794 15799623 1702.3 0
15799623 15813586 1703.5 0
15813586 15827375 1700.5 0
15827375 15855074 1705.1 0
15855074 15862214 1701.7 0
15862214 15876156 1697.6 0
15876156 15890174 1697.6 0
15890174 15899805 1697.8 0
15899805 15924678 1701.1 0
15924678 15931781 1700.9 0
15931781 15948531 1699.6 0
15948531 15958783 1698.0 0
15958783 15972412 1695.4 0
15972412 15993829 1696.6 0
15993829 16004763 1697.4 0
16004763 16018403 1698.2 0
16018403 16030842 1698.0 0
16030842 16044810 1698.0 0
16044810 16065387 1697.2 0
16065387 16083866 1700.3 0
16083866 16093648 1699.0 0
16093648 16103096 1699.2 0
16103096 16120889 1702.1 0
16120889 16134268 1700.9 0
16134268 16154258 1698.0 0
16154258 16167353 1698.4 0
16167353 16183018 1698.6 0
16183018 16194944 1698.4 0
16194944 16207600 1698.2 0
16207600 16219932 1698.0 0
16219932 16240722 1700.5 0
16240722 16254929 1699.8 0
16254929 16269010 1698.6 0
16269010 16288949 1698.0 0
16288949 16299065 1696.4 0
16299065 16310449 1698.0 0
16310449 16326921 1698.2 0
16326921 16356268 1697.8 0
16356268 16372921 1699.6 0
16372921 16386934 1702.5 0
16386934 16400887 1702.7 0
16400887 16407867 1701.7 0
16407867 16425042 1700.2 0
16425042 16442737 1700.2 0
16442737 16452566 1702.7 0
16452566 16466947 1701.9 0
16466947 16480193 1700.7 0
16480193 16498330 1698.4 0
16498330 16512423 1699.8 0
16512423 16530386 1701.3 0
16530386 16543171 1701.1 0
16543171 16560978 1700.7 0
16560978 16572762 1697.8 0
16572762 16589178 1697.4 0
16589178 16598472 1696.4 0
16598472 16617266 1697.0 0
16617266 16627028 1697.0 0
16627028 16647017 1695.2 0
16647017 16662516 1691.9 0
16662516 16670590 1694.8 0
16670590 16689146 1694.4 0
16689146 16703188 1695.4 0
16703188 16717808 1696.6 0
16717808 16728936 1696.6 0
16728936 16742869 1695.6 0
16742869 16762677 1694.6 0
16762677 16770718 1695.6 0
16770718 16793715 1697.8 0
16793715 16805295 1697.8 0
16805295 16814365 1697.8 0
16814365 16834486 1697.6 0
16834486 16849654 1697.6 0
16849654 16864182 1699.4 0
16864182 16875632 1699.6 0
16875632 16889036 1699.8 0
16889036 16904108 1700.7 0
16904108 16921712 1701.1 0
16921712 16937612 1700.1 0
16937612 16953059 1698.8 0
16953059 16967131 1698.8 0
16967131 16981279 1699.2 0
16981279 16995175 1701.1 0
16995175 17014418 1698.4 0
17014418 17020822 1697.8 0
17020822 17039223 1698.2 0
17039223 17050181 1697.8 0
17050181 17061959 1697.4 0
17061959 17085225 1696.2 0
17085225 17098998 1696.8 0
17098998 17113478 1696.6 0
17113478 17126102 1696.2 0
17126102 17134809 1694.8 0
17134809 17154069 1696.8 0
17154069 17168128 1697.8 0
17168128 17176625 1694.8 0
17176625 17196975 1693.8 0
17196975 17211002 1695.0 0
17211002 17224963 1697.2 0
17224963 17242663 1700.1 0
17242663 17252653 1700.3 0
17252653 17266400 1697.6 0
17266400 17278282 1697.2 0
17278282 17301529 1697.4 0
17301529 17315512 1698.4 0
17315512 17329595 1697.0 0
17329595 17343774 1697.8 0
17343774 17357655 1700.9 0
17357655 17377575 1698.6 0
17377575 17387100 1696.8 0
17387100 17403495 1695.8 0
17403495 17415834 1697.6 0
17415834 17428550 1696.2 0
17428550 17446373 1697.8 0
17446373 17460542 1697.6 0
17460542 17468383 1697.6 0
17468383 17486782 1699.0 0
17486782 17496148 1697.2 0
17496148 17516444 1698.2 0
17516444 17530316 1699.8 0
17530316 17544562 1698.4 0
17544562 17552622 1697.0 0
17552622 17566673 1698.6 0
17566673 17592906 1700.0 0
17592906 17603278 1699.4 0
17603278 17618903 1699.2 0
17618903 17646739 1699.6 0
17646739 17661269 1698.2 0
17661269 17672149 1696.4 0
17672149 17699123 1679.0 0
17699123 17703262 1682.2 0
17703262 17717576 1683.8 0
17717576 17738617 1684.2 0
17738617 17748723 1686.1 0
17748723 17762516 1688.9 0
17762516 17782935 1689.3 0
17782935 17791267 1691.1 0
17791267 17809297 1691.7 0
17809297 17826974 1692.1 0
17826974 17841204 1695.2 0
17841204 17855570 1695.4 0
17855570 17869761 1696.0 0
17869761 17888977 1696.4 0
17888977 17895019 1696.8 0
17895019 17913157 1697.0 0
17913157 17922523 1695.8 0
17922523 17939875 1696.4 0
17939875 17959447 1697.2 0
17959447 17972588 1702.1 0
17972588 17986499 1702.5 0
17986499 17995327 1698.8 0
17995327 18007772 1697.6 0
18007772 18022611 1697.2 0
18022611 18035199 1695.8 0
18035199 18056269 1695.4 0
18056269 18063331 1696.2 0
18063331 18076974 1696.6 0
18076974 18099990 1696.8 0
18099990 18117701 1697.4 0
18117701 18131188 1697.0 0
18131188 18145376 1697.2 0
18145376 18161625 1698.0 0
18161625 18171764 1700.0 0
18171764 18189177 1700.5 0
18189177 18202857 1699.8 0
18202857 18216944 1705.3 0
18216944 18230717 1703.5 0
18230717 18244253 1701.9 0
18244253 18262658 1701.9 0
18262658 18274887 1701.7 0
18274887 18290071 1701.3 0
18290071 18299531 1702.1 0
18299531 18322970 1699.2 0
18322970 18334012 1699.4 0
18334012 18340900 1699.8 0
18340900 18361491 1697.4 0
18361491 18376001 1697.8 0
18376001 18392869 1699.0 0
18392869 18401323 1699.8 0
18401323 18421081 1701.3 0
18421081 18434323 1699.4 0
18434323 18446206 1699.4 0
18446206 18460644 1701.5 0
18460644 18474120 1701.5 0
18474120 18493418 1701.5 0
18493418 18501788 1701.1 0
18501788 18515587 1698.4 0
18515587 18534096 1674.1 0
18534096 18544869 1677.8 0
18544869 18559378 1681.4 0
18559378 18580628 1681.4 0
18580628 18593399 1686.9 0
18593399 18607631 1690.3 0
18607631 18614701 1693.4 0
18614701 18635359 1695.2 0
18635359 18654536 1697.8 0
18654536 18663349 1699.9 0
18663349 18673064 1698.8 0
18673064 18691158 1699.0 0
18691158 18700581 1698.0 0
18700581 18719831 1699.4 0
18719831 18738277 1701.1 0
18738277 18748373 1700.7 0
18748373 18765155 1698.2 0
18765155 18775154 1700.2 0
18775154 18797606 1701.5 0
18797606 18805249 1699.8 0
18805249 18823589 1699.4 0
18823589 18837459 1699.6 0
18837459 18851279 1698.8 0
18851279 18870945 1701.1 0
18870945 18877289 1702.3 0
18877289 18895043 1701.1 0
18895043 18904369 1698.6 0
18904369 18918324 1699.0 0
18918324 18937808 1698.0 0
18937808 18955644 1698.4 0
18955644 18969753 1701.5 0
18969753 18977017 1702.7 0
18977017 18990991 1703.1 0
18990991 19016707 1702.3 0
19016707 19027283 1702.9 0
19027283 19036421 1701.7 0
19036421 19048558 1700.9 0
19048558 19066688 1700.0 0
19066688 19080782 1700.7 0
19080782 19094130 1700.0 0
19094130 19112304 1699.0 0
19112304 19126946 1700.4 0
19126946 19138897 1701.9 0
19138897 19154556 1703.1 0
19154556 19170970 1703.5 0
19170970 19184955 1698.8 0
19184955 19198876 1700.9 0
19198876 19213324 1701.3 0
19213324 19225495 1699.0 0
19225495 19240840 1700.4 0
19240840 19254921 1700.0 0
19254921 19268731 1701.3 0
19268731 19282531 1702.5 0
19282531 19305629 1701.9 0
19305629 19316825 1698.4 0
19316825 19330815 1699.6 0
19330815 19344473 1701.7 0
19344473 19357308 1700.7 0
19357308 19371552 1704.7 0
19371552 19387564 1710.5 0
19387564 19397750 1702.9 0
19397750 19412407 1703.3 0
19412407 19428028 1702.3 0
19428028 19444561 1698.0 0
19444561 19459727 1697.0 0
19459727 19474025 1695.6 0
19474025 19482187 1697.0 0
19482187 19500141 1699.4 0
19500141 19514541 1696.6 0
19514541 19531964 1697.6 0
19531964 19545728 1700.5 0
19545728 19552944 1702.7 0
19552944 19567057 1702.9 0
19567057 19588090 1702.5 0
19588090 19599378 1690.3 0
19599378 19617920 1697.2 0
19617920 19629789 1698.2 0
19629789 19642464 1698.0 0
19642464 19659412 1697.2 0
19659412 19677758 1698.0 0
19677758 19686095 1698.2 0
19686095 19704893 1699.0 0
19704893 19713829 1698.0 0
19713829 19737458 1698.8 0
19737458 19753167 1669.5 0
19753167 19763461 1673.5 0
19763461 19786137 1678.4 0
19786137 19796056 1680.2 0
19796056 19810330 1684.0 0
19810330 19817415 1683.4 0
19817415 19837795 1689.5 0
19837795 19860570 1690.7 0
19860570 19874104 1692.5 0
19874104 19883794 1694.0 0
19883794 19897654 1697.4 0
19897654 19915918 1696.8 0
19915918 19928760 1695.6 0
19928760 19943272 1696.8 0
19943272 19957351 1697.2 0
19957351 19967518 1695.6 0
19967518 19986764 1698.2 0
19986764 19999881 1698.2 0
19999881 20013748 1698.4 0
