#Processing Run 48373 for polarization tables
#The run table thinks this was a DPERPL2 run
#Corresponding AMO file is :/home/clasg8/rootbeer2.1/dat/pol/amo_tesc_48355.dat
#Coherent Edge positions for TESC events follow:
#Event	Coh Edge	PolPlane(PARA=0,PERP=1,AMO=2,CHANGING=3)
0	199	2089.0	1
199	7471	2090.0	1
7471	27534	2089.4	1
27534	41044	2089.2	1
41044	48223	2088.4	1
48223	68225	2089.2	1
68225	79700	2089.2	1
79700	94628	2089.8	1
94628	106611	2089.0	1
106611	123671	2089.2	1
123671	142137	2088.8	1
142137	155875	2088.8	1
155875	169417	2088.6	1
169417	183192	2089.2	1
183192	196717	2089.2	1
196717	210352	2088.6	1
210352	221849	2089.0	1
221849	237475	2088.8	1
237475	253594	2088.6	1
253594	263145	2088.4	1
263145	280601	2088.4	1
280601	292280	2089.6	1
292280	305873	2089.4	1
305873	323271	2088.6	1
323271	332420	2087.8	1
332420	349478	2088.6	1
349478	361404	2088.0	1
361404	373977	2088.2	1
373977	386473	2088.6	1
386473	401261	2089.4	1
401261	426526	2088.6	1
426526	430574	2089.6	1
430574	444473	2089.2	1
444473	458102	2089.2	1
458102	474877	2089.0	1
474877	492800	2089.0	1
492800	502187	2089.2	1
502187	520418	2088.4	1
520418	528184	2088.6	1
528184	545687	2088.2	1
545687	562997	2089.6	1
562997	576823	2089.8	1
576823	586877	2089.2	1
586877	598065	2088.4	1
598065	611444	2088.6	1
611444	633875	2089.6	1
633875	644952	2089.2	1
644952	657813	2088.4	1
657813	671603	2088.4	1
671603	686342	2088.6	1
686342	701964	2089.2	1
701964	714128	2090.0	1
714128	733271	2089.2	1
733271	740888	2089.0	1
740888	759984	2089.6	1
759984	775177	2089.6	1
775177	790720	2089.4	1
790720	800204	2089.2	1
800204	814857	2089.6	1
814857	825797	2089.2	1
825797	843035	2089.6	1
843035	861812	2089.6	1
861812	874947	2089.4	1
874947	883380	2089.4	1
883380	896621	2089.4	1
896621	919674	2089.2	1
919674	928915	2089.4	1
928915	944244	2088.2	1
944244	952170	2089.6	1
952170	972310	2089.4	1
972310	992060	2089.2	1
992060	996830	2089.2	1
996830	1014177	2089.0	1
1014177	1025401	2089.4	1
1025401	1038955	2089.6	1
1038955	1060548	2088.8	1
1060548	1067747	2088.8	1
1067747	1086694	2089.0	1
1086694	1099990	2089.2	1
1099990	1108463	2089.2	1
1108463	1131261	2090.2	1
1131261	1140112	2089.8	1
1140112	1155266	2089.8	1
1155266	1165707	2089.4	1
1165707	1183445	2089.4	1
1183445	1203889	2089.6	1
1203889	1210719	2089.2	1
1210719	1224473	2089.2	1
1224473	1237810	2089.4	1
1237810	1251151	2089.6	1
1251151	1274738	2089.8	1
1274738	1285766	2089.8	1
1285766	1294940	2089.2	1
1294940	1313551	2088.8	1
1313551	1320840	2089.6	1
1320840	1339520	2090.0	1
1339520	1353769	2089.6	1
1353769	1367142	2088.8	1
1367142	1382116	2088.8	1
1382116	1395012	2089.4	1
1395012	1415972	2090.2	1
1415972	1423185	2089.4	1
1423185	1441772	2089.2	1
1441772	1456136	2088.4	1
1456136	1470484	2089.2	1
1470484	1483875	2089.4	1
1483875	1494130	2089.8	1
1494130	1507427	2088.8	1
1507427	1521598	2090.4	1
1521598	1534803	2090.4	1
1534803	1552330	2091.2	1
1552330	1565917	2090.6	1
1565917	1578880	2090.0	1
1578880	1592507	2089.0	1
1592507	1608302	2089.6	1
1608302	1623161	2090.8	1
1623161	1640370	2090.6	1
1640370	1648764	2090.6	1
1648764	1661850	2089.0	1
1661850	1671843	2089.6	1
1671843	1690644	2117.6	1
1690644	1702329	2108.5	1
1702329	1715105	2107.1	1
1715105	1725470	2104.7	1
1725470	1744721	2100.7	1
1744721	1759620	2099.5	1
1759620	1769588	2095.9	1
1769588	1783790	2095.1	1
1783790	1796782	2094.5	1
1796782	1814636	2093.7	1
1814636	1827118	2093.5	1
1827118	1839861	2091.0	1
1839861	1852943	2091.2	1
1852943	1871695	2090.6	1
1871695	1882446	2090.2	1
1882446	1897985	2090.6	1
1897985	1913203	2090.0	1
1913203	1920621	2089.6	1
1920621	1939868	2089.2	1
1939868	1954268	2089.6	1
1954268	1972658	2089.6	1
1972658	1984470	2089.0	1
1984470	x	2088.8	1
189	2008828	2089.4	1
2008828	2021965	2090.0	1
2021965	2030351	2088.6	1
2030351	2044308	2089.4	1
2044308	2057869	2089.2	1
2057869	2076381	2089.0	1
2076381	2088310	2088.4	1
2088310	2105331	2089.2	1
2105331	2112552	2088.2	1
2112552	2126316	2087.8	1
2126316	2146010	2088.4	1
2146010	2158500	2087.4	1
2158500	2172294	2088.0	1
2172294	2184777	2088.8	1
2184777	2198671	2087.8	1
2198671	2214773	2087.0	1
2214773	2232941	2087.6	1
2232941	2240889	2087.6	1
2240889	2254529	2087.2	1
2254529	2273278	2087.6	1
2273278	2288477	2086.2	1
2288477	2298933	2087.6	1
2298933	2313164	2086.6	1
2313164	2325700	2084.1	1
2325700	2339733	2086.4	1
2339733	2357535	2086.8	1
2357535	2376420	2088.2	1
2376420	2390036	2087.0	1
2390036	2398426	2087.0	1
2398426	2417297	2087.2	1
2417297	2431354	2086.4	1
2431354	2441122	2087.2	1
2441122	2455745	2088.0	1
2455745	2473852	2087.6	1
2473852	2484310	2087.6	1
2484310	2500322	2088.4	1
2500322	2514108	2087.4	1
2514108	2540078	2087.0	1
2540078	2553249	2086.6	1
2553249	2569251	2087.0	1
2569251	2583393	2087.2	1
2583393	2602175	2086.4	1
2602175	2611003	2086.4	1
2611003	2624875	2086.0	1
2624875	2642459	2086.6	1
2642459	2653847	2087.0	1
2653847	2667414	2087.2	1
2667414	2682557	2087.8	1
2682557	2697975	2087.4	1
2697975	2713759	2087.6	1
2713759	2731457	2088.4	1
2731457	2738125	2087.6	1
2738125	2752652	2087.2	1
2752652	2771356	2087.4	1
2771356	2784531	2087.6	1
2784531	2794582	2087.4	1
2794582	2807641	2086.8	1
2807641	2827625	2086.2	1
2827625	2841298	2087.0	1
2841298	2854955	2087.4	1
2854955	2871122	2088.4	1
2871122	2884703	2088.0	1
2884703	2894632	2088.4	1
2894632	2911904	2087.8	1
2911904	2926702	2088.8	1
2926702	2936778	2087.8	1
2936778	2951496	2088.2	1
2951496	2963751	2087.8	1
2963751	2982772	2087.4	1
2982772	2995802	2087.2	1
2995802	3006478	2086.4	1
3006478	3020107	2086.6	1
3020107	3039869	2086.2	1
3039869	3051515	2086.8	1
3051515	3067612	2086.2	1
3067612	3078290	2086.8	1
3078290	3092045	2087.0	1
3092045	3105658	2087.2	1
3105658	3118040	2087.6	1
3118040	3135694	2087.4	1
3135694	3152576	2087.6	1
3152576	3164063	2087.6	1
3164063	3180612	2087.4	1
3180612	3194316	2089.0	1
3194316	3214725	2089.6	1
3214725	3220550	2088.0	1
3220550	3233177	2087.8	1
3233177	3247463	2087.8	1
3247463	3263531	2088.0	1
3263531	3279796	2087.8	1
3279796	3288743	2088.0	1
3288743	3308013	2087.6	1
3308013	3320567	2088.0	1
3320567	3329045	2088.0	1
3329045	3348396	2088.6	1
3348396	3361594	2089.0	1
3361594	3375286	2088.2	1
3375286	3386082	2088.8	1
3386082	3399839	2088.8	1
3399839	3417010	2088.0	1
3417010	3429874	2087.2	1
3429874	3443805	2086.4	1
3443805	3460231	2088.6	1
3460231	3470404	2088.4	1
3470404	3490077	2088.0	1
3490077	3500949	2087.6	1
3500949	3518339	2086.2	1
3518339	3525515	2087.0	1
3525515	3539025	2087.0	1
3539025	3565364	2088.0	1
3565364	3576878	2087.6	1
3576878	3583770	2086.8	1
3583770	3600166	2086.8	1
3600166	3612235	2087.8	1
3612235	3633181	2088.4	1
3633181	3641194	2088.0	1
3641194	3652863	2088.2	1
3652863	3666947	2087.2	1
3666947	3680346	2087.6	1
3680346	3699759	2087.6	1
3699759	3714019	2087.2	1
3714019	3725469	2087.2	1
3725469	3740598	2086.8	1
3740598	3753989	2087.4	1
3753989	3768112	2087.2	1
3768112	3780170	2088.0	1
3780170	3794731	2088.2	1
3794731	3807679	2088.4	1
3807679	3822127	2088.4	1
3822127	3841640	2088.4	1
3841640	3849516	2088.2	1
3849516	3863114	2088.4	1
3863114	3882733	2088.4	1
3882733	3890465	2088.6	1
3890465	3910732	2088.6	1
3910732	3923020	2089.4	1
3923020	3937559	2087.6	1
3937559	3952136	2088.2	1
3952136	3964313	2087.6	1
3964313	3983645	2088.2	1
3983645	3999179	2087.6	1
3999179	4007952	2087.6	1
4007952	4025786	2088.2	1
4025786	4039971	2087.2	1
4039971	4055755	2087.2	1
4055755	4063979	2088.0	1
4063979	4078214	2087.2	1
4078214	4092190	2088.0	1
4092190	4107104	2089.0	1
4107104	4123831	2087.8	1
4123831	4137038	2088.4	1
4137038	4152879	2088.8	1
4152879	4164093	2087.6	1
4164093	4177094	2088.2	1
4177094	4197067	2087.4	1
4197067	4218937	2087.8	1
4218937	4239403	2087.8	1
4239403	4246157	2087.2	1
4246157	4266660	2087.4	1
4266660	4278228	2086.8	1
4278228	4293793	2087.0	1
4293793	4303352	2087.0	1
4303352	4322618	2087.8	1
4322618	4339864	2088.6	1
4339864	4348180	2088.2	1
4348180	4364728	2089.0	1
4364728	4375722	2088.2	1
4375722	4389536	2088.2	1
4389536	4408831	2088.2	1
4408831	4424331	2088.0	1
4424331	4432010	2088.0	1
4432010	4450467	2087.4	1
4450467	4465541	2088.2	1
4465541	4481403	2087.2	1
4481403	4492400	2088.2	1
4492400	4504085	2087.0	1
4504085	4521635	2088.2	1
4521635	4531371	2087.8	1
4531371	4547292	2087.4	1
4547292	4562315	2087.4	1
4562315	4573375	2087.4	1
4573375	4593828	2086.6	1
4593828	4601105	2087.2	1
4601105	4620046	2087.6	1
4620046	4632496	2087.8	1
4632496	4643526	2087.8	1
4643526	4658471	2088.0	1
4658471	4671147	2088.2	1
4671147	4689957	2087.8	1
4689957	4706230	2088.6	1
4706230	4715276	2087.0	1
4715276	4728125	2086.6	1
4728125	4743480	2086.0	1
4743480	4763622	2087.8	1
4763622	4776660	2087.0	1
4776660	4787645	2087.4	1
4787645	4801592	2087.6	1
4801592	4813133	2087.0	1
4813133	4837863	2087.8	1
4837863	4845642	2087.0	1
4845642	4860312	2086.4	1
4860312	4875102	2087.4	1
4875102	4889318	2086.2	1
4889318	4903783	2087.0	1
4903783	4916628	2086.4	1
4916628	4936754	2086.2	1
4936754	4944040	2087.8	1
4944040	4957539	2088.4	1
4957539	4975267	2088.4	1
4975267	4990477	2087.4	1
4990477	5005905	2087.8	1
5005905	5015896	2087.6	1
5015896	5032777	2087.6	1
5032777	5053676	2087.6	1
5053676	5059109	2088.4	1
5059109	5077263	2087.6	1
5077263	5086768	2087.2	1
5086768	5103724	2088.4	1
5103724	5120839	2088.2	1
5120839	5134775	2089.0	1
5134775	5142904	2089.2	1
5142904	5157593	2088.4	1
5157593	5170348	2088.4	1
5170348	5189718	2088.4	1
5189718	5201730	2087.0	1
5201730	5215666	2087.2	1
5215666	5229717	2087.8	1
5229717	5245928	2088.6	1
5245928	5265610	2089.0	1
5265610	5271828	2087.0	1
5271828	5291300	2086.6	1
5291300	5298863	2087.8	1
5298863	5312633	2088.2	1
5312633	5335126	2089.4	1
5335126	5340992	2089.0	1
5340992	5354480	2089.2	1
5354480	5374079	2088.6	1
5374079	5384583	2089.2	1
5384583	5406711	2088.2	1
5406711	5413497	2089.2	1
5413497	5431001	2090.0	1
5431001	5444932	2088.0	1
5444932	5452796	2090.0	1
5452796	5474334	2089.8	1
5474334	5487487	2090.0	1
5487487	5501183	2090.0	1
5501183	5507980	2089.6	1
5507980	5523986	2089.8	1
5523986	5541662	2088.8	1
5541662	5554021	2089.6	1
5554021	5567924	2090.0	1
5567924	5580300	2090.0	1
5580300	5593465	2089.6	1
5593465	5611337	2090.6	1
5611337	5622557	2093.3	1
5622557	5636060	2091.2	1
5636060	5649637	2092.7	1
5649637	5669233	2093.5	1
5669233	5683388	2090.8	1
5683388	5692310	2090.2	1
5692310	5710982	2090.4	1
5710982	5720864	2090.4	1
5720864	5734142	2090.6	1
5734142	5752492	2089.6	1
5752492	5765061	2091.2	1
5765061	5783897	2090.6	1
5783897	5797700	2091.2	1
5797700	5806705	2091.0	1
5806705	5828355	2090.2	1
5828355	5835287	2090.4	1
5835287	5851094	2090.2	1
5851094	5863985	2091.0	1
5863985	5883007	2091.0	1
5883007	5896224	2090.6	1
5896224	5908898	2090.6	1
5908898	5921566	2092.9	1
5921566	5933853	2090.2	1
5933853	5951578	2089.8	1
5951578	5967451	2090.0	1
5967451	5983570	2089.4	1
5983570	5990290	2089.4	1
5990290	6003894	2089.6	1
6003894	6017615	2090.6	1
6017615	6036118	2091.0	1
6036118	6047478	2093.5	1
6047478	6063573	2093.7	1
6063573	6077387	2093.5	1
6077387	6089963	2093.1	1
6089963	6106935	2092.7	1
6106935	6120419	2093.1	1
6120419	6133602	2092.7	1
6133602	6152340	2090.6	1
6152340	6161997	2091.0	1
6161997	6178230	2089.6	1
6178230	6189662	2089.0	1
6189662	6209895	2090.2	1
6209895	6217391	2089.0	1
6217391	6238070	2089.0	1
6238070	6252580	2089.6	1
6252580	6263325	2089.4	1
6263325	6277043	2089.0	1
6277043	6291029	2088.8	1
6291029	6307267	2089.0	1
6307267	6321829	2088.6	1
6321829	6332878	2089.4	1
6332878	6353130	2088.6	1
6353130	6365703	2088.6	1
6365703	6373705	2088.8	1
6373705	6391158	2090.0	1
6391158	6406836	2089.0	1
6406836	6420452	2088.6	1
6420452	6428410	2088.8	1
6428410	6447441	2088.6	1
6447441	6467022	2089.0	1
6467022	6472373	2089.6	1
6472373	6486295	2090.0	1
6486295	6500238	2089.8	1
6500238	6513351	2089.4	1
6513351	6535010	2089.2	1
6535010	6541723	2090.2	1
6541723	6555536	2089.8	1
6555536	6574573	2089.0	1
6574573	6587743	2089.2	1
6587743	6602271	2089.2	1
6602271	6616129	2089.6	1
6616129	6626491	2088.6	1
6626491	6639597	2088.8	1
6639597	6653506	2089.4	1
6653506	6676443	2088.4	1
6676443	6687695	2087.4	1
6687695	6701564	2087.2	1
6701564	6711864	2088.6	1
6711864	6730510	2088.0	1
6730510	6751589	2088.2	1
6751589	6760080	2088.4	1
6760080	6773425	2088.6	1
6773425	6782190	2088.6	1
6782190	6795156	2087.8	1
6795156	6815637	2088.8	1
6815637	6829051	2088.4	1
6829051	6844232	2088.6	1
6844232	6854502	2088.6	1
6854502	6866378	2089.0	1
6866378	6885101	2089.2	1
6885101	6900615	2088.8	1
6900615	6908481	2089.4	1
6908481	6922219	2089.0	1
6922219	6937121	2089.2	1
6937121	6955996	2088.4	1
6955996	6966076	2088.8	1
6966076	6978840	2088.6	1
6978840	6998813	2088.0	1
6998813	7008572	2089.2	1
7008572	7025567	2089.0	1
7025567	7042877	2088.0	1
7042877	7053511	2089.0	1
7053511	7071864	2088.2	1
7071864	7080428	2088.0	1
7080428	7101701	2087.8	1
7101701	7115154	2087.0	1
7115154	7124078	2087.2	1
7124078	7137731	2088.2	1
7137731	7151339	2088.6	1
7151339	7170852	2087.8	1
7170852	7182780	2087.4	1
7182780	7196009	2087.0	1
7196009	7209115	2087.0	1
7209115	7228013	2087.4	1
7228013	7245115	2087.4	1
7245115	7259348	2086.6	1
7259348	7273170	2086.8	1
7273170	7286653	2087.8	1
7286653	7312256	2088.6	1
7312256	7326936	2088.0	1
7326936	7337958	2088.2	1
7337958	7351557	2087.4	1
7351557	7368458	2088.6	1
7368458	7385073	2088.2	1
7385073	7395266	2088.2	1
7395266	7412471	2087.8	1
7412471	7422975	2087.6	1
7422975	7436430	2088.0	1
7436430	7454694	2087.8	1
7454694	7467381	2087.4	1
7467381	7478747	2087.8	1
7478747	7492062	2087.4	1
7492062	7510450	2087.8	1
7510450	7527320	2087.8	1
7527320	7546023	2088.6	1
7546023	7559174	2088.4	1
7559174	7566384	2088.4	1
7566384	7600860	2088.2	1
7600860	7609214	2088.2	1
7609214	7621734	2087.0	1
7621734	7641158	2087.0	1
7641158	7655167	2087.4	1
7655167	7670717	2088.0	1
7670717	7681697	2088.0	1
7681697	7695158	2087.6	1
7695158	7707228	2084.1	1
7707228	7720965	2087.4	1
7720965	7746007	2088.2	1
7746007	7759554	2087.4	1
7759554	7766967	2087.4	1
7766967	7780209	2087.2	1
7780209	7794297	2088.0	1
7794297	7811332	2087.4	1
7811332	7822102	2087.6	1
7822102	7835597	2087.6	1
7835597	7851732	2086.4	1
7851732	7861729	2087.0	1
7861729	7887420	2087.8	1
7887420	7894258	2087.2	1
7894258	7910802	2088.2	1
7910802	7920267	2088.6	1
7920267	7933467	2087.4	1
7933467	7950466	2087.0	1
7950466	7963388	2087.2	1
7963388	7977261	2086.4	1
7977261	7995556	2087.2	1
7995556	8009771	2086.8	1
8009771	8030442	2087.6	1
8030442	8038029	2088.0	1
8038029	8051758	2087.8	1
8051758	8065199	2087.8	1
8065199	8098591	2087.6	1
8098591	8110203	2088.0	1
8110203	8123171	2088.0	1
8123171	8134753	2087.6	1
8134753	8150642	2087.6	1
8150642	8172124	2087.4	1
8172124	8177661	2086.4	1
8177661	8191613	2086.6	1
8191613	8205329	2087.6	1
8205329	8219527	2087.0	1
8219527	8238615	2086.6	1
8238615	8253722	2087.2	1
8253722	8263850	2087.4	1
8263850	8280042	2087.4	1
8280042	8295780	2087.6	1
8295780	8314196	2086.8	1
8314196	8321201	2087.2	1
8321201	8335084	2087.6	1
8335084	8354613	2087.8	1
8354613	8367907	2087.0	1
8367907	8382943	2087.2	1
8382943	8391097	2088.4	1
8391097	8410285	2088.2	1
8410285	8420527	2088.0	1
8420527	8437066	2087.8	1
8437066	8454007	2087.6	1
8454007	8466757	2088.0	1
8466757	8480508	2088.2	1
8480508	8491060	2088.6	1
8491060	8503556	2088.8	1
8503556	8521494	2089.4	1
8521494	8532251	2089.0	1
8532251	8545944	2087.8	1
8545944	8566040	2088.0	1
8566040	8574484	2087.4	1
8574484	8597295	2087.4	1
8597295	8607740	2087.0	1
8607740	8618932	2087.6	1
8618932	8632820	2087.2	1
8632820	8646806	2087.2	1
8646806	8663403	2087.4	1
8663403	8673201	2088.2	1
8673201	8691151	2087.8	1
8691151	8704939	2087.8	1
8704939	8715790	2087.8	1
8715790	8741773	2087.0	1
8741773	8750183	2087.6	1
8750183	8767086	2088.2	1
8767086	8780931	2087.8	1
8780931	8789061	2087.4	1
8789061	8808541	2087.2	1
8808541	8827605	2087.8	1
8827605	8834951	2087.8	1
8834951	8848345	2087.4	1
8848345	8862268	2086.6	1
8862268	8880577	2086.2	1
8880577	8892381	2087.0	1
8892381	8909196	2087.0	1
8909196	8925617	2085.8	1
8925617	8939394	2086.2	1
8939394	8967214	2086.6	1
8967214	8977944	2085.6	1
8977944	8992128	2086.0	1
8992128	9004312	2086.0	1
9004312	9022209	2086.4	1
9022209	9036038	2087.0	1
9036038	9049882	2087.4	1
9049882	9069351	2086.6	1
9069351	9077370	2086.2	1
9077370	9096121	2087.0	1
9096121	9111319	2083.7	1
9111319	9119171	2087.4	1
9119171	9137536	2086.8	1
9137536	9148760	2087.0	1
9148760	9165703	2087.0	1
9165703	9181653	2088.0	1
9181653	9192186	2087.8	1
9192186	9209089	2087.6	1
9209089	9218876	2088.0	1
9218876	9236464	2087.6	1
9236464	9253122	2086.8	1
9253122	9261043	2086.4	1
9261043	9274815	2086.8	1
9274815	9289945	2084.1	1
9289945	9314495	2086.2	1
9314495	9322698	2087.4	1
9322698	9333675	2087.6	1
9333675	9347887	2087.2	1
9347887	9365213	2086.6	1
9365213	9381179	2086.4	1
9381179	9395993	2086.2	1
9395993	9409433	2086.8	1
9409433	9419320	2086.2	1
9419320	9433383	2085.8	1
9433383	9451885	2086.6	1
9451885	9466530	2087.2	1
9466530	9474653	2087.4	1
9474653	9488622	2088.6	1
9488622	9502147	2088.2	1
9502147	9523602	2087.4	1
9523602	9533840	2088.4	1
9533840	9547943	2087.8	1
9547943	9561767	2087.8	1
9561767	9574221	2088.0	1
9574221	9594838	2087.6	1
9594838	9603341	2087.2	1
9603341	9621894	2086.8	1
9621894	9635837	2086.2	1
9635837	9644230	2087.0	1
9644230	9665282	2087.0	1
9665282	9674943	2086.4	1
9674943	9690620	2087.0	1
9690620	9706856	2087.4	1
9706856	9717419	2087.0	1
9717419	9740520	2086.0	1
9740520	9747805	2083.7	1
9747805	9766562	2086.6	1
9766562	9774157	2087.4	1
9774157	9788917	2086.2	1
9788917	9812057	2086.0	1
9812057	9819351	2086.4	1
9819351	9833417	2086.8	1
9833417	9849875	2086.2	1
9849875	9857328	2086.6	1
9857328	9882084	2087.0	1
9882084	9888908	2086.6	1
9888908	9903960	2086.8	1
9903960	9913808	2088.0	1
9913808	9927594	2086.6	1
9927594	9946298	2086.6	1
9946298	9964526	2086.2	1
9964526	9971083	2086.8	1
9971083	9984683	2087.0	1
9984683	10002504	2087.6	1
10002504	10022752	2086.4	1
10022752	10032600	2088.4	1
10032600	10044233	2088.8	1
10044233	10061580	2087.0	1
10061580	10085893	2087.8	1
10085893	10099463	2088.4	1
10099463	10113089	2089.0	1
10113089	10128202	2087.4	1
10128202	10142026	2087.2	1
10142026	10158175	2086.0	1
10158175	10170284	2087.2	1
10170284	10188755	2088.0	1
10188755	10195823	2086.8	1
10195823	10209834	2088.4	1
10209834	10229640	2085.8	1
10229640	10245916	2086.6	1
10245916	10255841	2087.2	1
10255841	10271809	2088.2	1
10271809	10281142	2086.6	1
10281142	10299458	2086.2	1
10299458	10312695	2086.8	1
10312695	10333975	2087.0	1
10333975	10346521	2084.1	1
10346521	10354705	2085.8	1
10354705	10374659	2087.2	1
10374659	10388832	2087.0	1
10388832	10402069	2087.2	1
10402069	10411316	2087.4	1
10411316	10423419	2087.0	1
10423419	10443531	2087.0	1
10443531	10455739	2087.6	1
10455739	10470436	2087.0	1
10470436	10484114	2086.8	1
10484114	10495632	2087.4	1
10495632	10518095	2087.0	1
10518095	10531583	2087.6	1
10531583	10538281	2086.0	1
10538281	10552177	2087.4	1
10552177	10571138	2086.4	1
10571138	10586461	2086.0	1
10586461	10597937	2087.8	1
10597937	10612423	2087.2	1
10612423	10627432	2088.6	1
10627432	10637446	2088.4	1
10637446	10654647	2088.2	1
10654647	10667413	2088.2	1
10667413	10681164	2088.0	1
10681164	10695494	2088.2	1
10695494	10709279	2087.6	1
10709279	10731107	2089.2	1
10731107	10742717	2088.4	1
10742717	10750821	2088.6	1
10750821	10766225	2087.8	1
10766225	10778720	2087.6	1
10778720	10796758	2088.0	1
10796758	10812146	2087.4	1
10812146	10825980	2087.4	1
10825980	10836983	2084.1	1
10836983	10855655	2086.2	1
10855655	10872927	2087.0	1
10872927	10879795	2087.0	1
10879795	10893439	2087.6	1
10893439	10907240	2087.4	1
10907240	10920957	2086.8	1
10920957	10940454	2087.4	1
10940454	10955816	2087.4	1
10955816	10965982	2086.6	1
10965982	10979454	2086.2	1
10979454	10997237	2087.2	1
10997237	11024758	2088.4	1
11024758	11037350	2086.4	1
11037350	11052412	2086.8	1
11052412	11066334	2087.0	1
11066334	11083964	2084.1	1
11083964	11096151	2087.2	1
11096151	11107902	2087.6	1
11107902	11121692	2087.4	1
11121692	11141925	2087.8	1
11141925	11157641	2087.6	1
11157641	11173596	2086.4	1
11173596	11181823	2087.4	1
11181823	11194703	2087.0	1
11194703	11208750	2087.0	1
11208750	11230213	2087.4	1
11230213	11237758	2086.6	1
11237758	11250284	2086.0	1
11250284	11263636	2087.4	1
11263636	11277049	2087.6	1
11277049	11297230	2088.6	1
11297230	11309077	2086.6	1
11309077	11319831	2086.2	1
11319831	11337840	2087.0	1
11337840	11351715	2085.8	1
11351715	11376156	2087.8	1
11376156	11379335	2087.6	1
11379335	11391990	2087.8	1
11391990	11405756	2087.4	1
11405756	11421032	2087.2	1
11421032	11440558	2086.2	1
11440558	11455265	2086.8	1
11455265	11464515	2086.2	1
11464515	11478501	2086.2	1
11478501	11496806	2087.0	1
11496806	11513301	2087.6	1
11513301	11521455	2087.6	1
11521455	11537814	2087.2	1
11537814	11553177	2088.2	1
11553177	11565443	2088.2	1
11565443	11586213	2086.2	1
11586213	11593188	2086.6	1
11593188	11606928	2086.4	1
11606928	11625606	2086.0	1
11625606	11639381	2087.4	1
11639381	11653646	2087.8	1
11653646	11662635	2087.0	1
11662635	11678500	2087.0	1
11678500	11696856	2086.8	1
11696856	11710832	2087.4	1
11710832	11724689	2087.6	1
11724689	11737375	2086.2	1
11737375	11754741	2086.8	1
11754741	11764573	2084.1	1
11764573	11777632	2086.2	1
11777632	11792024	2087.8	1
11792024	11797232	2113.4	1
11797232	11812491	2108.7	1
11812491	11827745	2104.5	1
11827745	11846394	2100.1	1
11846394	11862749	2098.1	1
11862749	11875551	2097.1	1
11875551	11892787	2095.1	1
11892787	11903631	2093.3	1
11903631	11930637	2091.2	1
11930637	11941286	2091.2	1
11941286	11953384	2090.2	1
11953384	11972736	2090.4	1
11972736	11981285	2089.4	1
11981285	12002200	2089.8	1
12002200	12015767	2089.6	1
12015767	12030435	2089.8	1
12030435	12039422	2089.0	1
12039422	12054882	2088.0	1
12054882	12078098	2087.4	1
12078098	12091492	2087.6	1
12091492	12098976	2086.6	1
12098976	12112502	2087.4	1
12112502	12124793	2087.4	1
12124793	12143181	2086.4	1
12143181	12160569	2087.8	1
12160569	12168065	2083.9	1
12168065	12181656	2086.8	1
12181656	12195576	2087.8	1
12195576	12213154	2088.2	1
12213154	12225323	2086.6	1
12225323	12241423	2086.8	1
12241423	12254915	2083.7	1
12254915	12270582	2086.0	1
12270582	12290840	2086.8	1
12290840	12300856	2088.8	1
12300856	12307876	2089.2	1
12307876	12322464	2087.4	1
12322464	12341847	2086.6	1
12341847	12357253	2088.0	1
12357253	12367081	2087.0	1
12367081	12382659	2087.6	1
12382659	12399128	2087.8	1
12399128	12410672	2087.6	1
12410672	12428351	2086.6	1
12428351	12445459	2087.0	1
12445459	12454717	2087.8	1
12454717	12467042	2088.4	1
12467042	12480566	2086.6	1
12480566	12501552	2086.2	1
12501552	12508283	2087.8	1
12508283	12525026	2087.4	1
12525026	12536791	2087.6	1
12536791	12554183	2086.8	1
12554183	12568138	2088.8	1
12568138	12581400	2088.2	1
12581400	12595901	2088.6	1
12595901	12606111	2088.2	1
12606111	12618983	2088.0	1
12618983	12642080	2088.2	1
12642080	12654971	2087.4	1
12654971	12667862	2087.2	1
12667862	12676738	2088.2	1
12676738	12696903	2088.4	1
12696903	12711372	2088.2	1
12711372	12722350	2087.2	1
12722350	12736509	2086.6	1
12736509	12749762	2087.0	1
12749762	12767132	2086.6	1
12767132	12782565	2088.2	1
12782565	12799385	2088.0	1
12799385	12806937	2087.8	1
12806937	12822318	2085.8	1
12822318	12836252	2086.8	1
12836252	12842783	2088.0	1
12842783	12854374	2115.8	1
12854374	12863829	2110.1	1
12863829	12878364	2106.7	1
12878364	12895332	2104.3	1
12895332	12911231	2100.7	1
12911231	12920296	2098.3	1
12920296	12932549	2098.3	1
12932549	12950502	2096.5	1
12950502	12960763	2095.5	1
12960763	12974910	2095.3	1
12974910	12991272	2094.9	1
12991272	13000405	2093.3	1
13000405	13014000	2094.7	1
13014000	13027905	2094.5	1
13027905	13048890	2093.5	1
13048890	13061591	2090.6	1
13061591	13076423	2089.8	1
13076423	13089212	2088.6	1
13089212	13104158	2087.8	1
13104158	13124901	2087.8	1
13124901	13132989	2088.8	1
13132989	13151972	2088.8	1
13151972	13164715	2087.6	1
13164715	13179505	2087.8	1
13179505	13193181	2087.4	1
13193181	13204402	2087.4	1
13204402	13218340	2088.4	1
13218340	13233791	2088.0	1
13233791	13250222	2087.0	1
13250222	13264531	2087.6	1
13264531	13274337	2087.6	1
13274337	13288050	2087.4	1
13288050	13301620	2088.4	1
13301620	13315314	2088.2	1
13315314	13335299	2088.2	1
13335299	13345219	2088.2	1
13345219	13362964	2087.2	1
13362964	13373661	2087.2	1
13373661	13386899	2087.0	1
13386899	13405148	2086.6	1
13405148	13416822	2087.6	1
13416822	13434923	2088.6	1
13434923	13444483	2088.2	1
13444483	13456901	2088.2	1
13456901	13477401	2088.8	1
13477401	13492779	2088.2	1
13492779	13504740	2087.8	1
13504740	13514273	2086.6	1
13514273	13527864	2088.4	1
13527864	13546294	2088.0	1
13546294	13561262	2089.0	1
13561262	13575029	2088.0	1
13575029	13587289	2088.8	1
13587289	13604302	2088.6	1
13604302	13618521	2088.0	1
13618521	13628913	2088.0	1
13628913	13642159	2087.2	1
13642159	13655590	2088.6	1
13655590	13669006	2088.4	1
13669006	13688496	2088.6	1
13688496	13702731	2088.2	1
13702731	13710463	2088.0	1
13710463	13726922	2089.0	1
13726922	13740592	2089.0	1
13740592	13758162	2087.6	1
13758162	13770808	2087.6	1
13770808	13787801	2087.8	1
13787801	13801263	2087.8	1
13801263	13812318	2088.4	1
13812318	13834282	2087.4	1
13834282	13843124	2086.4	1
13843124	13856124	2086.4	1
13856124	13875578	2087.2	1
13875578	13889499	2086.2	1
13889499	13903307	2087.0	1
13903307	13912607	2087.2	1
13912607	13926465	2086.4	1
13926465	13940788	2087.2	1
13940788	13957004	2086.4	1
13957004	13972561	2086.8	1
13972561	13986014	2088.0	1
13986014	14004616	2088.4	1
14004616	14014080	2088.2	1
14014080	14027887	2089.2	1
14027887	14046608	2089.4	1
14046608	14055649	2088.0	1
14055649	14069370	2086.8	1
14069370	14083153	2087.0	1
14083153	14103838	2087.0	1
14103838	14125633	2088.2	1
14125633	14129378	2088.4	1
14129378	14142597	2088.4	1
14142597	14949438	2087.4	1
14949438	14957791	2088.2	1
14957791	14974435	2088.4	1
14974435	14992148	2086.8	1
14992148	15005406	2086.6	1
15005406	15013964	2087.2	1
15013964	15027277	2087.6	1
15027277	15046549	2087.8	1
15046549	15063568	2087.0	1
15063568	15072129	2087.2	1
15072129	15087940	2087.8	1
15087940	15102187	2087.4	1
15102187	15122750	2088.4	1
15122750	15129825	2087.0	1
15129825	15143624	2086.6	1
15143624	15157517	2087.8	1
15157517	15171381	2087.8	1
15171381	15191162	2087.4	1
15191162	15201490	2087.0	1
15201490	15219851	2086.0	1
15219851	15229651	2087.2	1
15229651	15244439	2088.4	1
15244439	15262319	2087.2	1
15262319	15274916	2087.4	1
15274916	15288212	2087.2	1
15288212	15301428	2087.0	1
15301428	15318177	2086.6	1
15318177	15336745	2088.2	1
15336745	15344987	2088.8	1
15344987	15358196	2088.0	1
15358196	15371225	2088.6	1
15371225	15384914	2088.6	1
15384914	15403962	2087.6	1
15403962	15417667	2087.6	1
15417667	15429926	2088.0	1
15429926	15446047	2088.0	1
15446047	15462360	2086.8	1
15462360	15481236	2087.0	1
15481236	15488055	2087.2	1
15488055	15501716	2086.8	1
15501716	15515424	2088.2	1
15515424	15529204	2088.0	1
15529204	15546411	2087.2	1
15546411	15557994	2088.0	1
15557994	15572526	2087.2	1
15572526	15586826	2088.4	1
15586826	15599846	2088.4	1
15599846	15616580	2088.2	1
15616580	15629899	2088.0	1
15629899	15643845	2088.4	1
15643845	15657342	2089.0	1
15657342	15669567	2087.2	1
15669567	15690451	2087.2	1
15690451	15706017	2087.8	1
15706017	15719025	2087.4	1
15719025	15726220	2088.0	1
15726220	15744398	2088.4	1
15744398	15759866	2089.2	1
15759866	15770146	2087.6	1
15770146	15783128	2088.2	1
15783128	15796799	2088.4	1
15796799	15816752	2088.2	1
15816752	15835762	2087.8	1
15835762	15846991	2087.2	1
15846991	15856392	2087.2	1
15856392	15869859	2087.4	1
15869859	15884463	2086.8	1
15884463	15907415	2087.2	1
15907415	15919023	2087.0	1
15919023	15932809	2087.6	1
15932809	15942425	2084.3	1
15942425	15953397	2086.4	1
15953397	15979011	2086.8	1
15979011	15986157	2086.8	1
15986157	16000117	2086.6	1
16000117	16014389	2086.6	1
16014389	16031119	2088.0	1
16031119	16048577	2087.8	1
16048577	16062754	2088.0	1
16062754	16071021	2087.2	1
16071021	16084798	2087.4	1
16084798	16105152	2088.6	1
16105152	16126331	2089.0	1
16126331	16129518	2088.4	1
16129518	16147071	2088.4	1
16147071	16160999	2087.8	1
16160999	16174787	2088.4	1
16174787	16189489	2088.8	1
16189489	16209467	2089.0	1
16209467	16216687	2087.8	1
16216687	16234135	2086.4	1
16234135	16247999	2087.6	1
16247999	16264494	2086.2	1
16264494	16275048	2083.9	1
16275048	16292603	2086.4	1
16292603	16306505	2087.2	1
16306505	16313400	2087.6	1
16313400	16333597	2088.2	1
16333597	16345371	2089.2	1
16345371	16361961	2088.8	1
16361961	16374853	2089.4	1
16374853	16388491	2089.6	1
16388491	16409402	2088.2	1
16409402	16421771	2088.2	1
16421771	16434224	2087.6	1
16434224	16444088	2115.8	1
16444088	16470124	2109.1	1
16470124	16478472	2105.3	1
16478472	16495534	2100.9	1
16495534	16511209	2098.5	1
16511209	16520015	2098.3	1
16520015	16540007	2094.7	1
16540007	16553429	2093.3	1
16553429	16560477	2092.5	1
16560477	16573287	2093.1	1
16573287	16586517	2093.5	1
16586517	16606447	2090.6	1
16606447	16619063	2090.0	1
16619063	16631675	2089.8	1
16631675	16644018	2088.8	1
16644018	16658531	2088.0	1
16658531	16675894	2087.6	1
16675894	16693304	2088.6	1
16693304	16701620	2087.8	1
16701620	16715469	2087.6	1
16715469	16729456	2087.6	1
16729456	16754682	2088.2	1
16754682	16759474	2087.8	1
16759474	16773543	2088.2	1
16773543	16787463	2088.4	1
16787463	16800893	2088.6	1
16800893	16819743	2088.4	1
16819743	16832711	2086.2	1
16832711	16848001	2083.9	1
16848001	16859843	2087.0	1
16859843	16878370	2087.6	1
16878370	16895033	2087.4	1
16895033	16909004	2086.4	1
16909004	16918326	2086.2	1
16918326	16929880	2087.0	1
16929880	16943730	2087.8	1
16943730	16964350	2087.0	1
16964350	16976532	2087.2	1
16976532	16989905	2086.4	1
16989905	17005786	2086.8	1
17005786	17021127	2087.2	1
17021127	17037270	2086.8	1
17037270	17052791	2087.0	1
17052791	17060761	2087.0	1
17060761	17074694	2087.6	1
17074694	17088555	2086.6	1
17088555	17106798	2086.0	1
17106798	17123126	2086.6	1
17123126	17136993	2086.6	1
17136993	17149395	2088.6	1
17149395	17159740	2087.8	1
17159740	17178687	2087.0	1
17178687	17192659	2087.4	1
17192659	17206539	2087.4	1
17206539	17220488	2088.6	1
17220488	17234500	2087.2	1
17234500	17251082	2087.0	1
17251082	17262150	2087.0	1
17262150	17283121	2086.6	1
17283121	17296993	2087.0	1
17296993	17306173	2087.2	1
17306173	17324784	2086.8	1
17324784	17337202	2087.0	1
17337202	17349966	2087.2	1
17349966	17367419	2086.4	1
17367419	17376846	2087.4	1
17376846	17393952	2086.6	1
17393952	17407447	2085.8	1
17407447	17421200	2083.7	1
17421200	17434879	2086.0	1
17434879	17454426	2086.4	1
17454426	17470641	2087.0	1
17470641	17483415	2087.6	1
17483415	17493231	2086.6	1
17493231	17507099	2087.4	1
17507099	17520483	2086.4	1
17520483	17539395	2086.6	1
17539395	17552744	2086.4	1
17552744	17566327	2086.8	1
17566327	17582177	2087.2	1
17582177	17592995	2087.2	1
17592995	17613554	2086.2	1
17613554	17623279	2086.6	1
17623279	17637935	2086.8	1
17637935	17652222	2087.2	1
17652222	17669996	2087.6	1
17669996	17683622	2087.6	1
17683622	17696154	2086.2	1
17696154	17708407	2084.1	1
17708407	17725663	2087.0	1
17725663	17734506	2087.4	1
17734506	17752913	2087.0	1
17752913	17766798	2087.0	1
17766798	17786715	2087.6	1
17786715	17800483	2088.0	1
17800483	17811362	2087.8	1
17811362	17828849	2087.4	1
17828849	17842809	2086.2	1
17842809	17851241	2086.6	1
17851241	17870229	2086.6	1
17870229	17877154	2086.8	1
17877154	17897381	2084.1	1
17897381	17910671	2086.8	1
17910671	17927264	2088.0	1
17927264	17938559	2086.4	1
17938559	17951376	2086.2	1
17951376	17967801	2085.8	1
17967801	17980081	2085.8	1
17980081	17998949	2086.0	1
17998949	18007599	2084.3	1
18007599	18028344	2084.1	1
18028344	18043899	2086.8	1
18043899	18056073	2086.6	1
18056073	18069218	2085.8	1
18069218	18083663	2086.0	1
18083663	18093098	2086.0	1
18093098	18110404	2086.8	1
18110404	18123668	2086.8	1
18123668	18136133	2084.3	1
18136133	18153724	2086.2	1
18153724	18165026	2086.8	1
18165026	18186926	2085.8	1
18186926	18193866	2084.1	1
18193866	18207737	2086.4	1
18207737	18221225	2086.2	1
18221225	18241003	2087.2	1
18241003	18255082	2087.2	1
18255082	18268789	2086.8	1
18268789	18287666	2086.0	1
18287666	18302422	2087.6	1
18302422	18322790	2086.4	1
18322790	18341123	2087.4	1
18341123	18354410	2086.8	1
18354410	18368570	2087.8	1
18368570	18380439	2087.2	1
18380439	18400561	2086.6	1
18400561	18411717	2086.8	1
18411717	18421795	2087.2	1
18421795	18439402	2087.4	1
18439402	18448562	2086.2	1
18448562	18473287	2086.2	1
18473287	18482311	2087.0	1
18482311	18496005	2086.6	1
18496005	18505992	2086.2	1
18505992	18521811	2087.6	1
18521811	18541643	2086.8	1
18541643	18549343	2084.3	1
18549343	18562193	2086.6	1
18562193	18575971	2086.6	1
18575971	18589433	2087.8	1
18589433	18610054	2086.4	1
18610054	18624661	2086.2	1
18624661	18639013	2086.6	1
18639013	18651065	2087.2	1
18651065	18661743	2085.8	1
18661743	18678286	2086.2	1
18678286	18691942	2086.4	1
18691942	18709454	2086.2	1
18709454	18718500	2084.1	1
18718500	18732342	2086.2	1
18732342	18751559	2087.2	1
18751559	18762167	2086.0	1
18762167	18776061	2086.4	1
18776061	18793800	2086.6	1
18793800	18800602	2086.8	1
18800602	18821214	2086.4	1
18821214	18832919	2087.0	1
18832919	18847434	2087.0	1
18847434	18860815	2087.2	1
18860815	18874224	2087.4	1
18874224	18891613	2088.0	1
18891613	18902661	2086.6	1
18902661	18922398	2087.2	1
18922398	18929169	2087.0	1
18929169	18942818	2086.6	1
18942818	18960191	2087.4	1
18960191	18972146	2087.0	1
18972146	18985284	2086.8	1
18985284	19001238	2087.2	1
19001238	19017801	2087.8	1
19017801	19037638	2086.6	1
19037638	19044711	2086.4	1
19044711	19059693	2083.9	1
19059693	19073723	2083.9	1
19073723	19085207	2084.3	1
19085207	19104202	2086.6	1
19104202	19115739	2086.4	1
19115739	19129572	2083.9	1
19129572	19144720	2085.8	1
19144720	19164286	2086.2	1
19164286	19178520	2083.1	1
19178520	19189639	2083.9	1
19189639	19207024	2083.7	1
19207024	19217004	2085.8	1
19217004	19230243	2084.1	1
19230243	19247240	2086.2	1
19247240	19260637	2086.6	1
19260637	19274282	2086.0	1
19274282	19294014	2086.6	1
19294014	19300802	2087.0	1
19300802	19325420	2086.4	1
19325420	19335796	2086.4	1
19335796	19344588	2087.0	1
19344588	19357613	2087.8	1
19357613	19373141	2087.2	1
19373141	19390008	2086.2	1
19390008	19403309	2086.4	1
19403309	19416143	2087.4	1
19416143	19430418	2087.6	1
19430418	19447250	2087.0	1
19447250	19464899	2087.4	1
19464899	19477792	2083.3	1
19477792	19484559	2083.3	1
19484559	19503862	2083.7	1
19503862	19517564	2086.6	1
19517564	19536420	2084.1	1
19536420	19545476	2086.8	1
19545476	19556837	2087.4	1
19556837	19570785	2086.8	1
19570785	19586936	2086.4	1
19586936	19603595	2084.1	1
19603595	19613883	2087.2	1
19613883	19627513	2086.6	1
19627513	19641105	2085.8	1
19641105	19676982	2084.1	1
19676982	19683334	2086.6	1
19683334	19697153	2088.0	1
19697153	19710565	2086.8	1
19710565	19724094	2083.7	1
19724094	19743400	2083.3	1
19743400	19756851	2086.8	1
19756851	19770545	2087.0	1
19770545	19783968	2086.6	1
19783968	19798332	2086.0	1
19798332	19819222	2084.1	1
19819222	19822851	2083.9	1
19822851	19840151	2086.2	1
19840151	19854202	2086.8	1
19854202	19865021	2083.9	1
19865021	19886853	2083.5	1
19886853	19901076	2087.0	1
19901076	19915671	2087.8	1
19915671	19928711	2087.2	1
19928711	19942772	2087.2	1
19942772	19958697	2086.4	1
19958697	19969802	2086.2	1
19969802	19983012	2084.1	1
19983012	19995698	2085.8	1
19995698	20012659	2086.2	1
20012659	99999999	2085.8	1
