#Processing Run 48291 for polarization tables
#The run table thinks this was a DPERPL2 run
#Corresponding AMO file is :/home/clasg8/rootbeer2.1/dat/pol/amo_tesc_48290.dat
#Coherent Edge positions for TESC events follow:
#Event	Coh Edge	PolPlane(PARA=0,PERP=1,AMO=2,CHANGING=3)
#WARNING: table and EPICS differ on the radiator
Using value from table#WARNING: table and EPICS differ on the Plane
Using	x	-1.0	0
0	9252	1322.5	1
9252	32493	1342.9	1
32493	39019	1342.7	1
39019	45221	1308.1	1
45221	58113	-1.0	1
58113	64319	-1.0	1
64319	78117	-1.0	1
78117	88167	-1.0	1
88167	97333	-1.0	1
97333	102186	-1.0	1
102186	115800	-1.0	1
115800	125268	-1.0	1
125268	133545	-1.0	1
133545	144707	-1.0	1
144707	149325	1303.5	1
149325	161454	1346.7	1
161454	171965	1301.7	1
171965	181372	1328.5	1
181372	192675	-1.0	1
192675	199870	-1.0	1
199870	208838	-1.0	1
208838	222152	-1.0	1
222152	231985	-1.0	1
231985	241259	-1.0	1
241259	246658	-1.0	1
246658	259632	-1.0	1
259632	273488	-1.0	1
273488	282434	-1.0	1
282434	287384	-1.0	1
287384	296428	-1.0	1
296428	305668	-1.0	1
305668	315122	-1.0	1
315122	324451	1297.9	1
324451	338204	1320.0	1
338204	342961	-1.0	1
342961	356355	-1.0	1
356355	365822	-1.0	1
365822	375388	-1.0	1
375388	384048	-1.0	1
384048	394033	-1.0	1
394033	399386	-1.0	1
399386	412565	-1.0	1
412565	421982	-1.0	1
421982	430972	-1.0	1
430972	441968	-1.0	1
441968	449620	-1.0	1
449620	461981	-1.0	1
461981	472755	-1.0	1
472755	481900	-1.0	1
481900	488051	-1.0	1
488051	497159	-1.0	1
497159	509379	-1.0	1
509379	518302	-1.0	1
518302	526732	-1.0	1
526732	536133	-1.0	1
536133	545923	-1.0	1
545923	560108	-1.0	1
560108	567189	-1.0	1
567189	574020	-1.0	1
574020	587544	-1.0	1
587544	592435	-1.0	1
592435	606296	-1.0	1
606296	615847	-1.0	1
615847	628205	-1.0	1
628205	631550	-1.0	1
631550	652666	-1.0	1
652666	661889	-1.0	1
661889	671057	-1.0	1
671057	681914	-1.0	1
681914	689570	-1.0	1
689570	703470	-1.0	1
703470	708817	-1.0	1
708817	721689	-1.0	1
721689	726291	-1.0	1
726291	736576	-1.0	1
736576	749362	-1.0	1
749362	757997	-1.0	1
757997	767511	-1.0	1
767511	776494	-1.0	1
776494	788008	-1.0	1
788008	796263	-1.0	1
796263	808576	-1.0	1
808576	813315	-1.0	1
813315	822415	-1.0	1
822415	831528	-1.0	1
831528	845019	-1.0	1
845019	855637	-1.0	1
855637	864691	1344.7	1
864691	873862	1346.7	1
873862	883042	1348.7	1
883042	894396	-1.0	1
894396	906252	-1.0	1
906252	914903	-1.0	1
914903	921090	-1.0	1
921090	934193	-1.0	1
934193	947656	-1.0	1
947656	952831	-1.0	1
952831	961083	-1.0	1
961083	971217	-1.0	1
971217	979781	-1.0	1
979781	994779	-1.0	1
994779	1001912	-1.0	1
1001912	1008781	-1.0	1
1008781	1020272	-1.0	1
1020272	1030253	-1.0	1
1030253	1041852	-1.0	1
1041852	1047819	-1.0	1
1047819	1060637	-1.0	1
1060637	1068768	-1.0	1
1068768	1076388	-1.0	1
1076388	1088098	-1.0	1
1088098	1097467	-1.0	1
1097467	1106743	-1.0	1
1106743	1115910	-1.0	1
1115910	1126827	-1.0	1
1126827	1135654	-1.0	1
1135654	1148153	-1.0	1
1148153	1157814	-1.0	1
1157814	1167072	-1.0	1
1167072	1172387	-1.0	1
1172387	1184469	-1.0	1
1184469	1192661	-1.0	1
1192661	1203024	-1.0	1
1203024	1213087	-1.0	1
1213087	1222291	-1.0	1
1222291	1236046	-1.0	1
1236046	1242050	-1.0	1
1242050	1253550	-1.0	1
1253550	1262702	-1.0	1
1262702	1281938	-1.0	1
1281938	1288331	-1.0	1
1288331	1296035	-1.0	1
1296035	1308703	-1.0	1
1308703	1319085	-1.0	1
1319085	1328118	-1.0	1
1328118	1337150	-1.0	1
1337150	1346492	-1.0	1
1346492	1355572	-1.0	1
1355572	1366230	-1.0	1
1366230	1380127	-1.0	1
1380127	1383999	-1.0	1
1383999	1392401	-1.0	1
1392401	1406520	-1.0	1
1406520	1411251	-1.0	1
1411251	1424999	-1.0	1
1424999	1433863	-1.0	1
1433863	1442471	-1.0	1
1442471	1452597	-1.0	1
1452597	1461012	-1.0	1
1461012	1471240	-1.0	1
1471240	1484922	-1.0	1
1484922	1494402	-1.0	1
1494402	1499062	-1.0	1
1499062	1508840	-1.0	1
1508840	1521497	-1.0	1
1521497	1528507	-1.0	1
1528507	1540526	-1.0	1
1540526	1547471	-1.0	1
1547471	1554194	-1.0	1
1554194	1568102	-1.0	1
1568102	1577233	-1.0	1
1577233	1586329	-1.0	1
1586329	1595278	-1.0	1
1595278	1604275	-1.0	1
1604275	1615400	-1.0	1
1615400	1623766	-1.0	1
1623766	1633299	-1.0	1
1633299	1645112	1360.6	1
1645112	1651064	-1.0	1
1651064	1664801	-1.0	1
1664801	1671869	-1.0	1
1671869	1683139	-1.0	1
1683139	1692350	-1.0	1
1692350	1701543	-1.0	1
1701543	1715032	-1.0	1
1715032	1719471	1340.5	1
1719471	1728877	-1.0	1
1728877	1742301	-1.0	1
1742301	1751177	-1.0	1
1751177	1761632	-1.0	1
1761632	1771173	-1.0	1
1771173	1775933	-1.0	1
1775933	1785242	-1.0	1
1785242	1799054	-1.0	1
1799054	1808797	-1.0	1
1808797	1818069	-1.0	1
1818069	1825890	-1.0	1
1825890	1839403	-1.0	1
1839403	1843597	-1.0	1
1843597	1857829	-1.0	1
1857829	1868143	-1.0	1
1868143	1874419	-1.0	1
1874419	1883808	-1.0	1
1883808	1893275	-1.0	1
1893275	1907855	-1.0	1
1907855	1913021	-1.0	1
1913021	1926540	-1.0	1
1926540	1936015	-1.0	1
1936015	1945631	-1.0	1
1945631	1960054	-1.0	1
1960054	1965299	-1.0	1
1965299	1978363	-1.0	1
1978363	1983801	-1.0	1
1983801	1993273	-1.0	1
1993273	2006778	-1.0	1
2006778	2012390	-1.0	1
2012390	2022170	-1.0	1
2022170	2031271	-1.0	1
2031271	2045595	-1.0	1
2045595	2055280	-1.0	1
2055280	2062843	-1.0	1
2062843	2073782	-1.0	1
2073782	2081327	-1.0	1
2081327	2092375	-1.0	1
2092375	2107320	-1.0	1
2107320	2112025	-1.0	1
2112025	2121572	1338.9	1
2121572	2130365	1334.7	1
2130365	2143712	-1.0	1
2143712	2154475	-1.0	1
2154475	2162734	-1.0	1
2162734	2171830	1346.5	1
2171830	2182893	-1.0	1
2182893	2192448	-1.0	1
2192448	2202339	-1.0	1
2202339	2216189	-1.0	1
2216189	2225715	-1.0	1
2225715	2230403	-1.0	1
2230403	2252133	-1.0	1
2252133	2259242	-1.0	1
2259242	2268529	-1.0	1
2268529	2282639	-1.0	1
2282639	2287242	-1.0	1
2287242	2304478	-1.0	1
2304478	2311191	-1.0	1
2311191	2318253	-1.0	1
2318253	2329880	-1.0	1
2329880	2338104	-1.0	1
2338104	2350159	-1.0	1
2350159	2357546	-1.0	1
2357546	2371534	-1.0	1
2371534	2376281	-1.0	1
2376281	2385772	-1.0	1
2385772	2399967	-1.0	1
2399967	2405318	-1.0	1
2405318	2416697	-1.0	1
2416697	2426072	1327.8	1
2426072	2433530	-1.0	1
2433530	2451464	-1.0	1
2451464	2456651	-1.0	1
2456651	2466004	-1.0	1
2466004	2475449	-1.0	1
2475449	2488149	-1.0	1
2488149	2498485	-1.0	1
2498485	2503889	-1.0	1
2503889	2517489	1293.7	1
2517489	2527043	-1.0	1
2527043	2536672	-1.0	1
2536672	2546050	-1.0	1
2546050	2561081	-1.0	1
2561081	2569353	-1.0	1
2569353	2575188	-1.0	1
2575188	2589304	-1.0	1
2589304	2593966	1311.0	1
2593966	2607484	-1.0	1
2607484	2613210	-1.0	1
2613210	2625431	-1.0	1
2625431	2636231	-1.0	1
2636231	2640934	-1.0	1
2640934	2654946	-1.0	1
2654946	2664731	-1.0	1
2664731	2677059	-1.0	1
2677059	2683222	-1.0	1
2683222	2691876	-1.0	1
2691876	2703447	-1.0	1
2703447	2711200	-1.0	1
2711200	2720550	-1.0	1
2720550	2734749	-1.0	1
2734749	2739057	-1.0	1
2739057	2754288	1338.9	1
2754288	2761071	1344.2	1
2761071	2772182	-1.0	1
2772182	2780025	-1.0	1
2780025	2789020	-1.0	1
2789020	2805874	-1.0	1
2805874	2810654	-1.0	1
2810654	2819955	-1.0	1
2819955	2829288	-1.0	1
2829288	2841976	-1.0	1
2841976	2851376	1344.9	1
2851376	2859533	1342.1	1
2859533	2869126	1306.7	1
2869126	2880310	-1.0	1
2880310	2888418	-1.0	1
2888418	2899581	-1.0	1
2899581	2911782	-1.0	1
2911782	2918328	-1.0	1
2918328	2930578	-1.0	1
2930578	2940034	-1.0	1
2940034	2953198	-1.0	1
2953198	2959635	-1.0	1
2959635	2965277	-1.0	1
2965277	2974696	-1.0	1
2974696	2988699	-1.0	1
2988699	3001236	-1.0	1
3001236	3006627	-1.0	1
3006627	3014496	-1.0	1
3014496	3026284	-1.0	1
3026284	3034538	1292.9	1
3034538	3049499	1293.7	1
3049499	3058860	-1.0	1
3058860	3064746	-1.0	1
3064746	3076097	-1.0	1
3076097	276	-1.0	1
276	3087087	-1.0	1
3087087	3096789	-1.0	1
3096789	3111072	-1.0	1
3111072	3120469	-1.0	1
3120469	3129302	-1.0	1
3129302	3138670	-1.0	1
3138670	3145761	-1.0	1
3145761	3158894	-1.0	1
3158894	3166625	-1.0	1
3166625	3180675	-1.0	1
3180675	3185784	-1.0	1
3185784	3194793	-1.0	1
3194793	3206962	-1.0	1
3206962	3218299	-1.0	1
3218299	3224146	-1.0	1
3224146	3235890	-1.0	1
3235890	3242938	-1.0	1
3242938	3255932	-1.0	1
3255932	3264263	-1.0	1
3264263	3274673	-1.0	1
3274673	3284140	-1.0	1
3284140	3292492	-1.0	1
3292492	3307581	-1.0	1
3307581	3317014	-1.0	1
3317014	3323727	-1.0	1
3323727	3335817	-1.0	1
3335817	3345142	-1.0	1
3345142	3354610	-1.0	1
3354610	3364095	1290.3	1
3364095	3371641	1335.2	1
3371641	3384661	1380.1	1
3384661	3392342	1329.4	1
3392342	3401751	1278.7	1
3401751	3410741	-1.0	1
3410741	3420632	-1.0	1
3420632	3434786	-1.0	1
3434786	3439518	-1.0	1
3439518	3445159	-1.0	1
3445159	3452082	-1.0	1
3452082	3460532	-1.0	1
3460532	3473661	-1.0	1
3473661	3483138	-1.0	1
3483138	3492429	-1.0	1
3492429	3501913	-1.0	1
3501913	3510293	-1.0	1
3510293	3521219	-1.0	1
3521219	3531792	-1.0	1
3531792	3539359	1289.7	1
3539359	3553535	1297.3	1
3553535	3560174	1304.9	1
3560174	3572120	-1.0	1
3572120	3580871	-1.0	1
3580871	3589306	-1.0	1
3589306	3598169	-1.0	1
3598169	3609081	-1.0	1
3609081	3619666	-1.0	1
3619666	3628039	-1.0	1
3628039	3637300	-1.0	1
3637300	3651191	-1.0	1
3651191	3655844	-1.0	1
3655844	3671190	-1.0	1
3671190	3679417	-1.0	1
3679417	3684134	-1.0	1
3684134	3698207	-1.0	1
3698207	3706765	-1.0	1
3706765	3716990	-1.0	1
3716990	3727429	-1.0	1
3727429	3736928	-1.0	1
3736928	3743651	-1.0	1
3743651	3756477	-1.0	1
3756477	3765747	-1.0	1
3765747	3775894	-1.0	1
3775894	3782965	-1.0	1
3782965	3796167	-1.0	1
3796167	3801065	-1.0	1
3801065	3814227	-1.0	1
3814227	3823641	-1.0	1
3823641	3831427	1315.0	1
3831427	3843949	1317.3	1
3843949	3853539	1319.7	1
3853539	3862809	1271.4	1
3862809	3872370	1223.9	1
3872370	3880147	1282.2	1
3880147	3891003	1282.1	1
3891003	3901222	-1.0	1
3901222	3913444	-1.0	1
3913444	3923953	-1.0	1
3923953	3933437	-1.0	1
3933437	3942884	-1.0	1
3942884	3947632	-1.0	1
3947632	3961756	-1.0	1
3961756	3971073	-1.0	1
3971073	3981047	-1.0	1
3981047	3989971	-1.0	1
3989971	3999308	-1.0	1
3999308	4009912	-1.0	1
4009912	4018120	-1.0	1
4018120	4031181	-1.0	1
4031181	4037084	-1.0	1
4037084	4046525	-1.0	1
4046525	4060635	-1.0	1
4060635	4065767	-1.0	1
4065767	4077705	1232.1	1
4077705	4086896	1229.7	1
4086896	4097348	1291.5	1
4097348	4112356	-1.0	1
4112356	4116947	-1.0	1
4116947	4126276	-1.0	1
4126276	4135612	-1.0	1
4135612	4145781	-1.0	1
4145781	4158094	-1.0	1
4158094	4164004	-1.0	1
4164004	4173623	-1.0	1
4173623	4187256	-1.0	1
4187256	4192392	-1.0	1
4192392	4205900	-1.0	1
4205900	4215162	1255.4	1
4215162	4224530	-1.0	1
4224530	4233836	-1.0	1
4233836	4244227	-1.0	1
4244227	4254434	-1.0	1
4254434	4261959	-1.0	1
4261959	4271476	-1.0	1
4271476	4280949	-1.0	1
4280949	4292287	-1.0	1
4292287	4302877	-1.0	1
4302877	4312017	-1.0	1
4312017	4323152	-1.0	1
4323152	4330253	-1.0	1
4330253	4340352	-1.0	1
4340352	4351560	-1.0	1
4351560	4363944	-1.0	1
4363944	4371136	-1.0	1
4371136	4379614	-1.0	1
4379614	4390034	-1.0	1
4390034	4404681	-1.0	1
4404681	4412952	-1.0	1
4412952	4418555	-1.0	1
4418555	4431796	-1.0	1
4431796	4440013	-1.0	1
4440013	4450446	-1.0	1
4450446	4457450	-1.0	1
4457450	4467177	-1.0	1
4467177	4478276	-1.0	1
4478276	4487676	-1.0	1
4487676	4501768	-1.0	1
4501768	4510080	-1.0	1
4510080	4515870	-1.0	1
4515870	4525376	-1.0	1
4525376	4538266	-1.0	1
4538266	4548826	1340.1	1
4548826	4554035	1281.8	1
4554035	4567802	-1.0	1
4567802	4577359	-1.0	1
4577359	4581994	-1.0	1
4581994	4599586	-1.0	1
4599586	4605754	-1.0	1
4605754	4615162	-1.0	1
4615162	4625425	-1.0	1
4625425	4634073	-1.0	1
4634073	4644838	-1.0	1
4644838	4653474	-1.0	1
4653474	4667275	-1.0	1
4667275	4671942	-1.0	1
4671942	4681239	-1.0	1
4681239	4695468	-1.0	1
4695468	4705056	-1.0	1
4705056	4714362	-1.0	1
4714362	4721762	-1.0	1
4721762	4730725	-1.0	1
4730725	4742635	-1.0	1
4742635	4752133	-1.0	1
4752133	4761573	-1.0	1
4761573	4774061	-1.0	1
4774061	4780255	-1.0	1
4780255	4793478	-1.0	1
4793478	4804136	-1.0	1
4804136	4813628	-1.0	1
4813628	4820721	-1.0	1
4820721	4827866	-1.0	1
4827866	4842047	-1.0	1
4842047	4852127	-1.0	1
4852127	4860714	-1.0	1
4860714	4870116	-1.0	1
4870116	4878965	-1.0	1
4878965	4891829	-1.0	1
4891829	4898520	-1.0	1
4898520	4912538	-1.0	1
4912538	4917265	-1.0	1
4917265	4926635	1292.5	1
4926635	4940582	1308.4	1
4940582	4948469	1326.2	1
4948469	4956760	-1.0	1
4956760	4967069	-1.0	1
4967069	4976516	-1.0	1
4976516	4987890	-1.0	1
4987890	4994912	-1.0	1
4994912	5004776	-1.0	1
5004776	5012162	-1.0	1
5012162	5025626	1326.0	1
5025626	5038751	1349.6	1
5038751	5049008	-1.0	1
5049008	5056095	-1.0	1
5056095	5067925	-1.0	1
5067925	5075086	-1.0	1
5075086	5090253	-1.0	1
5090253	5096070	-1.0	1
5096070	5105520	-1.0	1
5105520	5114488	-1.0	1
5114488	5123865	-1.0	1
5123865	5136093	-1.0	1
5136093	5147368	-1.0	1
5147368	5152077	-1.0	1
5152077	5166247	-1.0	1
5166247	5174568	-1.0	1
5174568	5185072	-1.0	1
5185072	5193951	-1.0	1
5193951	5203853	-1.0	1
5203853	5213253	-1.0	1
5213253	5220410	-1.0	1
5220410	5231975	-1.0	1
5231975	5243298	-1.0	1
5243298	5250576	-1.0	1
5250576	5259650	-1.0	1
5259650	5269109	-1.0	1
5269109	5281958	-1.0	1
5281958	5287955	-1.0	1
5287955	5301802	-1.0	1
5301802	5309395	-1.0	1
5309395	5315953	-1.0	1
5315953	5330130	-1.0	1
5330130	5342297	-1.0	1
5342297	5349023	-1.0	1
5349023	5358643	-1.0	1
5358643	5368114	-1.0	1
5368114	5380326	-1.0	1
5380326	5387336	-1.0	1
5387336	5396446	-1.0	1
5396446	5405778	-1.0	1
5405778	5418210	-1.0	1
5418210	5433080	-1.0	1
5433080	5436912	-1.0	1
5436912	5447749	1355.3	1
5447749	5455795	-1.0	1
5455795	5465027	-1.0	1
5465027	5477217	-1.0	1
5477217	5489195	-1.0	1
5489195	5495081	-1.0	1
5495081	5504441	-1.0	1
5504441	5518312	-1.0	1
5518312	5527483	-1.0	1
5527483	5537291	-1.0	1
5537291	5546765	1241.5	1
5546765	5551467	1337.3	1
5551467	5563093	-1.0	1
5563093	5573047	-1.0	1
5573047	5583702	-1.0	1
5583702	5595955	-1.0	1
5595955	5602549	-1.0	1
5602549	5614796	-1.0	1
5614796	5624915	-1.0	1
5624915	5633508	-1.0	1
5633508	5644791	-1.0	1
5644791	5654072	-1.0	1
5654072	5661644	-1.0	1
5661644	5677832	-1.0	1
5677832	5682547	-1.0	1
5682547	5691865	-1.0	1
5691865	5701296	-1.0	1
5701296	5712980	-1.0	1
5712980	5722811	1244.7	1
5722811	5734090	1311.7	1
5734090	5740238	-1.0	1
5740238	5748121	-1.0	1
5748121	5762052	-1.0	1
5762052	5775722	-1.0	1
5775722	5780334	-1.0	1
5780334	5789555	1341.5	1
5789555	5798885	1285.8	1
5798885	5812992	1318.8	1
5812992	5822503	-1.0	1
5822503	5832062	-1.0	1
5832062	5841393	-1.0	1
5841393	5849800	-1.0	1
5849800	5864135	-1.0	1
5864135	5873186	-1.0	1
5873186	5877734	-1.0	1
5877734	5888820	-1.0	1
5888820	5895064	1309.2	1
5895064	5909695	1311.5	1
5909695	5917608	1313.8	1
5917608	5923781	1302.9	1
5923781	5933634	-1.0	1
5933634	5942714	-1.0	1
5942714	5960125	-1.0	1
5960125	5966481	-1.0	1
5966481	5974004	1287.5	1
5974004	5982711	1302.1	1
5982711	5992992	1301.7	1
5992992	6004588	-1.0	1
6004588	6014068	-1.0	1
6014068	6027124	-1.0	1
6027124	6035906	1300.1	1
6035906	6042690	1297.5	1
6042690	6056625	-1.0	1
6056625	6062028	-1.0	1
6062028	6076477	-1.0	1
6076477	6085901	1290.7	1
6085901	6095012	-1.0	1
6095012	6104260	-1.0	1
6104260	6113178	-1.0	1
6113178	6122304	-1.0	1
6122304	6131436	-1.0	1
6131436	6140599	-1.0	1
6140599	6151731	-1.0	1
6151731	6163532	-1.0	1
6163532	6167997	-1.0	1
6167997	6180917	-1.0	1
6180917	6189560	-1.0	1
6189560	6199806	-1.0	1
6199806	6208791	-1.0	1
6208791	6215706	-1.0	1
6215706	6227200	-1.0	1
6227200	6234623	-1.0	1
6234623	6245902	-1.0	1
6245902	6254658	-1.0	1
6254658	6263572	-1.0	1
6263572	6272651	-1.0	1
6272651	6285467	-1.0	1
6285467	6293789	-1.0	1
6293789	6300249	-1.0	1
6300249	6312017	-1.0	1
6312017	6323167	-1.0	1
6323167	6332057	-1.0	1
6332057	6341166	-1.0	1
6341166	6350243	-1.0	1
6350243	6357170	-1.0	1
6357170	6368703	-1.0	1
6368703	6377836	-1.0	1
6377836	6392670	-1.0	1
6392670	6400741	-1.0	1
6400741	6408963	-1.0	1
6408963	6419116	-1.0	1
6419116	6441097	-1.0	1
6441097	6445463	-1.0	1
6445463	6454825	-1.0	1
6454825	6465542	-1.0	1
6465542	6473020	-1.0	1
6473020	6485722	-1.0	1
6485722	6495252	-1.0	1
6495252	6504910	-1.0	1
6504910	6514455	-1.0	1
6514455	6524048	-1.0	1
6524048	6535248	-1.0	1
6535248	6542907	-1.0	1
6542907	6555999	-1.0	1
6555999	6561694	-1.0	1
6561694	6572029	-1.0	1
6572029	6584235	-1.0	1
6584235	6590401	-1.0	1
6590401	6601084	-1.0	1
6601084	6607649	-1.0	1
6607649	6620398	-1.0	1
6620398	6634006	-1.0	1
6634006	6638454	-1.0	1
6638454	6647508	-1.0	1
6647508	6660426	-1.0	1
6660426	6665546	-1.0	1
6665546	6679126	-1.0	1
6679126	6684958	-1.0	1
6684958	6693716	-1.0	1
6693716	6703321	-1.0	1
6703321	6710463	-1.0	1
6710463	6721283	-1.0	1
6721283	6731709	-1.0	1
6731709	6740906	-1.0	1
6740906	6754085	-1.0	1
6754085	6759727	-1.0	1
6759727	6769221	-1.0	1
6769221	6783293	-1.0	1
6783293	6792591	-1.0	1
6792591	6803849	-1.0	1
6803849	6811737	-1.0	1
6811737	6821356	-1.0	1
6821356	6845090	-1.0	1
6845090	6849717	-1.0	1
6849717	6860506	1336.9	1
6860506	6868118	-1.0	1
6868118	6877434	-1.0	1
6877434	6889932	-1.0	1
6889932	6896675	-1.0	1
6896675	6906139	-1.0	1
6906139	6914099	-1.0	1
6914099	6923616	-1.0	1
6923616	6936902	-1.0	1
6936902	6944516	-1.0	1
6944516	6955206	-1.0	1
6955206	6963254	-1.0	1
6963254	6973361	-1.0	1
6973361	6982594	-1.0	1
6982594	6994323	-1.0	1
6994323	7005006	-1.0	1
7005006	7009931	-1.0	1
7009931	7019026	-1.0	1
7019026	7034050	-1.0	1
7034050	7041399	-1.0	1
7041399	7051238	-1.0	1
7051238	7059631	-1.0	1
7059631	7065555	-1.0	1
7065555	7083297	-1.0	1
7083297	7087764	-1.0	1
7087764	7096789	-1.0	1
7096789	7107210	-1.0	1
7107210	7115248	-1.0	1
7115248	7126447	-1.0	1
7126447	7134618	-1.0	1
7134618	7143791	-1.0	1
7143791	7156572	-1.0	1
7156572	7161682	-1.0	1
7161682	7175493	-1.0	1
7175493	7183381	-1.0	1
7183381	7195627	-1.0	1
7195627	7203043	-1.0	1
7203043	7215336	-1.0	1
7215336	7226069	-1.0	1
7226069	7237058	1336.3	1
7237058	7242190	-1.0	1
7242190	7251751	-1.0	1
7251751	7261073	-1.0	1
7261073	7273664	-1.0	1
7273664	7281678	-1.0	1
7281678	7293451	-1.0	1
7293451	7298900	-1.0	1
7298900	7308052	-1.0	1
7308052	7321126	-1.0	1
7321126	7331543	-1.0	1
7331543	7339424	-1.0	1
7339424	7348702	-1.0	1
7348702	7356806	-1.0	1
7356806	7369345	-1.0	1
7369345	7376158	-1.0	1
7376158	7390015	1332.4	1
7390015	7394694	1309.5	1
7394694	7404721	-1.0	1
7404721	7417808	-1.0	1
7417808	7425892	-1.0	1
7425892	7435966	-1.0	1
7435966	7445115	-1.0	1
7445115	7451704	-1.0	1
7451704	7464238	-1.0	1
7464238	7472577	-1.0	1
7472577	7484839	-1.0	1
7484839	7490652	-1.0	1
7490652	7500136	-1.0	1
7500136	7513681	-1.0	1
7513681	7520154	-1.0	1
7520154	7527528	-1.0	1
7527528	7539052	-1.0	1
7539052	7550447	-1.0	1
7550447	7560532	-1.0	1
7560532	7568923	-1.0	1
7568923	7581442	-1.0	1
7581442	7585631	-1.0	1
7585631	7596805	-1.0	1
7596805	7605681	-1.0	1
7605681	7614788	-1.0	1
7614788	7624008	-1.0	1
7624008	7637937	-1.0	1
7637937	7642567	-1.0	1
7642567	7656414	-1.0	1
7656414	7662846	-1.0	1
7662846	7671962	-1.0	1
7671962	7682330	-1.0	1
7682330	7692926	-1.0	1
7692926	7705828	-1.0	1
7705828	7715211	-1.0	1
7715211	7720735	-1.0	1
7720735	7734660	-1.0	1
7734660	7750265	-1.0	1
7750265	7758670	-1.0	1
7758670	7766848	-1.0	1
7766848	7776073	-1.0	1
7776073	7789909	-1.0	1
7789909	7798985	-1.0	1
7798985	7807142	-1.0	1
7807142	7817777	-1.0	1
7817777	7826648	-1.0	1
7826648	7834430	-1.0	1
7834430	7847455	-1.0	1
7847455	7854202	-1.0	1
7854202	7863613	-1.0	1
7863613	7876064	-1.0	1
7876064	7882042	-1.0	1
7882042	7902707	-1.0	1
7902707	7914038	-1.0	1
7914038	7923659	-1.0	1
7923659	7933388	-1.0	1
7933388	7942139	-1.0	1
7942139	7952999	-1.0	1
7952999	7960945	1305.7	1
7960945	7970123	-1.0	1
7970123	7979137	-1.0	1
7979137	7990420	-1.0	1
7990420	8000044	-1.0	1
8000044	8006888	-1.0	1
8006888	8020644	-1.0	1
8020644	8025257	-1.0	1
8025257	8042272	-1.0	1
8042272	8046795	-1.0	1
8046795	8057379	-1.0	1
8057379	8069251	-1.0	1
8069251	8074780	-1.0	1
8074780	8085558	-1.0	1
8085558	8094221	-1.0	1
8094221	8106828	-1.0	1
8106828	8112719	-1.0	1
8112719	8124874	-1.0	1
8124874	8139266	-1.0	1
8139266	8145346	-1.0	1
8145346	8155101	-1.0	1
8155101	8161726	-1.0	1
8161726	8171066	-1.0	1
8171066	8182479	-1.0	1
8182479	8191765	-1.0	1
8191765	8200970	-1.0	1
8200970	8210277	-1.0	1
8210277	8219817	-1.0	1
8219817	8231139	-1.0	1
8231139	8237914	-1.0	1
8237914	8246908	-1.0	1
8246908	8260728	-1.0	1
8260728	8265398	-1.0	1
8265398	8279139	-1.0	1
8279139	8288087	-1.0	1
8288087	8297527	-1.0	1
8297527	8303974	-1.0	1
8303974	8325467	-1.0	1
8325467	8334215	-1.0	1
8334215	8347058	-1.0	1
8347058	8352733	-1.0	1
8352733	8361907	-1.0	1
8361907	8374713	-1.0	1
8374713	8380363	-1.0	1
8380363	8394206	-1.0	1
8394206	8398885	-1.0	1
8398885	8412698	-1.0	1
8412698	8421999	-1.0	1
8421999	8431393	-1.0	1
8431393	8443827	-1.0	1
8443827	8449768	-1.0	1
8449768	8457441	-1.0	1
8457441	8472786	-1.0	1
8472786	8477386	-1.0	1
8477386	8486628	-1.0	1
8486628	8495702	-1.0	1
8495702	8509372	-1.0	1
8509372	8518555	-1.0	1
8518555	8526345	-1.0	1
8526345	8537166	-1.0	1
8537166	8547397	-1.0	1
8547397	8552888	1351.9	1
8552888	8569265	1283.5	1
8569265	8573822	-1.0	1
8573822	8587579	-1.0	1
8587579	8592196	-1.0	1
8592196	8601432	-1.0	1
8601432	8611826	-1.0	1
8611826	8621457	1250.6	1
8621457	8630798	-1.0	1
8630798	8638359	-1.0	1
8638359	8653201	-1.0	1
8653201	8661981	-1.0	1
8661981	8671607	-1.0	1
8671607	8681183	1303.5	1
8681183	8690764	1296.2	1
8690764	8700014	-1.0	1
8700014	8713384	-1.0	1
8713384	8719280	-1.0	1
8719280	8732942	-1.0	1
8732942	8741908	-1.0	1
8741908	8746629	-1.0	1
8746629	8761893	-1.0	1
8761893	8769710	-1.0	1
8769710	8778853	-1.0	1
8778853	8784596	-1.0	1
8784596	8797153	-1.0	1
8797153	8810804	-1.0	1
8810804	8815388	-1.0	1
8815388	8834356	-1.0	1
8834356	8842522	-1.0	1
8842522	8855665	-1.0	1
8855665	8861387	-1.0	1
8861387	8871913	-1.0	1
8871913	8881121	-1.0	1
8881121	8888232	-1.0	1
8888232	8902205	-1.0	1
8902205	8913508	1330.8	1
8913508	8920522	1294.9	1
8920522	8938322	-1.0	1
8938322	8948918	-1.0	1
8948918	8957199	-1.0	1
8957199	8969865	-1.0	1
8969865	8975525	-1.0	1
8975525	8989437	-1.0	1
8989437	9003130	-1.0	1
9003130	9007711	-1.0	1
9007711	9016534	-1.0	1
9016534	9025802	-1.0	1
9025802	9044147	-1.0	1
9044147	9055410	-1.0	1
9055410	9065131	-1.0	1
9065131	9076423	-1.0	1
9076423	9083046	-1.0	1
9083046	9094747	-1.0	1
9094747	9100400	-1.0	1
9100400	9112882	-1.0	1
9112882	9117381	-1.0	1
9117381	9131174	-1.0	1
9131174	9140368	-1.0	1
9140368	9151139	1292.1	1
9151139	9163289	-1.0	1
9163289	9167964	-1.0	1
9167964	9190982	-1.0	1
9190982	9195566	-1.0	1
9195566	9209308	-1.0	1
9209308	9218451	-1.0	1
9218451	9223047	-1.0	1
9223047	9236928	-1.0	1
9236928	9246122	1222.7	1
9246122	9254993	-1.0	1
9254993	9262189	-1.0	1
9262189	9273861	-1.0	1
9273861	9287505	-1.0	1
9287505	9292205	-1.0	1
9292205	9301422	-1.0	1
9301422	9313142	-1.0	1
9313142	9319811	-1.0	1
9319811	9330215	-1.0	1
9330215	9339626	-1.0	1
9339626	9348845	-1.0	1
9348845	9358096	-1.0	1
9358096	9370037	-1.0	1
9370037	9379141	-1.0	1
9379141	9387380	-1.0	1
9387380	9397602	-1.0	1
9397602	9406484	-1.0	1
9406484	9416193	-1.0	1
9416193	9426530	-1.0	1
9426530	9438007	-1.0	1
9438007	9448662	1336.2	1
9448662	9453279	1345.3	1
9453279	9466764	-1.0	1
9466764	9475874	-1.0	1
9475874	9484972	-1.0	1
9484972	9494015	-1.0	1
9494015	9499834	-1.0	1
9499834	9512051	1352.1	1
9512051	9521822	-1.0	1
9521822	9532235	-1.0	1
9532235	9541948	-1.0	1
9541948	9550570	-1.0	1
9550570	9560090	-1.0	1
9560090	9571669	-1.0	1
9571669	9583875	-1.0	1
9583875	9590133	-1.0	1
9590133	9597975	-1.0	1
9597975	9607451	-1.0	1
9607451	9623671	-1.0	1
9623671	9631074	-1.0	1
9631074	9640473	-1.0	1
9640473	9651543	-1.0	1
9651543	9658675	-1.0	1
9658675	9668759	-1.0	1
9668759	9677908	-1.0	1
9677908	9691876	-1.0	1
9691876	9696674	-1.0	1
9696674	9709968	-1.0	1
9709968	9722832	-1.0	1
9722832	9726288	-1.0	1
9726288	9739400	-1.0	1
9739400	9745819	-1.0	1
9745819	9758318	-1.0	1
9758318	9773965	-1.0	1
9773965	9779121	-1.0	1
9779121	9788372	-1.0	1
9788372	9797992	-1.0	1
9797992	9807540	-1.0	1
9807540	9818943	-1.0	1
9818943	9827700	-1.0	1
9827700	9840413	-1.0	1
9840413	9849161	-1.0	1
9849161	9859142	-1.0	1
9859142	9868511	-1.0	1
9868511	9875961	-1.0	1
9875961	9887121	-1.0	1
9887121	9896448	-1.0	1
9896448	9905867	-1.0	1
9905867	9920208	-1.0	1
9920208	9929557	-1.0	1
9929557	9936714	-1.0	1
9936714	9948499	-1.0	1
9948499	9955142	-1.0	1
9955142	9967471	-1.0	1
9967471	9976236	-1.0	1
9976236	9986230	-1.0	1
9986230	9991088	-1.0	1
9991088	10001679	-1.0	1
10001679	10014452	-1.0	1
10014452	10023821	-1.0	1
10023821	10033065	-1.0	1
10033065	10044604	-1.0	1
10044604	10056290	-1.0	1
10056290	10070296	-1.0	1
10070296	10074717	-1.0	1
10074717	10083890	-1.0	1
10083890	10095346	1334.7	1
10095346	10102436	1314.6	1
10102436	10113170	1294.5	1
10113170	10121837	1297.9	1
10121837	10131100	-1.0	1
10131100	10140278	-1.0	1
10140278	10149561	-1.0	1
10149561	10163487	-1.0	1
10163487	10172909	-1.0	1
10172909	10182493	1342.7	1
10182493	10188846	-1.0	1
10188846	10201069	-1.0	1
10201069	10211015	-1.0	1
10211015	10225078	-1.0	1
10225078	10229752	-1.0	1
10229752	10241278	-1.0	1
10241278	10248654	-1.0	1
10248654	10262700	-1.0	1
10262700	10269469	-1.0	1
10269469	10277006	-1.0	1
10277006	10291040	-1.0	1
10291040	10296965	-1.0	1
10296965	10309923	-1.0	1
10309923	10319318	-1.0	1
10319318	10328632	-1.0	1
10328632	10337337	-1.0	1
10337337	10347232	-1.0	1
10347232	10359019	-1.0	1
10359019	10365936	-1.0	1
10365936	10380045	-1.0	1
10380045	10384763	-1.0	1
10384763	10394055	-1.0	1
10394055	10412357	-1.0	1
10412357	10417611	-1.0	1
10417611	10427378	-1.0	1
10427378	10436520	-1.0	1
10436520	10442732	-1.0	1
10442732	10456918	-1.0	1
10456918	10464922	-1.0	1
10464922	10476370	-1.0	1
10476370	10483742	-1.0	1
10483742	10493072	-1.0	1
10493072	10506016	-1.0	1
10506016	10516570	-1.0	1
10516570	10526139	-1.0	1
10526139	10536280	-1.0	1
10536280	10545440	-1.0	1
10545440	10554425	-1.0	1
10554425	10569041	-1.0	1
10569041	10573594	1294.3	1
10573594	10587597	-1.0	1
10587597	10592385	-1.0	1
10592385	10606736	-1.0	1
10606736	10616164	-1.0	1
10616164	10625450	-1.0	1
10625450	10631440	-1.0	1
10631440	10639649	-1.0	1
10639649	10654045	-1.0	1
10654045	10663147	-1.0	1
10663147	10675663	1311.2	1
10675663	10681938	1301.5	1
10681938	10691203	-1.0	1
10691203	10700524	-1.0	1
10700524	10714292	-1.0	1
10714292	10718955	-1.0	1
10718955	10733115	-1.0	1
10733115	10739593	-1.0	1
10739593	10752276	-1.0	1
10752276	10761597	-1.0	1
10761597	10770501	-1.0	1
10770501	10785760	-1.0	1
10785760	10788926	1291.9	1
10788926	10799718	1230.7	1
10799718	10812907	1261.6	1
10812907	10820175	-1.0	1
10820175	10835488	-1.0	1
10835488	10840224	-1.0	1
10840224	10850426	-1.0	1
10850426	10865819	-1.0	1
10865819	10875729	-1.0	1
10875729	10882163	-1.0	1
10882163	10895521	-1.0	1
10895521	10901887	-1.0	1
10901887	10914368	-1.0	1
10914368	10923757	-1.0	1
10923757	10933247	-1.0	1
10933247	10947252	-1.0	1
10947252	10951673	-1.0	1
10951673	10966174	-1.0	1
10966174	10970739	-1.0	1
10970739	10984682	-1.0	1
10984682	10994208	-1.0	1
10994208	10998929	-1.0	1
10998929	11013042	-1.0	1
11013042	11022189	-1.0	1
11022189	11031077	-1.0	1
11031077	11040956	-1.0	1
11040956	11050363	-1.0	1
11050363	11061787	-1.0	1
11061787	11068956	-1.0	1
11068956	11083036	-1.0	1
11083036	11089815	-1.0	1
11089815	11097216	-1.0	1
11097216	11111223	-1.0	1
11111223	11120980	-1.0	1
11120980	11131289	-1.0	1
11131289	11136467	-1.0	1
11136467	11145189	-1.0	1
11145189	11157898	-1.0	1
11157898	11167155	-1.0	1
11167155	11176496	-1.0	1
11176496	11185709	-1.0	1
11185709	11195138	-1.0	1
11195138	11214153	-1.0	1
11214153	11223758	-1.0	1
11223758	11232765	1339.9	1
11232765	11242627	1369.8	1
11242627	11252110	1329.3	1
11252110	11261730	1288.9	1
11261730	11275679	1292.9	1
11275679	11280163	1328.6	1
11280163	11289530	-1.0	1
11289530	11308040	-1.0	1
11308040	11318286	-1.0	1
11318286	11327727	-1.0	1
11327727	11337744	-1.0	1
11337744	11346302	-1.0	1
11346302	11355572	1332.7	1
11355572	11363772	1338.1	1
11363772	11375538	1332.7	1
11375538	11385743	-1.0	1
11385743	11397275	-1.0	1
11397275	11402046	-1.0	1
11402046	11411367	-1.0	1
11411367	11420619	-1.0	1
11420619	11434737	-1.0	1
11434737	11441732	-1.0	1
11441732	11448943	-1.0	1
11448943	11461731	1315.0	1
11461731	11469389	1304.0	1
11469389	11484234	-1.0	1
11484234	11490392	-1.0	1
11490392	11499778	-1.0	1
11499778	11509225	-1.0	1
11509225	11518583	-1.0	1
11518583	11532752	-1.0	1
11532752	11539710	-1.0	1
11539710	11551105	-1.0	1
11551105	11560355	-1.0	1
11560355	11564971	1292.3	1
11564971	11579138	-1.0	1
11579138	11588072	-1.0	1
11588072	11598281	-1.0	1
11598281	11606725	-1.0	1
11606725	11616703	-1.0	1
11616703	11627897	-1.0	1
11627897	11638011	-1.0	1
11638011	11648736	-1.0	1
11648736	11654122	-1.0	1
11654122	11666290	-1.0	1
11666290	11677478	-1.0	1
11677478	11684089	-1.0	1
11684089	11696252	1334.2	1
11696252	11700932	1343.7	1
11700932	11715171	1345.9	1
11715171	11724683	-1.0	1
11724683	11734008	-1.0	1
11734008	11744734	-1.0	1
11744734	11752222	-1.0	1
11752222	11762030	1294.7	1
11762030	11774260	1266.0	1
11774260	11780860	1237.3	1
11780860	11792633	1339.5	1
11792633	11799859	1310.0	1
11799859	11809403	-1.0	1
11809403	11822472	-1.0	1
11822472	11832774	-1.0	1
11832774	11840759	-1.0	1
11840759	11848076	-1.0	1
11848076	11860162	-1.0	1
11860162	11871003	-1.0	1
11871003	11880511	1223.9	1
11880511	11889723	1354.7	1
11889723	11899046	1364.4	1
11899046	11908344	1322.5	1
11908344	11922446	1280.5	1
11922446	11931676	-1.0	1
11931676	11936376	-1.0	1
11936376	11946328	-1.0	1
11946328	11955214	-1.0	1
11955214	11969304	-1.0	1
11969304	11978766	-1.0	1
11978766	11987153	-1.0	1
11987153	11997234	-1.0	1
11997234	12005206	-1.0	1
12005206	12020106	-1.0	1
12020106	12024806	-1.0	1
12024806	12034114	-1.0	1
12034114	12045619	-1.0	1
12045619	12057374	-1.0	1
12057374	12066696	-1.0	1
12066696	12079674	-1.0	1
12079674	12085353	-1.0	1
12085353	12096277	-1.0	1
12096277	12104027	-1.0	1
12104027	12117553	-1.0	1
12117553	12127346	-1.0	1
12127346	12136726	-1.0	1
12136726	12142726	-1.0	1
12142726	12155450	-1.0	1
12155450	12168853	-1.0	1
12168853	12173861	-1.0	1
12173861	12182900	-1.0	1
12182900	12194030	-1.0	1
12194030	12201712	-1.0	1
12201712	12215652	-1.0	1
12215652	12225002	-1.0	1
12225002	12229681	-1.0	1
12229681	12240035	-1.0	1
12240035	12253267	-1.0	1
12253267	12262539	-1.0	1
12262539	12271840	-1.0	1
12271840	12279774	-1.0	1
12279774	12289272	-1.0	1
12289272	12298439	-1.0	1
12298439	12313666	-1.0	1
12313666	12318370	-1.0	1
12318370	12332433	-1.0	1
12332433	12338704	-1.0	1
12338704	12351097	-1.0	1
12351097	12360554	-1.0	1
12360554	12369851	-1.0	1
12369851	12379302	-1.0	1
12379302	12388702	-1.0	1
12388702	12407562	-1.0	1
12407562	12416739	-1.0	1
12416739	12426196	-1.0	1
12426196	12435043	-1.0	1
12435043	12444460	-1.0	1
12444460	12455821	-1.0	1
12455821	12467000	-1.0	1
12467000	12472669	-1.0	1
12472669	12482110	-1.0	1
12482110	12491555	-1.0	1
12491555	12505561	-1.0	1
12505561	12514131	-1.0	1
12514131	12520765	-1.0	1
12520765	12533666	-1.0	1
12533666	12542933	-1.0	1
12542933	12556967	-1.0	1
12556967	12563234	-1.0	1
12563234	12572685	1303.3	1
12572685	12580261	1271.6	1
12580261	12591087	-1.0	1
12591087	12603129	-1.0	1
12603129	12612243	-1.0	1
12612243	12618629	-1.0	1
12618629	12626409	-1.0	1
12626409	12636909	-1.0	1
12636909	12651454	-1.0	1
12651454	12659115	-1.0	1
12659115	12668392	-1.0	1
12668392	12677066	1310.3	1
12677066	12686436	1377.4	1
12686436	12701149	1271.4	1
12701149	12709824	1304.5	1
12709824	12719763	-1.0	1
12719763	12728661	-1.0	1
12728661	12734073	-1.0	1
12734073	12748064	-1.0	1
12748064	12756144	-1.0	1
12756144	12770067	-1.0	1
12770067	12772161	-1.0	1
12772161	12785369	-1.0	1
12785369	12794646	-1.0	1
12794646	12803966	-1.0	1
12803966	12813386	-1.0	1
12813386	12822524	-1.0	1
12822524	12831721	-1.0	1
12831721	12845708	-1.0	1
12845708	12851584	-1.0	1
12851584	12864844	-1.0	1
12864844	12870761	-1.0	1
12870761	12878739	-1.0	1
12878739	12892836	-1.0	1
12892836	12902115	-1.0	1
12902115	12910932	-1.0	1
12910932	12920927	-1.0	1
12920927	12929327	-1.0	1
12929327	12943257	-1.0	1
12943257	12953713	-1.0	1
12953713	12958478	-1.0	1
12958478	12972044	-1.0	1
12972044	12981538	-1.0	1
12981538	12991257	-1.0	1
12991257	13000268	-1.0	1
13000268	13009635	-1.0	1
13009635	13022988	-1.0	1
13022988	13042772	-1.0	1
13042772	13047059	-1.0	1
13047059	13061374	-1.0	1
13061374	13070670	-1.0	1
13070670	13075431	-1.0	1
13075431	13085733	-1.0	1
13085733	13093895	-1.0	1
13093895	13103186	1247.3	1
13103186	13112456	1235.6	1
13112456	13121474	-1.0	1
13121474	13135688	-1.0	1
13135688	13143951	-1.0	1
13143951	13154133	-1.0	1
13154133	13162876	-1.0	1
13162876	13174290	-1.0	1
13174290	13186952	-1.0	1
13186952	13195995	-1.0	1
13195995	13200981	-1.0	1
13200981	13213909	-1.0	1
13213909	13219859	-1.0	1
13219859	13238245	-1.0	1
13238245	13241720	-1.0	1
13241720	13252449	-1.0	1
13252449	13260521	-1.0	1
13260521	13267774	-1.0	1
13267774	13280260	-1.0	1
13280260	13293212	-1.0	1
13293212	13299718	-1.0	1
13299718	13308848	-1.0	1
13308848	13319668	-1.0	1
13319668	13331649	-1.0	1
13331649	13336687	-1.0	1
13336687	13346823	1295.3	1
13346823	13359798	-1.0	1
13359798	13369898	-1.0	1
13369898	13378858	-1.0	1
13378858	13387556	-1.0	1
13387556	13397429	-1.0	1
13397429	13407112	-1.0	1
13407112	13415355	-1.0	1
13415355	13429266	-1.0	1
13429266	13438557	-1.0	1
13438557	13448095	-1.0	1
13448095	13457427	-1.0	1
13457427	13465934	-1.0	1
13465934	13481472	-1.0	1
13481472	13491297	-1.0	1
13491297	13495190	-1.0	1
13495190	13507026	-1.0	1
13507026	13518256	-1.0	1
13518256	13528879	-1.0	1
13528879	13533510	-1.0	1
13533510	13547477	-1.0	1
13547477	13552992	-1.0	1
13552992	13565851	-1.0	1
13565851	13580179	-1.0	1
13580179	13584887	-1.0	1
13584887	13593430	-1.0	1
13593430	13605316	-1.0	1
13605316	13611996	-1.0	1
13611996	13626563	-1.0	1
13626563	13631164	-1.0	1
13631164	13640562	-1.0	1
13640562	13651124	-1.0	1
13651124	13659186	-1.0	1
13659186	13675029	-1.0	1
13675029	13679936	1354.5	1
13679936	13691117	-1.0	1
13691117	13701253	-1.0	1
13701253	13709726	-1.0	1
13709726	13724497	-1.0	1
13724497	13728685	-1.0	1
13728685	13738429	1287.8	1
13738429	13749492	-1.0	1
13749492	13757440	-1.0	1
13757440	13771111	-1.0	1
13771111	13776513	-1.0	1
13776513	13786709	-1.0	1
13786709	13795536	-1.0	1
13795536	13808175	-1.0	1
13808175	13817526	-1.0	1
13817526	13826822	-1.0	1
13826822	13836085	1341.5	1
13836085	13846813	1356.1	1
13846813	13857583	1276.6	1
13857583	13868255	1320.7	1
13868255	13876879	1364.8	1
13876879	13886854	-1.0	1
13886854	13893169	-1.0	1
13893169	13904164	-1.0	1
13904164	13914946	-1.0	1
13914946	13926292	-1.0	1
13926292	13933626	-1.0	1
13933626	13944564	-1.0	1
13944564	13956069	-1.0	1
13956069	13967977	-1.0	1
13967977	13972690	-1.0	1
13972690	13983790	1235.7	1
13983790	13994431	1231.1	1
13994431	14000011	-1.0	1
14000011	14013313	-1.0	1
14013313	14022789	-1.0	1
14022789	14031965	-1.0	1
14031965	14041518	-1.0	1
14041518	14050327	-1.0	1
14050327	14059995	-1.0	1
14059995	14069725	-1.0	1
14069725	14082640	-1.0	1
14082640	14091100	-1.0	1
14091100	14098343	-1.0	1
14098343	14111171	-1.0	1
14111171	14119934	-1.0	1
14119934	14128855	-1.0	1
14128855	14137394	-1.0	1
14137394	14145929	-1.0	1
14145929	14157862	-1.0	1
14157862	14171740	-1.0	1
14171740	14176504	-1.0	1
14176504	14189341	-1.0	1
14189341	14195224	-1.0	1
14195224	14208708	-1.0	1
14208708	14215755	-1.0	1
14215755	14224278	-1.0	1
14224278	14237669	-1.0	1
14237669	14244322	-1.0	1
14244322	14260489	-1.0	1
14260489	14265925	-1.0	1
14265925	14275214	-1.0	1
14275214	14284587	-1.0	1
14284587	14293308	-1.0	1
14293308	14307894	-1.0	1
14307894	14312641	-1.0	1
14312641	14323474	-1.0	1
14323474	14335970	-1.0	1
14335970	14344965	-1.0	1
14344965	14355764	-1.0	1
14355764	14362764	-1.0	1
14362764	14373579	-1.0	1
14373579	14381931	-1.0	1
14381931	14390624	-1.0	1
14390624	14403234	-1.0	1
14403234	14411486	-1.0	1
14411486	14420879	-1.0	1
14420879	14430125	-1.0	1
14430125	14438478	-1.0	1
14438478	14452679	-1.0	1
14452679	14466187	-1.0	1
14466187	14468923	-1.0	1
14468923	14477875	-1.0	1
14477875	14490935	-1.0	1
14490935	14504507	-1.0	1
14504507	14514723	-1.0	1
14514723	14518484	-1.0	1
14518484	14530862	-1.0	1
14530862	14538151	-1.0	1
14538151	14551515	-1.0	1
14551515	14558978	-1.0	1
14558978	14573589	-1.0	1
14573589	14579397	-1.0	1
14579397	14587712	-1.0	1
14587712	14599538	-1.0	1
14599538	14607704	-1.0	1
14607704	14616899	-1.0	1
14616899	14630059	-1.0	1
14630059	14635522	-1.0	1
14635522	14648836	1329.9	1
14648836	14658838	-1.0	1
14658838	14664450	-1.0	1
14664450	14676476	-1.0	1
14676476	14683278	-1.0	1
14683278	14701170	-1.0	1
14701170	14705757	-1.0	1
14705757	14715215	-1.0	1
14715215	14724659	-1.0	1
14724659	14733663	-1.0	1
14733663	14750823	-1.0	1
14750823	14752212	-1.0	1
14752212	14761569	-1.0	1
14761569	14775495	-1.0	1
14775495	14780160	-1.0	1
14780160	14797559	-1.0	1
14797559	14806219	-1.0	1
14806219	14812782	-1.0	1
14812782	14821161	-1.0	1
14821161	14831411	-1.0	1
14831411	14844268	-1.0	1
14844268	14854507	-1.0	1
14854507	14859182	-1.0	1
14859182	14868426	-1.0	1
14868426	14877962	-1.0	1
14877962	14890905	-1.0	1
14890905	14902417	-1.0	1
14902417	14909178	-1.0	1
14909178	14921184	-1.0	1
14921184	14929264	-1.0	1
14929264	14942241	-1.0	1
14942241	14949737	-1.0	1
14949737	14957141	-1.0	1
14957141	14967714	-1.0	1
14967714	14977317	-1.0	1
14977317	14986280	-1.0	1
14986280	14999035	-1.0	1
14999035	15003639	-1.0	1
15003639	15017697	-1.0	1
15017697	15023543	-1.0	1
15023543	15036092	-1.0	1
15036092	15045456	-1.0	1
15045456	15053603	-1.0	1
15053603	15063216	-1.0	1
15063216	15076245	-1.0	1
15076245	15087576	-1.0	1
15087576	15093128	-1.0	1
15093128	15105031	-1.0	1
15105031	15114281	-1.0	1
15114281	15120695	-1.0	1
15120695	15137983	-1.0	1
15137983	15143632	-1.0	1
15143632	15156330	-1.0	1
15156330	15162444	-1.0	1
15162444	15176384	1273.2	1
15176384	15190199	-1.0	1
15190199	15195217	-1.0	1
15195217	15203812	-1.0	1
15203812	15215374	-1.0	1
15215374	15222757	-1.0	1
15222757	15237607	-1.0	1
15237607	15243380	-1.0	1
15243380	15251522	-1.0	1
15251522	15261164	-1.0	1
15261164	15269811	-1.0	1
15269811	15284138	-1.0	1
15284138	15292701	-1.0	1
15292701	15301393	-1.0	1
15301393	15313552	-1.0	1
15313552	15321715	-1.0	1
15321715	15331145	-1.0	1
15331145	15340396	-1.0	1
15340396	15349847	-1.0	1
15349847	15359054	-1.0	1
15359054	15370537	-1.0	1
15370537	15381475	-1.0	1
15381475	15392058	-1.0	1
15392058	15400684	-1.0	1
15400684	15414439	-1.0	1
15414439	15419140	-1.0	1
15419140	15433241	-1.0	1
15433241	15442574	-1.0	1
15442574	15452037	-1.0	1
15452037	15465590	-1.0	1
15465590	15470585	-1.0	1
15470585	15479814	-1.0	1
15479814	15493082	-1.0	1
15493082	15502165	-1.0	1
15502165	15509728	1339.3	1
15509728	15520951	1342.5	1
15520951	15527163	1296.7	1
15527163	15540663	-1.0	1
15540663	15550043	-1.0	1
15550043	15559492	-1.0	1
15559492	15568644	-1.0	1
15568644	15578047	-1.0	1
15578047	15591257	-1.0	1
15591257	15598667	-1.0	1
15598667	15610631	-1.0	1
15610631	15615334	1349.1	1
15615334	15624545	1326.0	1
15624545	15638534	-1.0	1
15638534	15646077	-1.0	1
15646077	15656932	-1.0	1
15656932	15665794	-1.0	1
15665794	15689769	-1.0	1
15689769	15699155	-1.0	1
15699155	15703920	-1.0	1
15703920	15713275	-1.0	1
15713275	15722169	1342.9	1
15722169	15736781	1346.7	1
15736781	15746114	-1.0	1
15746114	15752770	-1.0	1
15752770	15773931	-1.0	1
15773931	15782294	-1.0	1
15782294	15795851	-1.0	1
15795851	15800749	-1.0	1
15800749	15810399	-1.0	1
15810399	15824571	-1.0	1
15824571	15833827	-1.0	1
15833827	15849937	-1.0	1
15849937	15864308	-1.0	1
15864308	15868610	-1.0	1
15868610	15877542	-1.0	1
15877542	15893090	-1.0	1
15893090	15903438	-1.0	1
15903438	15912577	-1.0	1
15912577	15922420	-1.0	1
15922420	15931959	-1.0	1
15931959	15941235	-1.0	1
15941235	15949523	1268.6	1
15949523	15957026	1351.1	1
15957026	15966652	-1.0	1
15966652	15980637	-1.0	1
15980637	15992659	-1.0	1
15992659	16002161	-1.0	1
16002161	16008824	1350.9	1
16008824	16019679	1350.0	1
16019679	16027343	-1.0	1
16027343	16041687	-1.0	1
16041687	16051096	-1.0	1
16051096	16058438	-1.0	1
16058438	16070278	1344.5	1
16070278	16079272	-1.0	1
16079272	16088554	-1.0	1
16088554	16095565	-1.0	1
16095565	16107164	1327.0	1
16107164	16121004	-1.0	1
16121004	16125573	-1.0	1
16125573	16139153	-1.0	1
16139153	16148895	-1.0	1
16148895	16153280	-1.0	1
16153280	16167133	-1.0	1
16167133	16173514	-1.0	1
16173514	16185658	1339.9	1
16185658	16195737	1322.1	1
16195737	16199985	-1.0	1
16199985	16213519	-1.0	1
16213519	16221169	-1.0	1
16221169	16231891	-1.0	1
16231891	16245619	-1.0	1
16245619	16250461	1339.9	1
16250461	16266322	1354.3	1
16266322	16273470	-1.0	1
16273470	16279261	-1.0	1
16279261	16287392	-1.0	1
16287392	16296554	-1.0	1
16296554	16312653	-1.0	1
16312653	16320601	1344.1	1
16320601	16328534	1341.5	1
16328534	16338099	-1.0	1
16338099	16344670	-1.0	1
16344670	16357679	-1.0	1
16357679	16364763	-1.0	1
16364763	16375087	-1.0	1
16375087	16384584	-1.0	1
16384584	16393899	-1.0	1
16393899	16407707	1339.7	1
16407707	16414427	-1.0	1
16414427	16426409	-1.0	1
16426409	16435767	-1.0	1
16435767	16446620	-1.0	1
16446620	16458374	-1.0	1
16458374	16466037	-1.0	1
16466037	16472810	-1.0	1
16472810	16485589	-1.0	1
16485589	16494618	-1.0	1
16494618	16506836	-1.0	1
16506836	16514575	-1.0	1
16514575	16523921	-1.0	1
16523921	16533271	-1.0	1
16533271	16542717	-1.0	1
16542717	16554472	1333.9	1
16554472	16561522	1330.0	1
16561522	16575584	-1.0	1
16575584	16579297	-1.0	1
16579297	16594057	-1.0	1
16594057	16603315	-1.0	1
16603315	16612356	-1.0	1
16612356	16621607	-1.0	1
16621607	16633256	-1.0	1
16633256	16640880	-1.0	1
16640880	16656075	-1.0	1
16656075	16660268	-1.0	1
16660268	16667969	-1.0	1
16667969	16679529	-1.0	1
16679529	16690949	-1.0	1
16690949	16702769	-1.0	1
16702769	16714276	-1.0	1
16714276	16718869	1337.1	1
16718869	16730027	-1.0	1
16730027	16746642	-1.0	1
16746642	16755669	-1.0	1
16755669	16764853	-1.0	1
16764853	16774076	-1.0	1
16774076	16787562	-1.0	1
16787562	16796888	-1.0	1
16796888	16806196	1346.3	1
16806196	16820062	-1.0	1
16820062	16827129	-1.0	1
16827129	16838909	-1.0	1
16838909	16852678	-1.0	1
16852678	16856661	-1.0	1
16856661	16866538	-1.0	1
16866538	16878200	-1.0	1
16878200	16893463	-1.0	1
16893463	16903856	-1.0	1
16903856	16913219	-1.0	1
16913219	16922602	-1.0	1
16922602	16931237	-1.0	1
16931237	16944472	-1.0	1
16944472	16950549	-1.0	1
16950549	16959825	-1.0	1
16959825	16973689	-1.0	1
16973689	16982642	-1.0	1
16982642	16996586	-1.0	1
16996586	16998584	-1.0	1
16998584	17010338	-1.0	1
17010338	17017324	-1.0	1
17017324	17028910	-1.0	1
17028910	17041407	-1.0	1
17041407	17047119	-1.0	1
17047119	17061569	-1.0	1
17061569	17070882	-1.0	1
17070882	17075306	-1.0	1
17075306	17089528	-1.0	1
17089528	17098756	-1.0	1
17098756	17104989	-1.0	1
17104989	17114294	-1.0	1
17114294	17123851	-1.0	1
17123851	17136075	-1.0	1
17136075	17145234	-1.0	1
17145234	17163849	-1.0	1
17163849	17173206	-1.0	1
17173206	17187258	-1.0	1
17187258	17196554	-1.0	1
17196554	17201258	-1.0	1
17201258	17215213	-1.0	1
17215213	17219834	-1.0	1
17219834	17235076	-1.0	1
17235076	17242986	-1.0	1
17242986	17251972	-1.0	1
17251972	17258890	-1.0	1
17258890	17268417	-1.0	1
17268417	17279739	-1.0	1
17279739	17293560	-1.0	1
17293560	17297978	-1.0	1
17297978	17309931	-1.0	1
17309931	17316522	-1.0	1
17316522	17329231	-1.0	1
17329231	17336698	1350.5	1
17336698	17344258	-1.0	1
17344258	17358057	-1.0	1
17358057	17362659	-1.0	1
17362659	17381244	-1.0	1
17381244	17388513	-1.0	1
17388513	17394308	-1.0	1
17394308	17404313	-1.0	1
17404313	17413371	-1.0	1
17413371	17426501	1316.8	1
17426501	17431814	-1.0	1
17431814	17445666	-1.0	1
17445666	17454738	-1.0	1
17454738	17459279	-1.0	1
17459279	17473085	-1.0	1
17473085	17486517	-1.0	1
17486517	17491088	-1.0	1
17491088	17498308	-1.0	1
17498308	17509306	-1.0	1
17509306	17518598	-1.0	1
17518598	17528587	-1.0	1
17528587	17537132	-1.0	1
17537132	17547212	-1.0	1
17547212	17556350	-1.0	1
17556350	17569891	-1.0	1
17569891	17574748	-1.0	1
17574748	17585879	-1.0	1
17585879	17594838	-1.0	1
17594838	17607854	1342.9	1
17607854	17620412	1338.6	1
17620412	17625565	1334.3	1
17625565	17636133	1357.1	1
17636133	17648322	-1.0	1
17648322	17657531	-1.0	1
17657531	17666841	-1.0	1
17666841	17675841	-1.0	1
17675841	17684429	-1.0	1
17684429	17694361	-1.0	1
17694361	17702576	1344.5	1
17702576	17717410	1343.9	1
17717410	17726471	-1.0	1
17726471	17731102	-1.0	1
17731102	17744780	-1.0	1
17744780	17749308	-1.0	1
17749308	17766584	-1.0	1
17766584	17770110	-1.0	1
17770110	17781412	-1.0	1
17781412	17785935	-1.0	1
17785935	17799670	-1.0	1
17799670	17808768	-1.0	1
17808768	17814423	-1.0	1
17814423	17826975	-1.0	1
17826975	17836431	-1.0	1
17836431	17846376	1233.1	1
17846376	17859203	1289.3	1
17859203	17865744	1345.5	1
17865744	17877064	1338.1	1
17877064	17884555	1345.1	1
17884555	17893016	1342.9	1
17893016	17909675	-1.0	1
17909675	17915533	-1.0	1
17915533	17926315	-1.0	1
17926315	17937319	-1.0	1
17937319	17941926	-1.0	1
17941926	17953830	-1.0	1
17953830	17964815	-1.0	1
17964815	17973930	-1.0	1
17973930	17978549	-1.0	1
17978549	17990288	-1.0	1
17990288	18001349	-1.0	1
18001349	18009013	-1.0	1
18009013	18019710	-1.0	1
18019710	18026676	-1.0	1
18026676	18035848	-1.0	1
18035848	18047159	-1.0	1
18047159	18058674	-1.0	1
18058674	18070018	-1.0	1
18070018	18074633	-1.0	1
18074633	18086129	-1.0	1
18086129	18101679	-1.0	1
18101679	18106729	-1.0	1
18106729	18112900	-1.0	1
18112900	18123985	-1.0	1
18123985	18134207	-1.0	1
18134207	18148026	-1.0	1
18148026	18152620	-1.0	1
18152620	18166477	1343.3	1
18166477	18171045	1339.7	1
18171045	18180242	1338.3	1
18180242	18189490	-1.0	1
18189490	18200136	-1.0	1
18200136	18212310	-1.0	1
18212310	18216957	-1.0	1
18216957	18227619	-1.0	1
18227619	18239929	-1.0	1
18239929	18248802	-1.0	1
18248802	18256087	-1.0	1
18256087	18266028	-1.0	1
18266028	18277908	-1.0	1
18277908	18294765	-1.0	1
18294765	18295165	-1.0	1
18295165	18304357	-1.0	1
18304357	18317745	-1.0	1
18317745	18326834	-1.0	1
18326834	18335895	-1.0	1
18335895	18343846	1345.3	1
18343846	18350253	-1.0	1
18350253	18363972	-1.0	1
18363972	18369405	-1.0	1
18369405	18386049	-1.0	1
18386049	18391401	-1.0	1
18391401	18399779	1351.7	1
18399779	18412229	-1.0	1
18412229	18419302	-1.0	1
18419302	18432003	-1.0	1
18432003	18441163	-1.0	1
18441163	18450233	-1.0	1
18450233	18460832	-1.0	1
18460832	18471468	-1.0	1
18471468	18481182	-1.0	1
18481182	18491387	-1.0	1
18491387	18501099	-1.0	1
18501099	18510215	-1.0	1
18510215	18518736	-1.0	1
18518736	18528624	-1.0	1
18528624	18537849	-1.0	1
18537849	18551594	-1.0	1
18551594	18556200	-1.0	1
18556200	18565383	-1.0	1
18565383	18579005	-1.0	1
18579005	18590732	-1.0	1
18590732	18593489	-1.0	1
18593489	18606544	-1.0	1
18606544	18615743	-1.0	1
18615743	18625016	-1.0	1
18625016	18634144	-1.0	1
18634144	18642262	-1.0	1
18642262	18652174	-1.0	1
18652174	18664606	-1.0	1
18664606	18675083	1360.6	1
18675083	18683864	-1.0	1
18683864	18692992	-1.0	1
18692992	18702735	-1.0	1
18702735	18711777	-1.0	1
18711777	18723732	-1.0	1
18723732	18730053	-1.0	1
18730053	18743651	1343.5	1
18743651	18753095	1333.1	1
18753095	18757583	-1.0	1
18757583	18771108	-1.0	1
18771108	18779295	-1.0	1
18779295	18789551	-1.0	1
18789551	18795233	-1.0	1
18795233	18803297	-1.0	1
18803297	18822460	-1.0	1
18822460	18826151	1368.1	1
18826151	18835352	-1.0	1
18835352	18844600	-1.0	1
18844600	18852604	-1.0	1
18852604	18867313	-1.0	1
18867313	18871787	-1.0	1
18871787	18882142	-1.0	1
18882142	18894701	-1.0	1
18894701	18902373	-1.0	1
18902373	18914502	-1.0	1
18914502	18925307	-1.0	1
18925307	18932201	-1.0	1
18932201	18939607	-1.0	1
18939607	18949988	-1.0	1
18949988	18963956	-1.0	1
18963956	18968531	1346.7	1
18968531	18977616	-1.0	1
18977616	18986839	-1.0	1
18986839	19000769	-1.0	1
19000769	19009796	1260.6	1
19009796	19018834	1241.3	1
19018834	19028021	-1.0	1
19028021	19037313	-1.0	1
19037313	19060234	-1.0	1
19060234	19067338	-1.0	1
19067338	19078399	-1.0	1
19078399	19082960	-1.0	1
19082960	19091932	-1.0	1
19091932	19105574	-1.0	1
19105574	19110176	-1.0	1
19110176	19124052	-1.0	1
19124052	19128607	-1.0	1
19128607	19138789	-1.0	1
19138789	19149835	-1.0	1
19149835	19160365	-1.0	1
19160365	19165009	-1.0	1
19165009	19178216	-1.0	1
19178216	19188354	-1.0	1
19188354	19197541	-1.0	1
19197541	19210617	-1.0	1
19210617	19217529	-1.0	1
19217529	19225000	-1.0	1
19225000	19234357	-1.0	1
19234357	19249709	-1.0	1
19249709	19256368	-1.0	1
19256368	19264196	-1.0	1
19264196	19275611	-1.0	1
19275611	19284853	-1.0	1
19284853	19300732	-1.0	1
19300732	19303099	-1.0	1
19303099	19313614	-1.0	1
19313614	19321680	1340.9	1
19321680	19344990	1272.8	1
19344990	19349655	1307.7	1
19349655	19363610	-1.0	1
19363610	19368178	-1.0	1
19368178	19382573	-1.0	1
19382573	19391486	-1.0	1
19391486	19402447	-1.0	1
19402447	19414534	-1.0	1
19414534	19419122	-1.0	1
19419122	19433044	-1.0	1
19433044	19446879	-1.0	1
19446879	19451474	-1.0	1
19451474	19465103	-1.0	1
19465103	19469785	-1.0	1
19469785	19488365	-1.0	1
19488365	19502276	-1.0	1
19502276	19509445	-1.0	1
19509445	19516141	1302.1	1
19516141	19525405	1299.3	1
19525405	19538968	1296.5	1
19538968	19548493	-1.0	1
19548493	19553954	-1.0	1
19553954	19563308	-1.0	1
19563308	19578209	-1.0	1
19578209	19588633	-1.0	1
19588633	19594709	-1.0	1
19594709	19607645	-1.0	1
19607645	19617933	-1.0	1
19617933	19622642	-1.0	1
19622642	19636423	-1.0	1
19636423	19643774	-1.0	1
19643774	19653975	-1.0	1
19653975	19659527	-1.0	1
19659527	19669048	-1.0	1
19669048	19683145	1351.1	1
19683145	19696967	1346.5	1
19696967	19701501	1341.9	1
19701501	19710768	1350.1	1
19710768	19719889	-1.0	1
19719889	19728945	-1.0	1
19728945	19742703	-1.0	1
19742703	19747326	-1.0	1
19747326	19757206	-1.0	1
19757206	19765647	-1.0	1
19765647	19777582	-1.0	1
19777582	19788636	-1.0	1
19788636	19796366	-1.0	1
19796366	19811524	-1.0	1
19811524	19813474	-1.0	1
19813474	19824298	-1.0	1
19824298	19837253	-1.0	1
19837253	19843562	-1.0	1
19843562	19852285	-1.0	1
19852285	19866380	-1.0	1
19866380	19872211	-1.0	1
19872211	19886112	-1.0	1
19886112	19892323	-1.0	1
19892323	19898944	-1.0	1
19898944	19912198	-1.0	1
19912198	19916938	-1.0	1
19916938	19930609	-1.0	1
19930609	19935132	-1.0	1
19935132	19944292	-1.0	1
19944292	19953427	-1.0	1
19953427	19962520	-1.0	1
19962520	19980913	-1.0	1
19980913	19985490	-1.0	1
19985490	19994693	-1.0	1
19994693	20003872	1238.7	1
20003872	20017850	1265.4	1
20017850	20029117	1292.1	1
20029117	20033066	-1.0	1
20033066	20045246	-1.0	1
20045246	20051452	-1.0	1
20051452	20061116	-1.0	1
20061116	20072611	-1.0	1
20072611	20081910	-1.0	1
20081910	20089932	-1.0	1
20089932	20100493	-1.0	1
20100493	20109738	-1.0	1
20109738	20121432	-1.0	1
20121432	20130010	-1.0	1
20130010	20137674	-1.0	1
20137674	20152480	-1.0	1
20152480	20155965	-1.0	1
20155965	20172034	-1.0	1
20172034	20178952	-1.0	1
20178952	20188083	-1.0	1
20188083	20197395	1304.7	1
20197395	20206526	1340.5	1
20206526	20220567	-1.0	1
20220567	20225157	-1.0	1
20225157	20234367	-1.0	1
20234367	20248416	-1.0	1
20248416	20253066	-1.0	1
20253066	20265746	-1.0	1
20265746	20273204	-1.0	1
20273204	20285391	-1.0	1
20285391	20291759	-1.0	1
20291759	20300895	-1.0	1
20300895	20315271	-1.0	1
20315271	20321669	-1.0	1
20321669	20335123	-1.0	1
20335123	20342162	-1.0	1
20342162	20353742	-1.0	1
20353742	20364145	-1.0	1
20364145	20374169	-1.0	1
20374169	20380272	-1.0	1
20380272	20389622	-1.0	1
20389622	20400504	-1.0	1
20400504	20413872	-1.0	1
20413872	20421868	-1.0	1
20421868	20433706	-1.0	1
20433706	20441758	-1.0	1
20441758	20446633	-1.0	1
20446633	20460754	-1.0	1
20460754	20475133	-1.0	1
20475133	20484593	1348.9	1
20484593	20498575	1341.9	1
20498575	20504535	1334.9	1
20504535	20511726	1307.4	1
20511726	20525795	1339.9	1
20525795	20539482	-1.0	1
20539482	20544567	-1.0	1
20544567	20552783	-1.0	1
20552783	20560509	-1.0	1
20560509	20581598	-1.0	1
20581598	20590480	-1.0	1
20590480	20597978	-1.0	1
20597978	20608661	-1.0	1
20608661	20614749	-1.0	1
20614749	20632108	-1.0	1
20632108	20636628	-1.0	1
20636628	20645533	-1.0	1
20645533	20659401	-1.0	1
20659401	20664027	-1.0	1
20664027	20677492	1297.1	1
20677492	20683554	-1.0	1
20683554	20691789	-1.0	1
20691789	20701343	-1.0	1
20701343	20710728	-1.0	1
20710728	20722360	-1.0	1
20722360	20728967	1346.5	1
20728967	20742564	1344.3	1
20742564	20747568	1342.1	1
20747568	20756756	1344.9	1
20756756	99999999	1346.9	1
