#Processing Run 48149 for polarization tables
#The run table thinks this was a DSWAPL2 run
#Corresponding AMO file is :/home/clasg8/rootbeer2.1/dat/pol/amo_tesc_48147.dat
#Coherent Edge positions for TESC events follow:
#Event	Coh Edge	PolPlane(PARA=0,PERP=1,AMO=2,CHANGING=3)
0	8510	-1.0	0
8510	19468	-1.0	0
19468	42265	-1.0	0
42265	53074	-1.0	0
53074	64962	-1.0	0
64962	78845	-1.0	0
78845	87596	-1.0	0
87596	113597	-1.0	0
113597	120673	1907.2	0
120673	131475	1926.0	0
131475	143765	1944.7	0
143765	159866	-1.0	0
159866	176236	-1.0	0
176236	188281	-1.0	0
188281	208735	-1.0	0
208735	215713	-1.0	0
215713	227925	-1.0	0
227925	248197	-1.0	0
248197	263867	-1.0	0
263867	276481	-1.0	0
276481	290697	-1.0	0
290697	297830	-1.0	0
297830	319727	1869.8	0
319727	329784	1939.5	0
329784	342693	1947.1	0
342693	354012	1947.4	0
354012	367920	1947.7	0
367920	381063	1939.1	0
381063	393221	1947.9	0
393221	405401	1947.1	0
405401	417553	1949.7	0
417553	425703	1940.1	0
425703	445387	1947.5	0
445387	448940	-1.0	0
448940	469940	-1.0	0
469940	480156	-1.0	0
480156	497176	1963.5	0
497176	517612	1951.7	0
517612	528071	1949.3	0
528071	540331	1947.5	0
540331	552428	1945.1	0
552428	560398	1962.7	0
560398	578344	-1.0	0
578344	589798	-1.0	0
589798	600840	-1.0	0
600840	612847	1908.0	0
612847	624903	1978.9	0
624903	647734	1949.9	0
647734	651937	1963.2	0
651937	670059	-1.0	0
670059	683051	-1.0	0
683051	689173	-1.0	0
689173	707854	1960.7	0
707854	719637	1952.7	0
719637	731681	1948.5	0
731681	742174	1944.3	0
742174	750332	1949.5	0
750332	773169	1961.2	0
773169	781664	1972.9	0
781664	791506	-1.0	0
791506	806022	-1.0	0
806022	816486	-1.0	0
816486	832766	1903.0	0
832766	846686	1947.5	0
846686	853727	1956.2	0
853727	866900	1954.6	0
866900	1049994	1952.5	0
1049994	1058619	1890.0	1
1058619	1073715	1888.0	1
1073715	1080688	1895.2	1
1080688	1099086	1893.6	1
1099086	1105357	1891.4	1
1105357	1124888	1894.2	1
1124888	1137040	1894.6	1
1137040	1149301	1896.8	1
1149301	1160774	1889.0	1
1160774	1170500	1891.8	1
1170500	1187157	1887.4	1
1187157	1201969	1894.8	1
1201969	1213360	1897.6	1
1213360	1223436	1895.2	1
1223436	1233542	1893.8	1
1233542	1252374	1890.4	1
1252374	1264596	1888.7	1
1264596	1276212	1890.1	1
1276212	1286402	1890.7	1
1286402	1295873	1888.1	1
1295873	1314307	1891.0	1
1314307	1326933	1945.4	1
1326933	1336172	1894.2	1
1336172	1354066	1894.8	1
1354066	1360949	1900.8	1
1360949	1381743	1893.2	1
1381743	1387975	1891.1	1
1387975	1399654	1943.9	1
1399654	1417854	1886.2	1
1417854	1424104	1892.8	1
1424104	1444432	1888.9	1
1444432	1455438	1889.5	1
1455438	1464243	1891.7	1
1464243	1474149	1894.2	1
1474149	1489281	1890.9	1
1489281	1510119	1889.9	1
1510119	1522257	1890.3	1
1522257	1534122	1891.4	1
1534122	1542724	1888.8	1
1542724	1552806	1893.4	1
1552806	1566043	1883.4	1
1566043	1591232	1889.8	1
1591232	1603040	1891.0	1
1603040	1615163	1894.2	1
1615163	1632377	1894.4	1
1632377	1643836	1893.2	1
1643836	1655338	1892.8	1
1655338	1670985	1889.5	1
1670985	1683165	1892.8	1
1683165	1700653	1893.6	1
1700653	1707374	1891.5	1
1707374	1725781	1894.4	1
1725781	1737228	1892.4	1
1737228	1749531	1892.6	1
1749531	1765595	1890.6	1
1765595	1772496	1941.7	1
1772496	1787621	1891.8	1
1787621	1799865	1945.4	1
1799865	1812379	1892.8	1
1812379	1824787	1890.9	1
1824787	1836392	1892.2	1
1836392	1852598	1891.9	1
1852598	1860435	1890.1	1
1860435	1875051	1893.4	1
1875051	1892777	1890.3	1
1892777	1904847	1890.5	1
1904847	1911427	1891.3	1
1911427	1923693	1893.0	1
1923693	1936005	1892.4	1
1936005	1953412	1894.4	1
1953412	1964447	1888.2	1
1964447	1979548	1894.6	1
1979548	1989291	1890.9	1
1989291	2003128	1895.2	1
2003128	2022423	1892.6	1
2022423	2034515	1888.1	1
2034515	2046673	1887.2	1
2046673	2058434	1885.8	1
2058434	2071449	1890.3	1
2071449	2088165	1888.3	1
2088165	2100587	1891.1	1
2100587	2112620	1888.3	1
2112620	2119827	1881.2	1
2119827	2133609	1880.0	1
2133609	2147851	1887.7	1
2147851	2161868	1890.7	1
2161868	2174740	1889.5	1
2174740	2184668	1879.8	1
2184668	2194740	1886.3	1
2194740	2207151	1888.4	1
2207151	2219550	1885.5	1
2219550	2236497	1892.0	1
2236497	2249317	1888.9	1
2249317	2256557	1885.7	1
2256557	2277105	1884.2	1
2277105	2287416	1889.9	1
2287416	2299633	1896.2	1
2299633	2307759	1895.8	1
2307759	2324171	1894.0	1
2324171	2340345	1890.1	1
2340345	2352359	1892.6	1
2352359	2364496	1884.0	1
2364496	2372165	1887.1	1
2372165	2385461	1887.5	1
2385461	2403790	1890.1	1
2403790	2412984	1885.3	1
2412984	2423417	1945.4	1
2423417	2438356	1889.9	1
2438356	2446782	1887.6	1
2446782	2464195	1886.1	1
2464195	2475453	1888.1	1
2475453	2489809	1890.8	1
2489809	2499755	1894.4	1
2499755	2512501	1892.8	1
2512501	2530565	1893.2	1
2530565	2536904	1893.6	1
2536904	2554457	1891.3	1
2554457	2563576	1890.9	1
2563576	2575843	1888.7	1
2575843	2590156	1888.7	1
2590156	2607311	1894.8	1
2607311	2619680	1895.6	1
2619680	2624976	1892.2	1
2624976	2637216	1892.6	1
2637216	2659943	1888.9	1
2659943	2665937	1893.2	1
2665937	2681258	1894.8	1
2681258	2693517	1891.4	1
2693517	2705020	1895.6	1
2705020	2723432	1896.0	1
2723432	2729676	1889.7	1
2729676	2744650	1891.7	1
2744650	2753973	1894.4	1
2753973	2766539	1892.6	1
2766539	2785121	1891.5	1
2785121	2797362	1889.1	1
2797362	2809595	1890.7	1
2809595	2822029	1892.0	1
2822029	2830179	1890.7	1
2830179	2846529	1889.3	1
2846529	2864419	1895.2	1
2864419	2871158	1893.4	1
2871158	3620856	1891.2	1
3620856	3628600	1889.3	1
3628600	3637797	1882.5	1
3637797	3656862	1886.1	1
3656862	3667205	1886.7	1
3667205	3679663	1891.9	1
3679663	3695396	1893.6	1
3695396	3707448	1893.0	1
3707448	3720171	1892.1	1
3720171	3728715	1894.4	1
3728715	3743444	1894.8	1
3743444	3753312	1888.3	1
3753312	3771839	1887.1	1
3771839	3783868	1886.7	1
3783868	3796286	1890.3	1
3796286	3807783	1890.8	1
3807783	3818943	1894.4	1
3818943	3834188	1892.8	1
3834188	3846914	1888.1	1
3846914	3859166	1889.1	1
3859166	3875587	1894.8	1
3875587	3882898	1889.3	1
3882898	3901395	1894.2	1
3901395	3913322	1889.7	1
3913322	3919834	1892.5	1
3919834	3938113	1891.3	1
3938113	3949520	1892.8	1
3949520	3949734	1891.5	1
3949734	3961041	1905.6	1
3961041	3968922	1903.0	1
3968922	3985780	1900.6	1
3985780	3991783	1902.4	1
3991783	4010570	1902.8	1
4010570	4021915	1901.6	1
4021915	4036048	1902.0	1
4036048	4049928	1898.0	1
4049928	4061020	1898.2	1
4061020	4084070	1895.6	1
4084070	4091976	1897.2	1
4091976	4101366	1898.0	1
4101366	4116456	1896.4	1
4116456	4128761	1885.2	1
4128761	4139710	1880.0	1
4139710	4152076	1879.2	1
4152076	4164351	1883.8	1
4164351	4180336	1890.9	1
4180336	4192585	1888.5	1
4192585	4210178	1894.2	1
4210178	4216715	1892.1	1
4216715	4228380	1895.6	1
4228380	4240727	1895.2	1
4240727	4253031	1891.3	1
4253031	4265357	1890.9	1
4265357	4275586	1898.8	1
4275586	4293189	1897.0	1
4293189	4305291	1895.0	1
4305291	4317624	1894.4	1
4317624	4334429	1894.8	1
4334429	4343851	1895.6	1
4343851	4358045	1891.7	1
4358045	4365886	1896.0	1
4365886	4383016	1890.3	1
4383016	4399941	1893.6	1
4399941	4408974	1897.2	1
4408974	4416798	1890.5	1
4416798	4430077	1895.6	1
4430077	4443885	1894.8	1
4443885	4463315	1891.1	1
4463315	4470335	1890.2	1
4470335	4495466	1889.1	1
4495466	4506771	1893.8	1
4506771	4530486	1939.7	1
4530486	4534169	1887.7	1
4534169	4550445	1887.0	1
4550445	4562873	1892.9	1
4562873	4570642	1895.6	1
4570642	4587736	1892.6	1
4587736	4599903	1889.7	1
4599903	4615495	1893.2	1
4615495	4625072	1888.1	1
4625072	4638183	1890.1	1
4638183	4649766	1889.9	1
4649766	4660773	1887.1	1
4660773	4675416	1890.7	1
4675416	4685186	1888.7	1
4685186	4697448	1945.4	1
4697448	4842535	1934.7	1
4842535	4861929	1828.6	0
4861929	4874824	1894.4	0
4874824	4889914	1898.4	0
4889914	4905400	1902.4	0
4905400	4918374	1895.0	0
4918374	4931879	1898.4	0
4931879	4941728	-1.0	0
4941728	4955355	-1.0	0
4955355	4975069	-1.0	0
4975069	4986528	-1.0	0
4986528	4993771	-1.0	0
4993771	5010843	-1.0	0
5010843	5018852	-1.0	0
5018852	5040192	-1.0	0
5040192	5051766	-1.0	0
5051766	5064775	-1.0	0
5064775	5077066	-1.0	0
5077066	5085588	-1.0	0
5085588	5108071	-1.0	0
5108071	5115339	-1.0	0
5115339	5132918	-1.0	0
5132918	5143964	-1.0	0
5143964	5157476	-1.0	0
5157476	5176554	-1.0	0
5176554	5188933	1901.2	0
5188933	5202443	1907.2	0
5202443	5210646	1913.2	0
5210646	5229173	1915.0	0
5229173	5244448	1912.4	0
5244448	5252138	1909.8	0
5252138	5269609	1948.1	0
5269609	5278754	1953.1	0
5278754	5291044	1949.6	0
5291044	5304826	1946.1	0
5304826	5315670	1950.7	0
5315670	5331157	1951.1	0
5331157	5340760	1913.0	0
5340760	5354840	1901.4	0
5354840	5374352	1935.2	0
5374352	5384367	-1.0	0
5384367	5397969	-1.0	0
5397969	5410465	-1.0	0
5410465	5422631	1960.9	0
5422631	5436170	1908.0	0
5436170	5447347	1901.2	0
5447347	5459613	1951.5	0
5459613	5471982	1897.6	0
5471982	5485548	1901.9	0
5485548	5503269	1906.2	0
5503269	5509464	1978.1	0
5509464	5521694	1899.2	0
5521694	5540273	1905.2	0
5540273	5546508	1944.9	0
5546508	5568948	1920.6	0
5568948	5581204	1896.2	0
5581204	5594691	-1.0	0
5594691	5602279	-1.0	0
5602279	5619316	-1.0	0
5619316	5633221	-1.0	0
5633221	5646711	-1.0	0
5646711	5657596	-1.0	0
5657596	5675519	-1.0	0
5675519	5689923	-1.0	0
5689923	5702021	1908.2	0
5702021	5716845	1952.5	0
5716845	5729064	1951.5	0
5729064	5741585	1948.8	0
5741585	5754003	1946.1	0
5754003	5771556	1950.7	0
5771556	5777470	1952.6	0
5777470	5792814	1954.4	0
5792814	5804574	1924.4	0
5804574	5814855	1894.4	0
5814855	5836243	-1.0	0
5836243	5843038	-1.0	0
5843038	5862063	-1.0	0
5862063	5874352	1896.0	0
5874352	5886826	1917.0	0
5886826	5899982	1901.0	0
5899982	5908543	1928.3	0
5908543	5923239	1955.6	0
5923239	5937809	1949.5	0
5937809	5949172	1952.3	0
5949172	5961433	1948.5	0
5961433	5969089	1947.9	0
5969089	5983174	1947.3	0
5983174	5994438	1954.8	0
5994438	6006414	1952.0	0
6006414	6032515	1904.1	0
6032515	6041631	1856.2	0
6041631	6054104	1882.4	0
6054104	6061974	1904.8	0
6061974	6079707	1904.9	0
6079707	6092063	-1.0	0
6092063	6106840	-1.0	0
6106840	6120424	-1.0	0
6120424	6133911	-1.0	0
6133911	6144047	-1.0	0
6144047	6162185	1949.9	0
6162185	6181307	1921.8	0
6181307	6188614	1893.8	0
6188614	6204981	1950.3	0
6204981	6212186	1961.2	0
6212186	6230198	1945.9	0
6230198	6236216	1948.9	0
6236216	6254748	1950.3	0
6254748	6261012	1954.1	0
6261012	6276705	1949.1	0
6276705	6297849	1944.1	0
6297849	6307600	1952.9	0
6307600	6319306	1958.2	0
6319306	6328415	1957.0	0
6328415	6340608	1950.9	0
6340608	6354524	1954.4	0
6354524	6365040	1946.5	0
6365040	6377378	1945.1	0
6377378	6387861	1944.1	0
6387861	6400621	1959.2	0
6400621	6418154	1948.5	0
6418154	6433029	1948.3	0
6433029	6439142	1957.6	0
6439142	6457324	1960.6	0
6457324	6468946	1964.0	0
6468946	6482669	1967.5	0
6482669	6494085	1962.6	0
6494085	6511456	1970.7	0
6511456	6518468	-1.0	0
6518468	6531544	-1.0	0
6531544	6550416	-1.0	0
6550416	6558133	1945.5	0
6558133	6572156	1941.5	0
6572156	6581633	1905.4	0
6581633	6600894	1911.8	0
6600894	6615590	1903.0	0
6615590	6626406	-1.0	0
6626406	6642775	-1.0	0
6642775	6654645	-1.0	0
6654645	6669706	-1.0	0
6669706	6688619	-1.0	0
6688619	6694861	1953.3	0
6694861	6711706	1962.7	0
6711706	6728043	1922.0	0
6728043	6740647	1881.2	0
6740647	6756172	1917.4	0
6756172	6763540	-1.0	0
6763540	6778354	-1.0	0
6778354	6790573	-1.0	0
6790573	6802933	-1.0	0
6802933	6821474	-1.0	0
6821474	6827657	-1.0	0
6827657	6841824	-1.0	0
6841824	6854452	-1.0	0
6854452	6872374	-1.0	0
6872374	6883881	-1.0	0
6883881	6893659	1902.8	0
6893659	6910535	-1.0	0
6910535	6917052	-1.0	0
6917052	6935325	-1.0	0
6935325	6946109	1948.9	0
6946109	6954705	1953.2	0
6954705	6973736	1957.4	0
6973736	6980998	1890.6	0
6980998	7005782	1905.0	0
7005782	7019410	1904.8	0
7019410	7034026	1904.6	0
7034026	7047856	1892.4	0
7047856	7059012	1895.8	0
7059012	7072848	1905.4	0
7072848	7088085	1915.0	0
7088085	7093439	1934.3	0
7093439	7109895	-1.0	0
7109895	7122382	-1.0	0
7122382	7135533	-1.0	0
7135533	7151018	1894.0	0
7151018	7160897	1957.0	0
7160897	7178524	1957.6	0
7178524	7190655	1952.8	0
7190655	7203514	1962.8	0
7203514	7217602	1930.6	0
7217602	7235362	1898.4	0
7235362	7243498	1923.8	0
7243498	7256495	1925.0	0
7256495	7271686	1933.0	0
7271686	7286939	1904.8	0
7286939	7300082	1878.2	0
7300082	7316009	1821.2	0
7316009	7331363	1862.8	0
7331363	7338861	1904.4	0
7338861	7357391	-1.0	0
7357391	7370625	-1.0	0
7370625	7384334	-1.0	0
7384334	7398615	-1.0	0
7398615	7412415	1901.2	0
7412415	7427891	-1.0	0
7427891	7445324	-1.0	0
7445324	7459620	-1.0	0
7459620	7465794	1946.3	0
7465794	7478188	1951.5	0
7478188	7495613	1949.3	0
7495613	7510353	1953.4	0
7510353	7521110	1943.7	0
7521110	7533390	1943.5	0
7533390	7546085	1926.0	0
7546085	7564944	1908.6	0
7564944	7571132	1950.1	0
7571132	7584250	1949.2	0
7584250	7600481	1948.3	0
7600481	7610204	1948.9	0
7610204	7626580	1954.6	0
7626580	7639641	1925.5	0
7639641	7648526	-1.0	0
7648526	7665951	-1.0	0
7665951	7672329	-1.0	0
7672329	7693099	1895.4	0
7693099	7706136	1897.6	0
7706136	7718037	1918.6	0
7718037	7733527	1887.4	0
7733527	7744174	1856.2	0
7744174	7758213	1901.7	0
7758213	7776770	1947.1	0
7776770	7783332	1946.7	0
7783332	7800209	1925.2	0
7800209	7807678	1903.8	0
7807678	7827520	1957.0	0
7827520	7835966	1955.0	0
7835966	7844193	1905.8	0
7844193	7856385	1911.2	0
7856385	7868559	1947.1	0
7868559	7888975	1948.3	0
7888975	7899044	1949.1	0
7899044	7914662	1957.0	0
7914662	7928705	1943.7	0
7928705	7936157	1942.7	0
7936157	7954792	1892.2	0
7954792	7967019	-1.0	0
7967019	7973156	-1.0	0
7973156	7993251	-1.0	0
7993251	8001798	-1.0	0
8001798	8023170	-1.0	0
8023170	8038635	1900.2	0
8038635	8045996	1905.8	0
8045996	8062455	1911.4	0
8062455	8071974	1950.5	0
8071974	8087950	1949.7	0
8087950	8102751	1948.5	0
8102751	8114539	1949.3	0
8114539	8126512	1948.5	0
8126512	8139416	1955.6	0
8139416	8151598	1957.8	0
8151598	8159523	1947.3	0
8159523	8176500	1946.1	0
8176500	8188270	1953.2	0
8188270	8198019	1954.0	0
8198019	8212069	1952.8	0
8212069	8228287	1900.6	0
8228287	8237311	1947.1	0
8237311	8253081	1945.4	0
8253081	8263735	1948.5	0
8263735	8280417	1951.5	0
8280417	8292172	1945.5	0
8292172	8304543	1939.3	0
8304543	8311524	1944.9	0
8311524	8324963	1919.6	0
8324963	8347972	1932.7	0
8347972	8354208	-1.0	0
8354208	8367096	-1.0	0
8367096	8376934	-1.0	0
8376934	8389436	-1.0	0
8389436	8408204	-1.0	0
8408204	8419289	1881.0	0
8419289	8554213	1899.7	0
8554213	8562587	1918.3	1
8562587	8578710	1907.0	1
8578710	8586072	1904.6	1
8586072	8607382	1906.6	1
8607382	8622451	1902.2	1
8622451	8629301	1902.4	1
8629301	8646800	1897.0	1
8646800	8660273	1901.4	1
8660273	8670964	1900.6	1
8670964	8682385	1898.0	1
8682385	8699846	1894.6	1
8699846	8705703	1895.8	1
8705703	8721533	1890.2	1
8721533	8734276	1892.6	1
8734276	8749404	1895.2	1
8749404	8761362	1893.4	1
8761362	8773694	1896.6	1
8773694	8782314	1895.2	1
8782314	8795771	1891.8	1
8795771	8813422	1897.4	1
8813422	8823017	1888.2	1
8823017	8835780	1893.2	1
8835780	8843928	1894.8	1
8843928	8863524	1893.2	1
8863524	8874481	1894.8	1
8874481	8886894	1891.6	1
8886894	8898736	1892.2	1
8898736	8912710	1894.2	1
8912710	8931570	1890.5	1
8931570	8937815	1893.8	1
8937815	8950038	1884.7	1
8950038	8962485	1894.2	1
8962485	8975115	1897.0	1
8975115	8991521	1897.0	1
8991521	9006025	1891.2	1
9006025	9018351	1890.9	1
9018351	9027033	1893.4	1
9027033	9038961	1895.8	1
9038961	9059925	1887.1	1
9059925	9066239	1889.7	1
9066239	9081173	1889.9	1
9081173	9093539	1894.0	1
9093539	9105771	1887.9	1
9105771	9120584	1894.2	1
9120584	9135539	1893.8	1
9135539	9141799	1890.6	1
9141799	9160304	1890.0	1
9160304	9171236	1892.2	1
9171236	9185125	1894.2	1
9185125	9197461	1891.2	1
9197461	9209977	1884.5	1
9209977	9222418	1888.1	1
9222418	9236593	1890.3	1
9236593	9246506	1889.1	1
9246506	9262529	1891.4	1
9262529	9271430	1893.6	1
9271430	9287241	1890.3	1
9287241	9300696	1894.0	1
9300696	9311836	1891.0	1
9311836	9327173	1890.8	1
9327173	9339552	1889.2	1
9339552	9351859	1888.8	1
9351859	9364204	1889.2	1
9364204	9376511	1890.2	1
9376511	9390083	1891.0	1
9390083	9402247	1888.7	1
9402247	9414597	1888.6	1
9414597	9423702	1892.2	1
9423702	9437809	1885.0	1
9437809	9447107	1892.6	1
9447107	9462227	1887.9	1
9462227	9471753	1886.9	1
9471753	9487045	1890.7	1
9487045	9509562	1892.6	1
9509562	9513825	1886.1	1
9513825	9526017	1890.8	1
9526017	9542810	1890.3	1
9542810	9555914	1890.1	1
9555914	9573079	1887.7	1
9573079	9582404	1887.7	1
9582404	9591556	1890.5	1
9591556	9603866	1887.3	1
9603866	9618609	1887.1	1
9618609	9634853	1889.9	1
9634853	9647320	1889.1	1
9647320	9653470	1889.9	1
9653470	9665924	1889.3	1
9665924	9684425	1893.0	1
9684425	9702948	1889.3	1
9702948	9706947	1890.6	1
9706947	9721488	1888.0	1
9721488	9737513	1888.0	1
9737513	9744451	1885.7	1
9744451	9764826	1883.8	1
9764826	9775880	1891.2	1
9775880	9789551	1890.8	1
9789551	9799937	1945.4	1
9799937	9808389	1907.6	1
9808389	9827263	1909.0	1
9827263	9836694	1883.2	1
9836694	9849974	1891.6	1
9849974	9865030	1894.2	1
9865030	9877182	1894.6	1
9877182	9889326	1896.0	1
9889326	9901303	1894.2	1
9901303	9912986	1894.6	1
9912986	9925924	1889.4	1
9925924	9941404	1886.4	1
9941404	9954386	1884.4	1
9954386	9970826	1887.2	1
9970826	9977187	1946.1	1
9977187	9989336	1886.8	1
9989336	10006869	1887.5	1
10006869	10022647	1887.6	1
10022647	10029671	1881.6	1
10029671	10044853	1882.0	1
10044853	10054655	1884.2	1
10054655	10069863	1885.1	1
10069863	10088304	1885.1	1
10088304	10094472	1884.8	1
10094472	10111417	1886.5	1
10111417	10119275	1886.1	1
10119275	10131741	1884.3	1
10131741	10146664	1884.2	1
10146664	10163219	1888.9	1
10163219	10170611	1890.5	1
10170611	10184611	1889.5	1
10184611	10200156	1889.7	1
10200156	10215925	1892.4	1
10215925	10224134	1889.5	1
10224134	10234877	1891.3	1
10234877	10246751	1889.3	1
10246751	10260466	1889.1	1
10260466	10276883	1892.0	1
10276883	10287092	1894.2	1
10287092	10299533	1891.6	1
10299533	10317026	1892.4	1
10317026	10324774	1889.5	1
10324774	10341874	1890.5	1
10341874	10354658	1890.5	1
10354658	10367077	1888.1	1
10367077	10379525	1889.7	1
10379525	10391922	1892.0	1
10391922	10403814	1893.2	1
10403814	10416020	1889.7	1
10416020	10434707	1888.9	1
10434707	10444593	1888.5	1
10444593	10453340	1887.3	1
10453340	10471831	1890.5	1
10471831	10484205	1889.1	1
10484205	10493149	1892.8	1
10493149	10508639	1945.5	1
10508639	10516905	1890.3	1
10516905	10538110	1888.5	1
10538110	10548866	1889.2	1
10548866	10558024	1889.5	1
10558024	10568935	1887.7	1
10568935	10586010	1889.1	1
10586010	10601866	1884.0	1
10601866	10613798	1945.4	1
10613798	10620005	1890.1	1
10620005	10633439	1893.2	1
10633439	10650903	1883.4	1
10650903	10661941	1885.7	1
10661941	10676856	1890.9	1
10676856	10688398	1891.6	1
10688398	10697367	1893.6	1
10697367	10709580	1894.0	1
10709580	10731484	1889.6	1
10731484	10741116	1889.9	1
10741116	10755868	1888.5	1
10755868	10768345	1885.0	1
10768345	10780783	1887.7	1
10780783	10789783	1887.5	1
10789783	10804711	1888.1	1
10804711	10812419	1886.5	1
10812419	10829164	1888.3	1
10829164	10841444	1892.8	1
10841444	10858762	1893.0	1
10858762	10865382	1895.2	1
10865382	10877662	1889.3	1
10877662	10889329	1889.3	1
10889329	10904581	1894.6	1
10904581	11657754	1892.6	1
11657754	11670687	1885.9	1
11670687	11678510	1888.7	1
11678510	11695521	1888.4	1
11695521	11707136	1890.1	1
11707136	11720236	1887.4	1
11720236	11730879	1885.8	1
11730879	11743303	1887.7	1
11743303	11759684	1891.4	1
11759684	11770694	1888.7	1
11770694	11784087	1887.7	1
11784087	11796966	1894.4	1
11796966	11808341	1892.0	1
11808341	11821891	1885.1	1
11821891	11836273	1888.9	1
11836273	11849227	1890.6	1
11849227	11859168	1893.2	1
11859168	11871571	1894.0	1
11871571	11883218	1889.3	1
11883218	11895912	1886.1	1
11895912	11905266	1887.9	1
11905266	11920438	1890.3	1
11920438	11933002	1884.9	1
11933002	11954274	1887.1	1
11954274	11964322	1889.1	1
11964322	11976647	1888.5	1
11976647	11989066	1887.7	1
11989066	12001638	1888.7	1
12001638	12018910	1890.2	1
12018910	12029050	1885.7	1
12029050	12038564	1886.9	1
12038564	12053959	1885.1	1
12053959	12066013	1889.1	1
12066013	12080301	1892.2	1
12080301	12094751	1889.9	1
12094751	12107219	1888.9	1
12107219	12114083	1886.7	1
12114083	12131599	1891.2	1
12131599	12144053	1889.9	1
12144053	12156846	1894.0	1
12156846	12169160	1892.8	1
12169160	12178181	1891.0	1
12178181	12194064	1888.7	1
12194064	12212735	1894.0	1
12212735	12222883	1892.3	1
12222883	12234789	1889.5	1
12234789	12243565	1889.5	1
12243565	12255946	1884.1	1
12255946	12274524	1886.5	1
12274524	12286917	1894.2	1
12286917	12422277	1885.7	1
12422277	12441111	1917.3	0
12441111	12454093	1948.9	0
12454093	12469675	1959.7	0
12469675	12481874	1970.5	0
12481874	12490680	1900.4	0
12490680	12503327	1898.6	0
12503327	12519555	-1.0	0
12519555	12531530	-1.0	0
12531530	12543691	-1.0	0
12543691	12559111	-1.0	0
12559111	12573157	1897.0	0
12573157	12591740	1895.7	0
12591740	12602562	-1.0	0
12602562	12614795	-1.0	0
12614795	12628077	-1.0	0
12628077	12647331	-1.0	0
12647331	12664715	-1.0	0
12664715	12670522	-1.0	0
12670522	12686650	1884.4	0
12686650	12699005	1911.6	0
12699005	12711770	1904.2	0
12711770	12730723	-1.0	0
12730723	12744516	-1.0	0
12744516	12754194	-1.0	0
12754194	12772070	-1.0	0
12772070	12779610	-1.0	0
12779610	12798559	-1.0	0
12798559	12811409	-1.0	0
12811409	12826672	-1.0	0
12826672	12841619	-1.0	0
12841619	12854530	1899.4	0
12854530	12868906	1896.2	0
12868906	12884961	1898.0	0
12884961	12897238	1893.6	0
12897238	12906883	-1.0	0
12906883	12923821	-1.0	0
12923821	12946231	-1.0	0
12946231	12958884	-1.0	0
12958884	12969058	1901.0	0
12969058	12984149	1963.1	0
12984149	12995944	1960.2	0
12995944	13013075	1957.2	0
13013075	13020556	1955.2	0
13020556	13039901	1953.1	0
13039901	13055731	1923.8	0
13055731	13064442	1894.4	0
13064442	13074644	1899.6	0
13074644	13089045	1901.4	0
13089045	13101959	1892.8	0
13101959	13111433	1915.6	0
13111433	13122330	1907.0	0
13122330	13148054	1946.5	0
13148054	13153440	-1.0	0
13153440	13169416	-1.0	0
13169416	13182106	-1.0	0
13182106	13194525	1908.8	0
13194525	13204086	1941.5	0
13204086	13216838	1950.5	0
13216838	13229804	1905.0	0
13229804	13242390	1909.8	0
13242390	13258430	1908.2	0
13258430	13278295	1947.5	0
13278295	13282488	1894.8	0
13282488	13295021	1903.6	0
13295021	13308878	1904.1	0
13308878	13322212	-1.0	0
13322212	13341819	-1.0	0
13341819	13355878	-1.0	0
13355878	13364070	-1.0	0
13364070	13376913	-1.0	0
13376913	13390121	1907.0	0
13390121	13409900	1948.7	0
13409900	13419555	1953.5	0
13419555	13428204	1908.6	0
13428204	13446604	1911.8	0
13446604	13458545	1953.7	0
13458545	13471405	1912.4	0
13471405	13482306	1903.1	0
13482306	13498698	1893.8	0
13498698	13507769	1909.4	0
13507769	13520117	1865.0	0
13520117	13538307	1890.8	0
13538307	13551724	1887.2	0
13551724	13558997	1871.7	0
13558997	13572170	1856.2	0
13572170	13584310	1904.2	0
13584310	13602325	1914.8	0
13602325	13610510	1909.8	0
13610510	13633140	1894.2	0
13633140	13651186	1865.0	0
13651186	13658707	-1.0	0
13658707	13676852	-1.0	0
13676852	13683063	-1.0	0
13683063	13696520	1896.0	0
13696520	13715010	-1.0	0
13715010	13722777	-1.0	0
13722777	13745246	-1.0	0
13745246	13750133	-1.0	0
13750133	13767796	-1.0	0
13767796	13776300	1921.0	0
13776300	13793964	1906.7	0
13793964	13814473	1892.4	0
13814473	13825849	1908.4	0
13825849	13836723	1958.0	0
13836723	13846425	1907.4	0
13846425	13865234	1925.3	0
13865234	13882792	-1.0	0
13882792	13896197	-1.0	0
13896197	13906814	-1.0	0
13906814	13923979	-1.0	0
13923979	13930479	1940.7	0
13930479	13943581	1921.3	0
13943581	13961569	1902.0	0
13961569	13974241	-1.0	0
13974241	13991544	-1.0	0
13991544	14005095	-1.0	0
14005095	14015168	1897.4	0
14015168	14025522	1946.9	0
14025522	14040536	1914.4	0
14040536	14053913	1903.6	0
14053913	14066310	1892.8	0
14066310	14078697	1891.8	0
14078697	14091625	1907.8	0
14091625	14109555	1905.9	0
14109555	14119180	-1.0	0
14119180	14131591	-1.0	0
14131591	14149639	-1.0	0
14149639	14162691	-1.0	0
14162691	14177823	-1.0	0
14177823	14200837	-1.0	0
14200837	14211431	-1.0	0
14211431	14223587	1904.0	0
14223587	14235787	1902.8	0
14235787	14244300	1915.8	0
14244300	14262178	1913.8	0
14262178	14272510	1910.5	0
14272510	14286238	-1.0	0
14286238	14296522	-1.0	0
14296522	14313069	-1.0	0
14313069	14332927	-1.0	0
14332927	14346013	-1.0	0
14346013	14355681	1899.2	0
14355681	14370652	1920.8	0
14370652	14382005	1942.5	0
14382005	14401516	1927.2	0
14401516	14412061	1952.3	0
14412061	14422879	1964.5	0
14422879	14431406	1957.2	0
14431406	14443818	1904.4	0
14443818	14461243	1918.4	0
14461243	14474623	1955.2	0
14474623	14486792	1961.2	0
14486792	14499449	1915.0	0
14499449	14511863	1892.0	0
14511863	14527996	1922.2	0
14527996	14536443	1952.3	0
14536443	14549185	1951.7	0
14549185	14561756	1923.1	0
14561756	14570275	1894.4	0
14570275	14594650	1879.7	0
14594650	14610660	1865.0	0
14610660	14620187	-1.0	0
14620187	14636873	-1.0	0
14636873	14652082	-1.0	0
14652082	14674121	-1.0	0
14674121	14686405	-1.0	0
14686405	14692600	1907.8	0
14692600	14705053	1949.1	0
14705053	14717304	1953.8	0
14717304	14733170	1947.3	0
14733170	14743982	1961.5	0
14743982	14756651	1975.7	0
14756651	14773193	1942.7	0
14773193	14785200	1909.6	0
14785200	14798877	1906.7	0
14798877	14809982	1903.8	0
14809982	14829123	1898.6	0
14829123	14841534	1893.4	0
14841534	14850180	1897.2	0
14850180	14872405	1948.3	0
14872405	14883037	-1.0	0
14883037	14892687	-1.0	0
14892687	14911108	-1.0	0
14911108	14922556	-1.0	0
14922556	14942351	-1.0	0
14942351	14954988	1900.6	0
14954988	14967350	1904.0	0
14967350	14980067	1907.4	0
14980067	14992373	1930.3	0
14992373	15006557	-1.0	0
15006557	15022778	-1.0	0
15022778	15034777	-1.0	0
15034777	15047318	1913.6	0
15047318	15059373	1936.2	0
15059373	15077464	1958.8	0
15077464	15088487	1933.0	0
15088487	15096979	-1.0	0
15096979	15113236	-1.0	0
15113236	15127813	-1.0	0
15127813	15148001	-1.0	0
15148001	15158470	1909.6	0
15158470	15170308	1918.2	0
15170308	15180270	1976.1	0
15180270	15192351	1959.6	0
15192351	15208047	1961.5	0
15208047	15224064	1960.2	0
15224064	15236335	1956.8	0
15236335	15244664	1958.0	0
15244664	15260759	1961.6	0
15260759	15273932	1959.2	0
15273932	15283878	1952.1	0
15283878	15299435	1954.6	0
15299435	15307427	1934.6	0
15307427	15323789	1914.6	0
15323789	15336920	1911.2	0
15336920	15354217	1909.7	0
15354217	15363817	1908.2	0
15363817	15373678	-1.0	0
15373678	15385625	-1.0	0
15385625	15409708	-1.0	0
15409708	15422541	1867.4	0
15422541	15431815	1917.0	0
15431815	15444891	1901.0	0
15444891	15456908	1954.9	0
15456908	15469145	1948.7	0
15469145	15480725	1965.1	0
15480725	15494173	1962.5	0
15494173	15506612	1960.0	0
15506612	15518734	1961.3	0
15518734	15521083	1962.7	0
15521083	15536620	1927.0	0
15536620	15550512	1891.2	0
15550512	15561343	-1.0	0
15561343	15571604	-1.0	0
15571604	15587522	-1.0	0
15587522	15601830	-1.0	0
15601830	15620390	1950.3	0
15620390	15633844	1927.8	0
15633844	15646143	1905.2	0
15646143	15661282	1903.7	0
15661282	15673804	1902.2	0
15673804	15690519	1911.2	0
15690519	15696581	1952.3	0
15696581	15714771	1949.1	0
15714771	15721936	1954.3	0
15721936	15735738	1937.4	0
15735738	15754496	1920.6	0
15754496	15764073	-1.0	0
15764073	15777693	-1.0	0
15777693	15786273	-1.0	0
15786273	15803094	-1.0	0
15803094	15816512	-1.0	0
15816512	15832480	1894.0	0
15832480	15840524	1933.0	0
15840524	15857100	1971.9	0
15857100	15865039	1938.1	0
15865039	15882451	1904.2	0
15882451	15895670	1944.7	0
15895670	15907948	1916.4	0
15907948	15921924	1923.0	0
15921924	15932604	1912.3	0
15932604	15944902	1901.6	0
15944902	15950973	1956.4	0
15950973	15963130	1947.1	0
15963130	15975380	1942.3	0
15975380	15987490	1941.7	0
15987490	16010704	1912.4	0
16010704	16018793	1899.4	0
16018793	16037128	1947.5	0
16037128	16048891	1908.2	0
16048891	16061838	1945.5	0
16061838	16073147	1945.7	0
16073147	16085824	1961.9	0
16085824	16100635	1978.1	0
16100635	16109477	1963.1	0
16109477	16306754	1955.7	0
16306754	16311293	1894.0	1
16311293	16326806	1894.6	1
16326806	16339896	1892.2	1
16339896	16351864	1896.4	1
16351864	16370638	1896.6	1
16370638	16380802	1886.0	1
16380802	16386648	1889.7	1
16386648	16400964	1896.6	1
16400964	16412504	1892.6	1
16412504	16430764	1899.0	1
16430764	16441281	1896.0	1
16441281	16453618	1896.4	1
16453618	16466079	1897.2	1
16466079	16478064	1893.4	1
16478064	16500197	1891.8	1
16500197	16511661	1895.2	1
16511661	16522449	1890.8	1
16522449	16534571	1894.4	1
16534571	16547240	1894.0	1
16547240	16560254	1892.6	1
16560254	16573899	1893.4	1
16573899	16581240	1890.2	1
16581240	16593496	1890.5	1
16593496	16610701	1885.6	1
16610701	16626268	1886.9	1
16626268	16634445	1890.2	1
16634445	16650386	1886.7	1
16650386	16659962	1894.6	1
16659962	16672391	1889.0	1
16672391	16690591	1888.9	1
16690591	16701252	1886.3	1
16701252	16715254	1893.4	1
16715254	16725940	1895.2	1
16725940	16739369	1894.0	1
16739369	16750757	1893.0	1
16750757	16760046	1890.1	1
16760046	16776995	1892.6	1
16776995	16789325	1887.5	1
16789325	16801810	1887.3	1
16801810	16813498	1891.0	1
16813498	16826962	1912.4	1
16826962	16839054	1918.3	1
16839054	16850880	1916.1	1
16850880	16863972	1911.5	1
16863972	16878533	1906.6	1
16878533	16886340	1905.0	1
16886340	16903062	1905.8	1
16903062	16912825	1904.2	1
16912825	16924832	1901.2	1
16924832	16941538	1900.8	1
16941538	16949133	1899.8	1
16949133	16966547	1899.2	1
16966547	16973467	1899.4	1
16973467	16990453	1901.0	1
16990453	17000396	1897.8	1
17000396	17014117	1898.0	1
17014117	17026234	1899.4	1
17026234	17038256	1897.0	1
17038256	17057189	1898.2	1
17057189	17064145	1896.8	1
17064145	17080486	1899.0	1
17080486	17091454	1899.0	1
17091454	17102572	1893.8	1
17102572	17119134	1935.8	1
17119134	17132078	1894.8	1
17132078	17139984	1892.6	1
17139984	17158181	1934.5	1
17158181	17170460	1895.4	1
17170460	17182830	1895.8	1
17182830	17195109	1891.0	1
17195109	17207528	1895.4	1
17207528	17217706	1896.0	1
17217706	17232255	1893.8	1
17232255	17244365	1895.4	1
17244365	17261487	1895.2	1
17261487	17269268	1896.2	1
17269268	17287678	1896.6	1
17287678	17299382	1893.2	1
17299382	17312315	1895.6	1
17312315	17324851	1888.3	1
17324851	17337047	1890.3	1
17337047	17349334	1894.2	1
17349334	17356345	1896.2	1
17356345	17373923	1895.4	1
17373923	17386224	1896.6	1
17386224	17396784	1894.4	1
17396784	17409964	1889.5	1
17409964	17425503	1894.4	1
17425503	17440563	1892.0	1
17440563	17447603	1891.6	1
17447603	17457592	1893.6	1
17457592	17469098	1887.5	1
17469098	17484043	1896.4	1
17484043	17511337	1894.8	1
17511337	17526802	1909.6	1
17526802	17533833	1915.7	1
17533833	17550202	1912.3	1
17550202	17563079	1956.9	1
17563079	17575438	1907.0	1
17575438	17585830	1905.8	1
17585830	17604328	1952.2	1
17604328	17610441	1902.8	1
17610441	17622756	1901.8	1
17622756	17642496	1901.4	1
17642496	17649190	1898.6	1
17649190	17661721	1894.4	1
17661721	17674099	1890.8	1
17674099	17686561	1895.8	1
17686561	17707825	1896.8	1
17707825	17719997	1896.0	1
17719997	17728726	1894.8	1
17728726	17739618	1890.8	1
17739618	17750328	1893.8	1
17750328	17766672	1895.8	1
17766672	17776420	1896.4	1
17776420	17791257	1896.8	1
17791257	17803661	1890.3	1
17803661	17813879	1893.2	1
17813879	17832182	1892.2	1
17832182	17846241	1895.0	1
17846241	17855253	1895.2	1
17855253	17868441	1895.4	1
17868441	17883241	1891.8	1
17883241	17899670	1895.6	1
17899670	17907925	1932.1	1
17907925	17921286	1889.2	1
17921286	17933459	1891.8	1
17933459	17944967	1888.7	1
17944967	17962561	1896.0	1
17962561	17973250	1891.2	1
17973250	17986218	1890.5	1
17986218	18000371	1894.2	1
18000371	18010131	1892.8	1
18010131	18026409	1894.8	1
18026409	18037495	1897.6	1
18037495	18049830	1898.0	1
18049830	18062180	1897.8	1
18062180	18069527	1897.0	1
18069527	18090870	1945.9	1
18090870	18103113	1895.2	1
18103113	18115622	1895.6	1
18115622	18124023	1895.6	1
18124023	18140488	1898.0	1
18140488	18153206	1894.2	1
18153206	18166836	1889.9	1
18166836	18172902	1889.5	1
18172902	18185235	1888.5	1
18185235	18197505	1897.6	1
18197505	18211734	1898.4	1
18211734	18225887	1897.4	1
18225887	18234420	1893.2	1
18234420	18250657	1887.7	1
18250657	18259265	1894.0	1
18259265	18280869	1893.2	1
18280869	18290073	1895.8	1
18290073	18306385	1899.8	1
18306385	18318664	1897.4	1
18318664	18325515	1896.2	1
18325515	18346675	1897.4	1
18346675	18356962	1896.4	1
18356962	18366014	1896.2	1
18366014	18376966	1895.6	1
18376966	18394318	1894.2	1
18394318	18410947	1893.4	1
18410947	18422000	1895.6	1
18422000	18432567	1897.4	1
18432567	18444843	1897.0	1
18444843	18456775	1894.6	1
18456775	18470285	1896.8	1
18470285	18480188	1895.8	1
18480188	18498724	1894.0	1
18498724	18509289	1891.6	1
18509289	18517115	1886.3	1
18517115	18535372	1887.9	1
18535372	18547773	1893.2	1
18547773	18556667	1888.5	1
18556667	18568979	1886.9	1
18568979	18584011	1894.8	1
18584011	18596346	1894.4	1
18596346	18609423	1897.0	1
18609423	18621723	1898.4	1
18621723	18634090	1895.8	1
18634090	18646509	1892.2	1
18646509	18664896	1896.4	1
18664896	18677233	1896.2	1
18677233	18689202	1894.2	1
18689202	18696030	1892.8	1
18696030	18713909	1895.6	1
18713909	18726256	1896.4	1
18726256	18739779	1895.8	1
18739779	18749590	1897.4	1
18749590	18761515	1893.0	1
18761515	18773720	1895.8	1
18773720	18790977	1894.0	1
18790977	18805679	1897.6	1
18805679	18812951	1898.4	1
18812951	18824186	1898.4	1
18824186	18841644	1897.2	1
18841644	18854776	1896.4	1
18854776	18868213	1896.6	1
18868213	18876731	1897.2	1
18876731	18892752	1896.2	1
18892752	18904968	1895.4	1
18904968	18922205	1897.8	1
18922205	18934348	1890.2	1
18934348	18940657	1893.8	1
18940657	18957010	1896.2	1
18957010	18969210	1896.0	1
18969210	18979085	1958.7	1
18979085	18990022	1898.6	1
18990022	19006903	1892.0	1
19006903	19018904	1895.8	1
19018904	19027133	1893.6	1
19027133	19051968	1896.2	1
19051968	19061883	1897.4	1
19061883	19070432	1895.8	1
19070432	19083918	1898.0	1
19083918	19096045	1891.4	1
19096045	19113639	1888.3	1
19113639	19119931	1891.1	1
19119931	19138738	1890.9	1
19138738	19151227	1894.8	1
19151227	19157393	1894.8	1
19157393	19175260	1890.9	1
19175260	19188556	1897.2	1
19188556	19201328	1897.6	1
19201328	19207981	1894.6	1
19207981	19223265	1892.8	1
19223265	19237656	1895.4	1
19237656	19253340	1888.5	1
19253340	19262622	1896.6	1
19262622	19272744	1894.8	1
19272744	19286974	1896.6	1
19286974	19302108	1896.4	1
19302108	19312124	1900.0	1
19312124	19329440	1947.7	1
19329440	19342514	1897.6	1
19342514	19354230	1898.2	1
19354230	19369369	1891.1	1
19369369	19379559	1897.2	1
19379559	19391879	1898.4	1
19391879	19404217	1888.9	1
19404217	19413507	1896.0	1
19413507	19434564	1892.8	1
19434564	19445906	1889.8	1
19445906	19452982	1897.0	1
19452982	19465231	1898.6	1
19465231	19480634	1895.2	1
19480634	19494429	1898.6	1
19494429	19502370	1897.6	1
19502370	19514567	1899.0	1
19514567	19532668	1897.0	1
19532668	19544883	1896.2	1
19544883	19563216	1896.8	1
19563216	19571085	1897.2	1
19571085	19580975	1894.2	1
19580975	19595024	1899.8	1
19595024	19605129	1897.6	1
19605129	19621340	1898.4	1
19621340	19630974	1898.0	1
19630974	19649309	1893.8	1
19649309	19661641	1893.0	1
19661641	19668095	1896.6	1
19668095	19685643	1897.0	1
19685643	19698639	1898.2	1
19698639	19711036	1897.8	1
19711036	19723407	1899.6	1
19723407	19735692	1899.2	1
19735692	19754154	1898.2	1
19754154	19763620	1893.0	1
19763620	19772641	1896.8	1
19772641	19789647	1898.4	1
19789647	19802128	1900.2	1
19802128	19816968	1895.8	1
19816968	19821915	1898.2	1
19821915	19834443	1900.2	1
19834443	19974197	1901.0	1
19974197	19996613	1912.4	0
19996613	20006750	1923.8	0
20006750	20015828	1891.4	0
20015828	20028184	1916.6	0
20028184	20042583	1887.8	0
20042583	20052880	1894.1	0
20052880	20075731	1900.4	0
20075731	20083050	1901.0	0
20083050	20097813	1899.2	0
20097813	20110009	1952.6	0
20110009	20122271	1903.0	0
20122271	20137126	1904.6	0
20137126	20152655	1945.4	0
20152655	20166875	1917.8	0
20166875	20182479	1929.5	0
20182479	20196243	-1.0	0
20196243	20211144	-1.0	0
20211144	20223376	-1.0	0
20223376	20239219	1894.0	0
20239219	20251404	1906.2	0
20251404	20264317	-1.0	0
20264317	20275049	-1.0	0
20275049	20285008	-1.0	0
20285008	20303677	-1.0	0
20303677	20316848	1902.6	0
20316848	20323479	1946.9	0
20323479	20347600	1908.0	0
20347600	20358696	1944.5	0
20358696	20372316	1945.9	0
20372316	20379045	1856.2	0
20379045	20396965	1879.3	0
20396965	99999999	1902.4	0
