#Processing Run 48074 for polarization tables
#The run table thinks this was a DSWAPL2 run
#Corresponding AMO file is :/home/clasg8/rootbeer2.1/dat/pol/amo_tesc_48073.dat
#Coherent Edge positions for TESC events follow:
#Event	Coh Edge	PolPlane(PARA=0,PERP=1,AMO=2,CHANGING=3)
1263	10054	1684.8	0
10054	16352	1715.7	0
16352	23215	1714.4	0
23215	36223	-1.0	0
36223	46698	-1.0	0
46698	77496	-1.0	0
77496	86297	1712.1	0
86297	129089	1721.7	0
129089	142291	1713.3	0
142291	159891	1725.9	0
159891	175092	1725.3	0
175092	185491	1721.5	0
185491	203089	1726.1	0
203089	216289	1727.3	0
216289	225088	1728.5	0
225088	249488	1728.7	0
249488	299082	1728.9	0
299082	347482	1712.7	0
347482	360680	1725.7	0
360680	385077	1729.2	0
385077	407478	1732.7	0
407478	433475	1724.3	0
433475	455876	1722.7	0
455876	467473	1718.5	0
467473	507473	-1.0	0
507473	523869	-1.0	0
523869	532671	-1.0	0
532671	545866	-1.0	0
545866	563870	-1.0	0
563870	576669	-1.0	0
576669	593468	-1.0	0
593468	616667	1723.3	0
616667	643066	1717.3	0
643066	666265	1728.5	0
666265	675064	1728.5	0
675064	692662	1732.1	0
692662	714662	1721.3	0
714662	728261	1729.1	0
728261	740660	-1.0	0
740660	814656	-1.0	0
814656	823455	-1.0	0
823455	836655	1724.9	0
836655	854253	1723.3	0
854253	869453	1724.9	0
869453	897451	1724.7	0
897451	944648	1720.3	0
944648	949448	1728.7	0
949448	962247	1718.1	0
962247	975844	1726.7	0
975844	1045042	1730.9	0
1045042	1058241	1725.1	0
1058241	1075840	1724.7	0
1075840	1114634	1728.9	0
1114634	1131836	1732.7	0
1131836	1161835	1725.9	0
1161835	1175033	1726.9	0
1175033	1188633	1730.5	0
1188633	1197033	1730.1	0
1197033	1215831	1678.4	0
1215831	1227430	1626.8	0
1227430	1266629	1734.1	0
1266629	1292226	1724.9	0
1292226	1301024	1730.3	0
1301024	1310226	1733.5	0
1310226	1327025	1736.7	0
1327025	1353823	1731.7	0
1353823	1396619	1726.7	0
1396619	1409820	1734.1	0
1409820	1439418	1726.7	0
1439418	1448215	1735.7	0
1448215	1461817	1734.5	0
1461817	1479015	1733.3	0
1479015	1493415	1724.3	0
1493415	1531013	1728.7	0
1531013	1567410	1729.7	0
1567410	1574204	1724.5	0
1574204	1587009	1720.7	0
1587009	1600207	1722.5	0
1600207	1637406	1723.3	0
1637406	1643006	1704.9	0
1643006	1656203	1713.7	0
1656203	1669404	1730.1	0
1669404	1687002	1736.5	0
1687002	1705402	1731.3	0
1705402	1738596	1731.3	0
1738596	1751799	1730.1	0
1751799	1770198	1722.9	0
1770198	1794996	1726.1	0
1794996	1839394	1727.1	0
1839394	1855393	1699.1	0
1855393	1924989	1725.7	0
1924989	1933788	1725.3	0
1933788	1951387	1716.7	0
1951387	1980585	1725.9	0
1980585	1993383	1717.7	0
1993383	2006584	1723.1	0
2006584	2037782	1723.1	0
2037782	2072980	1728.3	0
2072980	2090579	1722.7	0
2090579	2103778	1722.3	0
2103778	2141372	1719.9	0
2141372	2154173	1704.5	0
2154173	2171771	1726.1	0
2171771	2190172	1728.5	0
2190172	2223769	1722.3	0
2223769	2236970	1724.1	0
2236970	2254968	1731.7	0
2254968	2266567	1732.8	0
2266567	2284567	1733.9	0
2284567	2324963	1726.5	0
2324963	2340563	1729.7	0
2340563	2349763	1730.5	0
2349763	2366962	1731.3	0
2366962	2380560	1775.8	0
2380560	2405759	1708.1	0
2405759	2418958	1726.5	0
2418958	2452957	1719.9	0
2452957	2482155	1725.9	0
2482155	2498554	1726.7	0
2498554	2519746	1719.9	0
2519746	2534150	1723.5	0
2534150	2562149	1726.7	0
2562149	2586547	1702.1	0
2586547	2602147	1720.1	0
2602147	2610432	1721.9	0
2610432	2627378	1735.1	0
2627378	2641217	1720.9	0
2641217	2666179	1719.3	0
2666179	2675338	1707.3	0
2675338	2689807	1725.9	0
2689807	2698852	1714.5	0
2698852	2714818	1704.1	0
2714818	2732446	1722.7	0
2732446	2743882	1720.7	0
2743882	2757368	1712.9	0
2757368	2771262	1722.3	0
2771262	2789249	1718.9	0
2789249	2802828	1717.3	0
2802828	2816366	1722.5	0
2816366	2834159	1723.7	0
2834159	2843870	1724.7	0
2843870	2859948	1722.5	0
2859948	2883333	1722.7	0
2883333	2893250	1722.1	0
2893250	2904378	1727.9	0
2904378	2918485	1729.9	0
2918485	2936734	1722.7	0
2936734	2950183	1723.3	0
2950183	2960759	1722.9	0
2960759	2980782	1723.9	0
2980782	2994513	1722.5	0
2994513	3003512	1721.1	0
3003512	3029743	1725.9	0
3029743	3036806	1726.9	0
3036806	3057772	1719.5	0
3057772	3071200	1730.3	0
3071200	3078442	1722.7	0
3078442	3096207	1724.3	0
3096207	3112802	1715.7	0
3112802	3120230	1722.5	0
3120230	3134226	1720.9	0
3134226	3151871	1723.8	0
3151871	3167009	1726.7	0
3167009	3178700	1723.7	0
3178700	3192782	1722.1	0
3192782	3210553	1725.1	0
3210553	3220742	1706.7	0
3220742	3238767	1720.3	0
3238767	3252643	1705.5	0
3252643	3264157	1707.7	0
3264157	3283717	1721.9	0
3283717	3298911	1719.7	0
3298911	3312387	1722.9	0
3312387	3328926	1726.1	0
3328926	3336786	1734.3	0
3336786	3350811	1735.7	0
3350811	3370528	1723.1	0
3370528	3385980	1626.4	0
3385980	3398736	1678.6	0
3398736	3411170	1730.7	0
3411170	3424639	1729.1	0
3424639	3439382	1704.3	0
3439382	3460344	1714.9	0
3460344	3471995	1725.5	0
3471995	3486037	1722.7	0
3486037	3505583	1728.5	0
3505583	3520717	1725.5	0
3520717	3534255	1719.9	0
3534255	3549253	1720.7	0
3549253	3560408	1719.3	0
3560408	3574813	1723.5	0
3574813	3590064	1713.9	0
3590064	3612341	1723.3	0
3612341	3624477	1702.3	0
3624477	3632587	1719.3	0
3632587	3647270	1720.1	0
3647270	3665012	1724.1	0
3665012	3678255	1698.7	0
3678255	3691740	1700.7	0
3691740	3710574	1720.9	0
3710574	3724506	1721.9	0
3724506	3738518	1702.3	0
3738518	3944402	1720.1	0
3944402	3959138	1694.3	1
3959138	3975815	1692.5	1
3975815	3986335	1694.5	1
3986335	4008266	1694.0	1
4008266	4013966	1691.9	1
4013966	4033747	1695.6	1
4033747	4048451	1694.8	1
4048451	4061452	1693.1	1
4061452	4074730	1691.1	1
4074730	4087307	1695.5	1
4087307	4103223	1696.6	1
4103223	4116879	1696.0	1
4116879	4130331	1696.0	1
4130331	4151010	1696.4	1
4151010	4157920	1695.6	1
4157920	4177164	1695.4	1
4177164	4190525	1696.0	1
4190525	4206068	1694.8	1
4206068	4225468	1694.4	1
4225468	4965305	1695.4	1
4965305	4975363	1691.0	1
4975363	4988452	1697.0	1
4988452	5000919	1695.6	1
5000919	5013179	1694.8	1
5013179	5031330	1695.8	1
5031330	5042354	1695.4	1
5042354	5059135	1696.6	1
5059135	5071271	1704.3	1
5071271	5086077	1695.5	1
5086077	5096595	1696.4	1
5096595	5107089	1696.4	1
5107089	5125459	1696.0	1
5125459	5131831	1695.0	1
5131831	5151047	1696.2	1
5151047	5163803	1694.6	1
5163803	5182406	1694.6	1
5182406	5187970	1696.4	1
5187970	5203809	1696.4	1
5203809	5215000	1697.4	1
5215000	5237613	1698.0	1
5237613	5247717	1693.4	1
5247717	5258217	1694.6	1
5258217	5272254	1696.6	1
5272254	5281269	1697.4	1
5281269	5286106	1726.7	1
5286106	5294211	1728.5	1
5294211	5298022	1724.1	1
5298022	5306177	1723.3	1
5306177	5323475	1725.9	1
5323475	5336110	1724.3	1
5336110	5348884	1718.1	1
5348884	5361674	1715.3	1
5361674	5369313	1715.7	1
5369313	5387537	1727.1	1
5387537	5400361	1715.7	1
5400361	5413233	1724.7	1
5413233	5426692	1699.1	1
5426692	5437205	1701.5	1
5437205	5454919	1701.5	1
5454919	5470500	1701.3	1
5470500	5478384	1699.9	1
5478384	5491536	1701.3	1
5491536	5511085	1699.7	1
5511085	5526551	1695.6	1
5526551	5537265	1696.4	1
5537265	5550244	1751.8	1
5550244	5574375	1692.2	1
5574375	5596536	1697.6	1
5596536	5604593	1695.8	1
5604593	5617191	1694.2	1
5617191	5628369	1706.1	1
5628369	5641174	1694.7	1
5641174	5663753	1728.5	1
5663753	5673937	1694.4	1
5673937	5685243	1693.9	1
5685243	5698201	1696.2	1
5698201	5711913	1696.6	1
5711913	5726375	1699.1	1
5726375	5736480	1707.1	1
5736480	5751413	1698.5	1
5751413	5765339	1693.7	1
5765339	5781709	1691.5	1
5781709	5792470	1689.9	1
5792470	5805424	1699.5	1
5805424	5817724	1734.1	1
5817724	5825943	1689.7	1
5825943	5844070	1694.6	1
5844070	5876851	1695.4	1
5876851	5890078	1695.4	1
5890078	5897018	1695.1	1
5897018	5916188	1694.6	1
5916188	5929687	1696.9	1
5929687	5941022	1695.6	1
5941022	5958312	1695.4	1
5958312	5966310	1694.6	1
5966310	5983807	1694.4	1
5983807	6000582	1694.6	1
6000582	6013713	1695.2	1
6013713	6019882	1694.8	1
6019882	6038222	1696.2	1
6038222	6046135	1694.4	1
6046135	6065919	1696.2	1
6065919	6075719	1695.8	1
6075719	6088841	1695.2	1
6088841	6101430	1694.8	1
6101430	6114235	1690.1	1
6114235	6137465	1695.8	1
6137465	6147504	1692.3	1
6147504	6156928	1695.4	1
6156928	6170144	1696.6	1
6170144	6186068	1697.2	1
6186068	6202773	1691.5	1
6202773	6215692	1691.3	1
6215692	6222783	1691.5	1
6222783	6241886	1694.8	1
6241886	6254932	1696.6	1
6254932	6271057	1696.2	1
6271057	6280374	1697.0	1
6280374	6292307	1692.5	1
6292307	6305397	1693.5	1
6305397	6319462	1728.1	1
6319462	6336350	1695.4	1
6336350	6471415	-1.0	1
6471415	6489232	-1.0	0
6489232	6501105	-1.0	0
6501105	6526918	-1.0	0
6526918	6539107	1737.1	0
6539107	6552465	1735.5	0
6552465	6566669	1735.7	0
6566669	6580319	1733.4	0
6580319	6593596	1731.1	0
6593596	6606822	1725.1	0
6606822	6620117	1729.5	0
6620117	6631363	1733.7	0
6631363	6646539	1733.5	0
6646539	6665511	1732.1	0
6665511	6680430	1727.5	0
6680430	6690956	1725.5	0
6690956	6704744	1723.5	0
6704744	6715067	1728.1	0
6715067	6735047	1728.3	0
6735047	6749396	1728.5	0
6749396	6762388	1729.5	0
6762388	6772889	1717.5	0
6772889	6788393	1724.5	0
6788393	6802753	1726.7	0
6802753	6813337	1724.5	0
6813337	6826398	1725.1	0
6826398	6842589	1721.5	0
6842589	6852282	1730.5	0
6852282	6868313	1726.5	0
6868313	6885491	1730.3	0
6885491	6892384	1729.3	0
6892384	6913120	1730.9	0
6913120	6918496	1720.9	0
6918496	6939504	1720.3	0
6939504	6952542	1724.3	0
6952542	6962858	1721.9	0
6962858	6976254	1721.1	0
6976254	6988854	1723.3	0
6988854	7011169	1723.7	0
7011169	7029933	1732.3	0
7029933	7040366	1681.0	0
7040366	7052435	1629.8	0
7052435	7070424	1735.9	0
7070424	7082408	1680.2	0
7082408	7104386	1624.4	0
7104386	7115182	1655.0	0
7115182	7129405	-1.0	0
7129405	7149275	-1.0	0
7149275	7165295	-1.0	0
7165295	7180856	-1.0	0
7180856	7195579	-1.0	0
7195579	7210220	1731.7	0
7210220	7223381	1727.5	0
7223381	7241438	1732.5	0
7241438	7255131	1723.9	0
7255131	7267805	1718.7	0
7267805	7287012	1725.3	0
7287012	7295206	1723.9	0
7295206	7312811	1726.9	0
7312811	7329558	1732.5	0
7329558	7343323	1732.3	0
7343323	7357181	1731.5	0
7357181	7365609	1723.3	0
7365609	7390767	1722.7	0
7390767	7401638	1722.1	0
7401638	7411301	1725.3	0
7411301	7423628	1724.5	0
7423628	7438069	1731.1	0
7438069	7456282	1732.2	0
7456282	7474680	1733.3	0
7474680	7488312	1731.5	0
7488312	7502237	1733.1	0
7502237	7509763	1732.1	0
7509763	7530060	1734.1	0
7530060	7541765	1734.5	0
7541765	7557523	1735.0	0
7557523	7577152	1735.5	0
7577152	7587403	1730.7	0
7587403	7608062	1732.1	0
7608062	7617335	1740.1	0
7617335	7629103	1723.7	0
7629103	7643024	1725.7	0
7643024	7663082	1731.5	0
7663082	7676896	1726.3	0
7676896	7691801	1728.9	0
7691801	7702297	1728.5	0
7702297	7719356	1728.7	0
7719356	7730161	1709.9	0
7730161	7754246	1720.9	0
7754246	7765435	1715.3	0
7765435	7774552	1722.1	0
7774552	7788463	1707.5	0
7788463	7802157	1729.9	0
7802157	7823834	1721.3	0
7823834	7831499	1727.5	0
7831499	7845952	1726.5	0
7845952	7859977	1723.3	0
7859977	7873307	1720.3	0
7873307	7898189	1723.1	0
7898189	7904700	1714.1	0
7904700	7918125	1723.7	0
7918125	7932466	1725.1	0
7932466	7949874	1718.1	0
7949874	7968034	1720.1	0
7968034	7981804	1734.1	0
7981804	7995028	1728.1	0
7995028	8009393	1726.7	0
8009393	8021969	1727.7	0
8021969	8035066	1723.3	0
8035066	8052033	1727.4	0
8052033	8062670	1731.5	0
8062670	8079049	1724.3	0
8079049	8088822	1725.9	0
8088822	8108746	1727.7	0
8108746	8125956	1727.3	0
8125956	8138861	1728.3	0
8138861	8148457	1732.1	0
8148457	8168117	1729.1	0
8168117	8178785	1723.5	0
8178785	8191460	1725.1	0
8191460	8205272	1736.9	0
8205272	8224422	1721.5	0
8224422	8238523	1725.7	0
8238523	8252509	1726.5	0
8252509	8264212	1724.3	0
8264212	8278044	1732.9	0
8278044	8291027	1727.3	0
8291027	8304646	1730.5	0
8304646	8325690	1628.0	0
8325690	8334638	1730.7	0
8334638	8354626	1733.5	0
8354626	8369001	1726.5	0
8369001	8381599	1726.9	0
8381599	8398702	1727.3	0
8398702	8407743	1729.3	0
8407743	8421843	1731.9	0
8421843	8439006	1726.1	0
8439006	8452754	1737.3	0
8452754	8473319	1736.7	0
8473319	8480152	1724.1	0
8480152	8497115	1727.5	0
8497115	8510445	1728.9	0
8510445	8524191	1736.3	0
8524191	8542366	1730.3	0
8542366	8551552	1724.7	0
8551552	8569390	1727.9	0
8569390	8577952	1730.5	0
8577952	8597134	1727.7	0
8597134	8610942	1730.7	0
8610942	8627934	1725.3	0
8627934	8638013	1737.7	0
8638013	8651638	1727.1	0
8651638	8666004	1730.1	0
8666004	8687466	1725.1	0
8687466	8694409	1723.9	0
8694409	8714020	1712.9	0
8714020	8727103	1726.3	0
8727103	8735599	1732.5	0
8735599	8756459	1726.9	0
8756459	8770193	1729.3	0
8770193	8784588	1729.5	0
8784588	8794252	1737.5	0
8794252	8812242	1732.1	0
8812242	8832995	1724.5	0
8832995	8845295	1732.1	0
8845295	8855485	1735.1	0
8855485	8868218	1728.4	0
8868218	8882135	1721.7	0
8882135	8907575	1724.1	0
8907575	8911602	1726.1	0
8911602	8931125	1731.5	0
8931125	8945318	1728.9	0
8945318	8959733	1679.6	0
8959733	8978283	1630.2	0
8978283	8989462	1743.8	0
8989462	8998831	1724.9	0
8998831	9019125	1723.1	0
9019125	9033361	1722.3	0
9033361	9050421	1724.1	0
9050421	9062195	1721.9	0
9062195	9072659	1721.9	0
9072659	9095171	1732.5	0
9095171	9108924	1728.5	0
9108924	9122771	1724.5	0
9122771	9136466	1730.5	0
9136466	9151725	1728.9	0
9151725	9163095	1727.7	0
9163095	9175657	1725.1	0
9175657	9199154	1721.5	0
9199154	9211190	1729.9	0
9211190	9219884	1727.3	0
9219884	9233853	1719.7	0
9233853	9253150	1711.3	0
9253150	9270985	1705.5	0
9270985	9282115	1730.3	0
9282115	9296747	1725.9	0
9296747	9305727	1713.1	0
9305727	9319561	1736.3	0
9319561	9338973	1722.9	0
9338973	9356253	1723.1	0
9356253	9369524	1706.9	0
9369524	9383914	1728.3	0
9383914	9392337	1731.5	0
9392337	9421576	1734.3	0
9421576	9441363	1731.5	0
9441363	9455284	1720.9	0
9455284	9463397	1726.3	0
9463397	9485850	1735.7	0
9485850	9494853	1729.3	0
9494853	9512396	1722.3	0
9512396	9522948	1725.3	0
9522948	9539662	1711.9	0
9539662	9556103	1723.7	0
9556103	9572082	1714.5	0
9572082	9584493	1702.5	0
9584493	9599201	1727.7	0
9599201	9608651	1727.9	0
9608651	9628116	1727.7	0
9628116	9638855	1730.3	0
9638855	9652838	1629.4	0
9652838	9669097	1686.6	0
9669097	9681887	1743.8	0
9681887	9701601	1736.7	0
9701601	9717729	1723.9	0
9717729	9731383	1718.9	0
9731383	9746426	1729.3	0
9746426	9759431	-1.0	0
9759431	9782603	-1.0	0
9782603	9788303	-1.0	0
9788303	9806695	-1.0	0
9806695	9828777	-1.0	0
9828777	9838543	-1.0	0
9838543	9859011	1727.9	0
9859011	9867424	1723.7	0
9867424	9881155	1722.5	0
9881155	9900514	1721.7	0
9900514	9908605	1702.7	0
9908605	9929688	1704.1	0
9929688	9941814	1722.7	0
9941814	9956235	1730.1	0
9956235	9970800	-1.0	0
9970800	9981767	-1.0	0
9981767	10005004	-1.0	0
10005004	10018957	1733.3	0
10018957	10032701	1731.3	0
10032701	10047635	1729.9	0
10047635	10061537	1727.9	0
10061537	10075333	1725.9	0
10075333	10089908	1733.1	0
10089908	10100402	1728.7	0
10100402	10116963	1730.1	0
10116963	10130264	1723.7	0
10130264	10147746	1707.3	0
10147746	10160592	1736.7	0
10160592	10176662	1701.7	0
10176662	10191811	1696.9	0
10191811	10200473	1730.1	0
10200473	10221473	1731.9	0
10221473	10232384	1732.1	0
10232384	10249136	1732.7	0
10249136	10263045	1692.0	0
10263045	10276893	1724.3	0
10276893	10290613	1723.5	0
10290613	10307383	1725.1	0
10307383	10317108	1728.9	0
10317108	10336938	1722.9	0
10336938	10344965	1723.7	0
10344965	10364748	1721.9	0
10364748	10381175	1722.1	0
10381175	10395134	1723.1	0
10395134	10403262	1723.3	0
10403262	10423927	1730.1	0
10423927	10437245	1730.3	0
10437245	10452895	1730.5	0
10452895	10466612	1721.7	0
10466612	10480605	1726.3	0
10480605	10489039	1723.5	0
10489039	10512292	1711.9	0
10512292	10527850	1728.5	0
10527850	10541072	1735.5	0
10541072	10555629	1710.7	0
10555629	10563948	1721.5	0
10563948	10584679	1732.1	0
10584679	10595526	1729.1	0
10595526	10609364	1724.9	0
10609364	10622910	1721.9	0
10622910	10639585	1722.1	0
10639585	10655791	1723.7	0
10655791	10670845	1725.7	0
10670845	10685143	1725.3	0
10685143	10694877	1724.3	0
10694877	10708540	1723.3	0
10708540	10919451	1726.1	0
10919451	10930283	1690.6	1
10930283	10943982	1688.9	1
10943982	10957156	1690.1	1
10957156	10979844	1689.7	1
10979844	10987764	1691.3	1
10987764	11004760	1691.7	1
11004760	11014680	1689.5	1
11014680	11028813	1689.5	1
11028813	11046515	1688.7	1
11046515	11062663	1691.3	1
11062663	11076910	1691.9	1
11076910	11089561	1689.1	1
11089561	11098877	1691.1	1
11098877	11123349	1691.5	1
11123349	11132771	1690.7	1
11132771	11145755	1691.3	1
11145755	11161204	1691.3	1
11161204	11172745	1691.3	1
11172745	11194881	1687.7	1
11194881	11205589	1688.9	1
11205589	11219789	1688.5	1
11219789	11233467	1688.7	1
11233467	11241692	1689.9	1
11241692	11266436	1691.5	1
11266436	11275717	1690.7	1
11275717	11294580	1730.1	1
11294580	11303163	1728.1	1
11303163	11321840	1688.9	1
11321840	11336384	1686.8	1
11336384	11351280	1689.1	1
11351280	11364889	1689.5	1
11364889	11378607	1689.5	1
11378607	11391541	1691.5	1
11391541	11411782	1689.9	1
11411782	11419675	1688.9	1
11419675	11435535	1688.7	1
11435535	11446248	1689.7	1
11446248	11459425	1690.9	1
11459425	11476609	1690.5	1
11476609	11487131	1684.2	1
11487131	11501593	1683.6	1
11501593	11515363	1688.1	1
11515363	11528908	1689.3	1
11528908	11543004	1688.9	1
11543004	11563043	1689.7	1
11563043	11574316	1689.3	1
11574316	11583375	1684.4	1
11583375	11597296	1687.7	1
11597296	11616669	1691.7	1
11616669	11631852	1690.1	1
11631852	11645458	1690.9	1
11645458	11659262	1689.3	1
11659262	11666857	1691.3	1
11666857	11692329	1692.3	1
11692329	11700265	1690.3	1
11700265	11713730	1688.7	1
11713730	11727008	1691.3	1
11727008	11742736	1690.5	1
11742736	11764450	1688.5	1
11764450	11768419	1690.1	1
11768419	11787125	1689.7	1
11787125	11800865	1689.9	1
11800865	11814621	1692.3	1
11814621	11826407	1690.7	1
11826407	11836272	1688.0	1
11836272	11856815	1730.9	1
11856815	11863678	1691.1	1
11863678	11883937	1690.9	1
11883937	11904416	1689.7	1
11904416	11915550	1685.2	1
11915550	11924138	1689.3	1
11924138	11938460	1691.3	1
11938460	11951315	1691.2	1
11951315	11968720	1690.9	1
11968720	11982047	1691.3	1
11982047	11995543	1692.3	1
11995543	12010127	1688.7	1
12010127	12023859	1689.1	1
12023859	12047036	1684.2	1
12047036	12053637	1687.7	1
12053637	12070150	1686.9	1
12070150	12081125	1689.9	1
12081125	12096685	1689.9	1
12096685	12113003	1690.3	1
12113003	12123048	1689.7	1
12123048	12142795	1688.5	1
12142795	12157130	1687.7	1
12157130	12164291	1687.5	1
12164291	12187964	1688.1	1
12187964	12194265	1690.5	1
12194265	12208187	1689.9	1
12208187	12225697	1690.5	1
12225697	12239292	1690.9	1
12239292	12256005	1690.3	1
12256005	12266487	1692.5	1
12266487	12280227	1690.1	1
12280227	12298212	1691.1	1
12298212	12312359	1690.1	1
12312359	12326791	1691.5	1
12326791	12341536	1690.7	1
12341536	12355502	1690.3	1
12355502	12362670	1692.5	1
12362670	12382762	1691.9	1
12382762	12402203	1692.1	1
12402203	12409259	1692.1	1
12409259	12427940	1691.7	1
12427940	12438879	1691.3	1
12438879	12452550	1691.7	1
12452550	12471325	1691.3	1
12471325	12484910	1688.9	1
12484910	12497301	1687.9	1
12497301	12511143	1690.3	1
12511143	12518747	1689.3	1
12518747	12537840	1687.9	1
12537840	12548304	1687.7	1
12548304	12568458	1688.5	1
12568458	12578122	1690.5	1
12578122	12591066	1691.7	1
12591066	12608720	1692.1	1
12608720	12619523	1692.1	1
12619523	12634156	1692.1	1
12634156	12647492	1693.6	1
12647492	12660553	1694.4	1
12660553	12688223	1691.5	1
12688223	12695386	1687.3	1
12695386	12707439	1690.3	1
12707439	12717809	1690.5	1
12717809	12735624	1689.3	1
12735624	12749109	1689.7	1
12749109	12760718	1690.9	1
12760718	12774693	1691.1	1
12774693	12791531	1690.3	1
12791531	12800829	1691.7	1
12800829	12824384	1691.9	1
12824384	12831266	1690.9	1
12831266	12844889	1691.1	1
12844889	12858718	1691.7	1
12858718	12879001	1691.7	1
12879001	12891271	1692.1	1
12891271	12901925	1692.5	1
12901925	12915137	1692.1	1
12915137	12933125	1729.1	1
12933125	12943059	1692.3	1
12943059	12962154	1747.0	1
12962154	12977333	1691.5	1
12977333	12987551	1690.9	1
12987551	13004940	1691.7	1
13004940	13019257	1691.5	1
13019257	13034321	1691.3	1
13034321	13043166	1691.3	1
13043166	13061850	1691.5	1
13061850	13069792	1691.9	1
13069792	13088885	1692.1	1
13088885	13111051	1690.5	1
13111051	13121522	1685.2	1
13121522	13130440	1687.9	1
13130440	13142132	1688.3	1
13142132	13157210	1689.3	1
13157210	13175754	1690.9	1
13175754	13185742	1692.7	1
13185742	13199351	1689.4	1
13199351	13212847	1690.4	1
13212847	13230981	1691.3	1
13230981	13247337	1694.0	1
13247337	13259869	1693.6	1
13259869	13275322	1691.5	1
13275322	13288984	1691.7	1
13288984	13297844	1690.3	1
13297844	13319977	1693.6	1
13319977	13330081	1693.6	1
13330081	13337719	1694.2	1
13337719	13357519	1691.9	1
13357519	13371166	1691.7	1
13371166	13390007	1692.3	1
13390007	13404398	1690.9	1
13404398	13414588	1689.5	1
13414588	13429725	1689.9	1
13429725	13439340	1690.5	1
13439340	13459447	1691.1	1
13459447	13471405	1692.3	1
13471405	13486061	1691.3	1
13486061	13497815	1690.9	1
13497815	13515417	1691.3	1
13515417	13532265	1690.9	1
13532265	13541973	1689.1	1
13541973	13562117	1690.7	1
13562117	13569522	1691.9	1
13569522	13583062	1690.5	1
13583062	13608648	1693.0	1
13608648	13612766	1692.3	1
13612766	13628043	1691.3	1
13628043	13644352	1692.5	1
13644352	13655989	1691.9	1
13655989	13678051	1690.7	1
13678051	13688974	1687.3	1
13688974	13699050	1687.7	1
13699050	13716322	1688.9	1
13716322	13730024	1689.9	1
13730024	13743947	1688.3	1
13743947	13760524	1690.5	1
13760524	13767223	1690.1	1
13767223	13780804	1690.5	1
13780804	13797482	1690.5	1
13797482	13814338	1691.9	1
13814338	13829758	1692.5	1
13829758	13840157	1692.1	1
13840157	13853790	1691.9	1
13853790	13870777	1693.7	1
13870777	13885249	1691.5	1
13885249	13896760	1692.5	1
13896760	13910436	1694.4	1
13910436	13924182	1692.1	1
13924182	13943896	1692.3	1
13943896	13956871	1693.2	1
13956871	13966947	1692.1	1
13966947	13984980	1689.7	1
13984980	13999248	1689.7	1
13999248	14012535	1691.5	1
14012535	14033371	1690.5	1
14033371	14038304	1692.7	1
14038304	14056333	1692.1	1
14056333	14070045	1690.7	1
14070045	14079391	1690.9	1
14079391	14099344	1690.1	1
14099344	14115038	1691.9	1
14115038	14122867	1693.6	1
14122867	14140730	1691.9	1
14140730	14153615	1691.7	1
14153615	14168347	1695.0	1
14168347	14179969	1694.6	1
14179969	14194055	1692.3	1
14194055	14210549	1692.5	1
14210549	14221899	1692.3	1
14221899	14246352	1689.9	1
14246352	14255628	1690.1	1
14255628	14264746	1692.7	1
14264746	14277985	1692.5	1
14277985	14294393	1691.5	1
14294393	14310103	1692.1	1
14310103	14320149	1691.3	1
14320149	14334209	1689.9	1
14334209	14356205	1688.3	1
14356205	14359712	1716.5	1
14359712	14366051	1716.7	1
14366051	14373724	1717.8	1
14373724	14383246	1718.9	1
14383246	14388526	1718.1	1
14388526	14403039	1718.7	1
14403039	14414947	1712.3	1
14414947	14426208	1712.1	1
14426208	14434698	1714.3	1
14434698	14450144	1714.3	1
14450144	14462817	1712.3	1
14462817	14470783	1708.7	1
14470783	14491641	1709.3	1
14491641	14501410	1703.9	1
14501410	14511960	1705.7	1
14511960	14529083	1703.9	1
14529083	14540084	1700.3	1
14540084	14557089	1699.5	1
14557089	14565825	1698.4	1
14565825	14578597	1698.0	1
14578597	14591615	1698.2	1
14591615	14604822	1698.8	1
14604822	14622582	1697.2	1
14622582	14637238	1698.0	1
14637238	14646954	1699.5	1
14646954	14660694	1698.0	1
14660694	14673323	1695.0	1
14673323	14694446	1698.0	1
14694446	14701451	1698.6	1
14701451	14717305	1698.4	1
14717305	14730266	1729.1	1
14730266	14743609	1770.9	1
14743609	14756427	1695.4	1
14756427	14773842	1729.9	1
14773842	14780591	1693.6	1
14780591	14797705	1685.0	1
14797705	14810985	1694.2	1
14810985	14827055	1694.0	1
14827055	14830757	1696.0	1
14830757	14856101	1695.6	1
14856101	14873041	1696.6	1
14873041	14894374	1696.0	1
14894374	14904794	1695.4	1
14904794	14913947	1695.8	1
14913947	14926476	1697.0	1
14926476	15066513	1692.2	1
15066513	15082927	1720.9	0
15082927	15090192	1722.1	0
15090192	15108938	1729.5	0
15108938	15116276	1689.4	0
15116276	15136726	1724.5	0
15136726	15142144	1726.1	0
15142144	15156512	1729.1	0
15156512	15172833	1731.5	0
15172833	15181149	1728.9	0
15181149	15211128	1730.3	0
15211128	15224067	1731.7	0
15224067	15235450	-1.0	0
15235450	15256556	-1.0	0
15256556	15269993	-1.0	0
15269993	15285668	1724.5	0
15285668	15296196	1691.6	0
15296196	15313903	1703.7	0
15313903	15326569	1725.5	0
15326569	15340598	1733.7	0
15340598	15354426	-1.0	0
15354426	15369502	-1.0	0
15369502	15382850	-1.0	0
15382850	15389404	1732.1	0
15389404	15408293	1684.0	0
15408293	15420649	1732.3	0
15420649	15434970	1724.5	0
15434970	15448464	1723.5	0
15448464	15458628	1730.3	0
15458628	15471291	1732.7	0
15471291	15493036	1734.7	0
15493036	15501263	1735.8	0
15501263	15511714	1736.9	0
15511714	15529070	1729.6	0
15529070	15543985	1722.3	0
15543985	15562146	1729.7	0
15562146	15568723	1731.9	0
15568723	15582205	-1.0	0
15582205	15603793	-1.0	0
15603793	15618131	-1.0	0
15618131	15635987	-1.0	0
15635987	15646558	1688.6	0
15646558	15656415	1715.5	0
15656415	15668470	1725.3	0
15668470	15682373	1727.3	0
15682373	15701413	1722.3	0
15701413	15708627	1722.3	0
15708627	15724378	-1.0	0
15724378	15734562	-1.0	0
15734562	15745035	-1.0	0
15745035	15771028	1734.5	0
15771028	15784020	1728.5	0
15784020	15797292	1734.1	0
15797292	15809784	1723.7	0
15809784	15823076	1714.9	0
15823076	15839912	1738.5	0
15839912	15853256	1724.8	0
15853256	15863413	1711.1	0
15863413	15875495	1736.7	0
15875495	15889362	1723.1	0
15889362	15912160	1725.7	0
15912160	15918689	1728.7	0
15918689	15936949	1720.5	0
15936949	15949946	1726.7	0
15949946	15962599	1715.7	0
15962599	15977161	1721.9	0
15977161	15990442	1714.1	0
15990442	16002742	1705.1	0
16002742	16017887	-1.0	0
16017887	16030511	-1.0	0
16030511	16057089	-1.0	0
16057089	16070289	-1.0	0
16070289	16079735	-1.0	0
16079735	16091885	-1.0	0
16091885	16111539	-1.0	0
16111539	16128924	1728.1	0
16128924	16139076	1720.7	0
16139076	16151680	1726.5	0
16151680	16167661	1734.1	0
16167661	16180444	1731.4	0
16180444	16201058	1728.7	0
16201058	16204658	1735.9	0
16204658	16217662	1724.1	0
16217662	16230440	1725.1	0
16230440	16246150	1717.9	0
16246150	16263521	1723.9	0
16263521	16271943	1723.9	0
16271943	16284952	1709.3	0
16284952	16297950	1721.7	0
16297950	16315093	1724.1	0
16315093	16328918	1724.3	0
16328918	16339717	1724.3	0
16339717	16352692	1728.3	0
16352692	16366036	1728.1	0
16366036	16384113	1736.1	0
16384113	16403292	1729.2	0
16403292	16409849	1722.3	0
16409849	16427865	1723.5	0
16427865	16435872	1727.7	0
16435872	16452272	1725.3	0
16452272	16465133	1723.3	0
16465133	16481424	1732.1	0
16481424	16488381	1730.7	0
16488381	16504549	1721.1	0
16504549	16519715	1724.5	0
16519715	16539756	1724.5	0
16539756	16545798	1717.3	0
16545798	16559860	1724.9	0
16559860	16569149	1733.1	0
16569149	16582203	1721.1	0
16582203	16601057	1719.1	0
16601057	16618128	1722.9	0
16618128	16626507	1727.7	0
16626507	16643543	1716.3	0
16643543	16651657	1728.1	0
16651657	16672281	1717.9	0
16672281	16675528	1723.7	0
16675528	16692038	1727.9	0
16692038	16704430	1727.1	0
16704430	16720272	-1.0	0
16720272	16732927	-1.0	0
16732927	16754557	-1.0	0
16754557	16763177	-1.0	0
16763177	16784183	-1.0	0
16784183	16797773	-1.0	0
16797773	16812312	1722.9	0
16812312	16827338	1728.1	0
16827338	16841480	1722.5	0
16841480	16854677	1723.1	0
16854677	16866611	1717.1	0
16866611	16878998	1721.1	0
16878998	16895712	1722.1	0
16895712	16906635	1726.7	0
16906635	16916579	1721.9	0
16916579	16932241	1730.7	0
16932241	16945150	1724.9	0
16945150	16962853	1717.3	0
16962853	16975396	1723.3	0
16975396	16989121	1722.5	0
16989121	17001575	1716.7	0
17001575	17017902	1723.5	0
17017902	17028877	1730.3	0
17028877	17039073	1730.9	0
17039073	17052729	1730.7	0
17052729	17069521	1730.5	0
17069521	17088660	1667.3	0
17088660	17094528	1728.5	0
17094528	17113013	1725.7	0
17113013	17121598	1732.9	0
17121598	17133319	1726.7	0
17133319	17155709	1690.9	0
17155709	17171309	-1.0	0
17171309	17185963	-1.0	0
17185963	17192984	-1.0	0
17192984	17212581	-1.0	0
17212581	17233146	-1.0	0
17233146	1137	-1.0	0
1137	17260134	-1.0	0
17260134	17277001	-1.0	0
17277001	17295962	-1.0	0
17295962	17315096	-1.0	0
17315096	17327755	-1.0	0
17327755	17347239	-1.0	0
17347239	17363295	-1.0	0
17363295	17373878	-1.0	0
17373878	17389197	1724.1	0
17389197	17403985	1726.7	0
17403985	17414090	1729.3	0
17414090	17428966	1725.7	0
17428966	17445577	1722.1	0
17445577	17456709	1724.3	0
17456709	17469980	-1.0	0
17469980	17488431	-1.0	0
17488431	17500284	-1.0	0
17500284	17519296	-1.0	0
17519296	17540850	1728.3	0
17540850	17550451	1727.5	0
17550451	17563895	1728.1	0
17563895	17578648	1723.1	0
17578648	17591265	1730.7	0
17591265	17613862	1733.9	0
17613862	17627221	1726.9	0
17627221	17638266	1724.9	0
17638266	17651278	1722.1	0
17651278	17662036	1723.7	0
17662036	17678832	1721.1	0
17678832	17690599	1710.9	0
17690599	17702449	1732.1	0
17702449	17718429	1730.9	0
17718429	17731562	1723.5	0
17731562	17751148	1722.7	0
17751148	17760667	1721.9	0
17760667	17770795	1732.5	0
17770795	17783603	1727.3	0
17783603	17796139	1716.9	0
17796139	17815387	1728.9	0
17815387	17824659	1726.1	0
17824659	17844740	1727.5	0
17844740	17858273	1733.1	0
17858273	17871848	1736.9	0
17871848	17885429	1734.5	0
17885429	17896249	1727.3	0
17896249	17910416	1721.3	0
17910416	17922427	1719.5	0
17922427	17937948	1720.7	0
17937948	17958026	1723.1	0
17958026	17964719	1725.9	0
17964719	17978093	1723.7	0
17978093	17993531	1728.7	0
17993531	18006187	1731.9	0
18006187	18025713	1735.1	0
18025713	18037266	1726.7	0
18037266	18049842	1722.1	0
18049842	18068202	1725.1	0
18068202	18080226	1725.5	0
18080226	18094711	1721.9	0
18094711	18109959	1723.3	0
18109959	18124343	1725.7	0
18124343	18133091	1727.9	0
18133091	18146252	1729.0	0
18146252	18165938	1730.1	0
18165938	18175295	1730.5	0
18175295	18192368	1730.7	0
18192368	18205651	1730.3	0
18205651	18219241	1734.1	0
18219241	18232566	1726.7	0
18232566	18247627	1726.5	0
18247627	18257276	-1.0	0
18257276	18272805	-1.0	0
18272805	18288052	-1.0	0
18288052	18311914	1732.9	0
18311914	18326380	1629.0	0
18326380	18339820	1730.1	0
18339820	18352761	1688.8	0
18352761	18361414	1691.6	0
18361414	18377868	1731.1	0
18377868	18391315	1735.3	0
18391315	18400373	1726.9	0
18400373	18416211	1728.1	0
18416211	18433872	1729.3	0
18433872	18448321	1725.1	0
18448321	18460391	1727.9	0
18460391	18473092	1734.7	0
18473092	18485833	1692.2	0
18485833	18503430	1714.9	0
18503430	18525428	1727.5	0
18525428	18529975	1720.3	0
18529975	18541535	1720.1	0
18541535	18555556	1716.5	0
18555556	18566899	1727.3	0
18566899	18587647	1677.0	0
18587647	18601689	1626.8	0
18601689	18616941	-1.0	0
18616941	18628184	-1.0	0
18628184	18644065	-1.0	0
18644065	18667896	1739.5	0
18667896	18681629	1629.0	0
18681629	18689163	1678.2	0
18689163	18702275	1727.5	0
18702275	18715733	-1.0	0
18715733	18741919	-1.0	0
18741919	18749750	-1.0	0
18749750	18768195	-1.0	0
18768195	18777137	1733.7	0
18777137	18790204	1689.0	0
18790204	18814695	1715.9	0
18814695	18824553	-1.0	0
18824553	18838106	-1.0	0
18838106	18849730	-1.0	0
18849730	18868868	-1.0	0
18868868	18887585	-1.0	0
18887585	18896830	1737.3	0
18896830	18916271	1728.9	0
18916271	18928655	1731.2	0
18928655	18946499	-1.0	0
18946499	18963617	-1.0	0
18963617	18983189	-1.0	0
18983189	18992682	1669.3	0
18992682	19006001	1721.3	0
19006001	19019395	1709.5	0
19019395	19038527	1714.1	0
19038527	19048784	-1.0	0
19048784	19064375	-1.0	0
19064375	19080265	-1.0	0
19080265	19097414	-1.0	0
19097414	19116018	1730.1	0
19116018	19127735	1724.5	0
19127735	19137175	1725.9	0
19137175	19151191	1725.1	0
19151191	19168538	1731.9	0
19168538	19184899	-1.0	0
19184899	19205958	-1.0	0
19205958	19216884	-1.0	0
19216884	19229660	1687.4	0
19229660	19349328	1724.3	0
19349328	19362408	1732.5	1
19362408	19380228	1716.5	1
19380228	19399420	1772.3	1
19399420	19408173	1712.3	1
19408173	19420836	1706.1	1
19420836	19433981	1706.7	1
19433981	19447076	1706.5	1
19447076	19462302	1702.3	1
19462302	19473170	1710.3	1
19473170	19491199	1780.7	1
19491199	19502521	1702.5	1
19502521	19514841	1702.7	1
19514841	19532012	1701.5	1
19532012	19545270	1702.3	1
19545270	19552200	1699.4	1
19552200	19567602	1697.3	1
19567602	19584451	1693.9	1
19584451	19600738	1698.6	1
19600738	19608883	1698.2	1
19608883	19622543	1701.9	1
19622543	19636985	1698.8	1
19636985	19647545	1696.5	1
19647545	19666064	1697.8	1
19666064	19682875	1697.9	1
19682875	19689372	1695.2	1
19689372	19709091	1698.2	1
19709091	19716476	1696.4	1
19716476	19738828	1698.6	1
19738828	19748494	1698.2	1
19748494	19757934	1698.4	1
19757934	19770614	1698.0	1
19770614	19788070	1697.8	1
19788070	19801016	1698.6	1
19801016	19810436	1697.6	1
19810436	19827039	1697.0	1
19827039	19836064	1699.7	1
19836064	19849114	1699.9	1
19849114	19872976	1700.6	1
19872976	19883877	1697.8	1
19883877	19894609	1698.5	1
19894609	19905144	1697.2	1
19905144	19916981	1697.6	1
19916981	19942360	1701.5	1
19942360	19952717	1699.3	1
19952717	19962884	1699.9	1
19962884	19979025	1698.4	1
19979025	19989238	1698.4	1
19989238	20010422	1699.9	1
20010422	99999999	1699.2	1
