#Processing Run 48332 for polarization tables
#The run table thinks this was a DPERPL2 run
#Corresponding AMO file is :/home/clasg8/rootbeer2.1/dat/pol/amo_tesc_48308.dat
#Coherent Edge positions for TESC events follow:
#Event	Coh Edge	PolPlane(PARA=0,PERP=1,AMO=2,CHANGING=3)
0	52	2091.0	1
52	7761	2090.8	1
7761	14614	2093.5	1
14614	25715	2093.7	1
25715	32122	2090.8	1
32122	40001	2091.0	1
40001	51801	2090.2	1
51801	56112	2090.4	1
56112	67977	2090.4	1
67977	72589	2090.2	1
72589	80399	2090.4	1
80399	92462	2090.2	1
92462	100393	2090.6	1
100393	108450	2090.0	1
108450	116505	2090.2	1
116505	124499	2090.6	1
124499	136644	2090.2	1
136644	142383	2090.8	1
142383	148561	2090.0	1
148561	156773	2090.4	1
156773	164915	2090.2	1
164915	176802	2090.2	1
176802	181256	2090.6	1
181256	188932	2090.4	1
188932	200972	2090.2	1
200972	205029	2090.4	1
205029	217195	2090.4	1
217195	225329	2090.4	1
225329	237277	2090.2	1
237277	241407	2090.2	1
241407	249395	2090.4	1
249395	261517	2090.6	1
261517	269636	2090.4	1
269636	275429	2090.4	1
275429	281922	2090.4	1
281922	290040	2090.4	1
290040	303612	2090.4	1
303612	310117	2089.6	1
310117	322099	2089.2	1
322099	333228	2087.6	1
333228	348017	2086.8	1
348017	362372	2086.2	1
362372	373091	2082.9	1
373091	385718	2082.1	1
385718	397130	2081.3	1
397130	408690	2080.9	1
408690	423770	2080.9	1
423770	433160	2080.5	1
433160	444877	2079.7	1
444877	462054	2080.1	1
462054	472174	2080.5	1
472174	486879	2079.7	1
486879	494673	2079.5	1
494673	505638	2078.9	1
505638	517941	2079.5	1
517941	529441	2078.7	1
529441	550259	2078.5	1
550259	556341	2079.1	1
556341	568121	2078.7	1
568121	579939	2078.5	1
579939	591892	2079.5	1
591892	609381	2079.3	1
609381	615743	2078.9	1
615743	627111	2078.5	1
627111	637510	2077.9	1
637510	651108	2077.9	1
651108	668560	2078.5	1
668560	680132	2078.1	1
680132	692237	2078.7	1
692237	702091	2078.9	1
702091	713948	2078.9	1
713948	728336	2078.1	1
728336	744953	2078.7	1
744953	751293	2078.5	1
751293	764264	2078.9	1
764264	780698	2078.5	1
780698	793123	2078.9	1
793123	804687	2078.9	1
804687	816492	2078.9	1
816492	828608	2078.5	1
828608	840404	2078.5	1
840404	852715	2078.7	1
852715	864223	2078.3	1
864223	880253	2078.5	1
880253	888244	2078.1	1
888244	916553	2078.3	1
916553	926836	2078.7	1
926836	938760	2078.9	1
938760	947092	2095.5	1
947092	959270	2095.7	1
959270	976485	2095.3	1
976485	989289	2095.7	1
989289	999878	2095.7	1
999878	1011499	2095.1	1
1011499	1023158	2095.3	1
1023158	1038597	2095.5	1
1038597	1052682	2095.3	1
1052682	1059373	2095.9	1
1059373	1074086	2095.5	1
1074086	1081676	2095.7	1
1081676	1100683	2095.5	1
1100683	1108170	2095.7	1
1108170	1122847	2095.7	1
1122847	1131123	2095.5	1
1131123	1143425	2095.5	1
1143425	1158653	2094.9	1
1158653	1169806	2096.1	1
1169806	1181624	2096.1	1
1181624	1193547	2095.9	1
1193547	1205314	2095.3	1
1205314	1217377	2094.9	1
1217377	1228578	2095.5	1
1228578	1240584	2095.5	1
1240584	1251516	2095.3	1
1251516	1261143	2095.3	1
1261143	1280632	2094.5	1
1280632	1292334	2094.5	1
1292334	1304008	2094.9	1
1304008	1313059	2095.3	1
1313059	1324755	2094.7	1
1324755	1348838	2095.1	1
1348838	1354446	2095.1	1
1354446	1363225	2094.9	1
1363225	1380124	2095.3	1
1380124	1386106	2094.9	1
1386106	1403577	2095.5	1
1403577	1412612	2095.7	1
1412612	1427345	2095.5	1
1427345	1435945	2094.5	1
1435945	1450877	2094.5	1
1450877	1464577	2094.9	1
1464577	1474272	2094.1	1
1474272	1487252	2094.5	1
1487252	1509400	2094.7	1
1509400	1522763	2094.1	1
1522763	1538364	2094.7	1
1538364	1544814	2095.1	1
1544814	1561809	2095.3	1
1561809	1567871	2094.9	1
1567871	1584999	2094.5	1
1584999	1598067	2094.7	1
1598067	1608314	2095.3	1
1608314	1620213	2095.1	1
1620213	1633195	2095.1	1
1633195	1647593	2095.5	1
1647593	1661370	2095.1	1
1661370	1667309	2095.7	1
1667309	1682942	2094.3	1
1682942	1690617	2094.9	1
1690617	1708038	2095.3	1
1708038	1717208	2095.7	1
1717208	1731328	2094.9	1
1731328	1743111	2095.3	1
1743111	1752237	2095.9	1
1752237	1766553	2095.5	1
1766553	1777709	2094.9	1
1777709	1790114	2095.3	1
1790114	1801743	2095.3	1
1801743	1814641	2095.1	1
1814641	1828620	2094.9	1
1828620	1842613	2094.7	1
1842613	1854341	2094.9	1
1854341	1860607	2094.7	1
1860607	1877887	2094.7	1
1877887	1889646	2094.9	1
1889646	1899503	2094.9	1
1899503	1913122	2094.5	1
1913122	1921782	2095.3	1
1921782	1936443	2094.9	1
1936443	1950271	2094.7	1
1950271	1960152	2095.5	1
1960152	1971776	2095.9	1
1971776	1986155	2095.1	1
1986155	2000832	2095.3	1
2000832	2018563	2095.7	1
2018563	2026571	2096.3	1
2026571	2037844	2095.9	1
2037844	2051769	2095.9	1
2051769	2077151	2095.5	1
2077151	2083069	2095.9	1
2083069	2094625	2095.1	1
2094625	2108130	2095.1	1
2108130	2118288	2094.7	1
2118288	2133471	2095.9	1
2133471	2147717	2094.5	1
2147717	2159376	2096.3	1
2159376	2171071	2095.3	1
2171071	2181400	2094.9	1
2181400	2197058	2094.7	1
2197058	2203720	2094.7	1
2203720	2215281	2094.9	1
2215281	2227351	2094.7	1
2227351	2241226	2095.3	1
2241226	2255843	2095.3	1
2255843	2268162	2118.6	1
2268162	2279872	2116.0	1
2279872	2291901	2113.6	1
2291901	2309588	2109.1	1
2309588	2315269	2107.1	1
2315269	2326883	2105.7	1
2326883	2338511	2104.3	1
2338511	2350209	2100.9	1
2350209	2365108	2099.9	1
2365108	2374287	2099.3	1
2374287	2385808	2098.9	1
2385808	2402485	2098.9	1
2402485	2414090	2098.5	1
2414090	2425709	2098.5	1
2425709	2434788	2097.7	1
2434788	2446230	2097.7	1
2446230	2458214	2096.9	1
2458214	2469308	2097.1	1
2469308	2489027	2097.3	1
2489027	2501504	2096.7	1
2501504	2508141	2096.9	1
2508141	2519638	2097.1	1
2519638	2535417	2096.3	1
2535417	2550777	2096.1	1
2550777	2561394	2096.1	1
2561394	2575405	2095.9	1
2575405	2578994	2095.7	1
2578994	2593491	2096.3	1
2593491	2607906	2095.7	1
2607906	2619641	2096.5	1
2619641	2632026	2121.3	1
2632026	2638365	2116.4	1
2638365	2655909	2113.6	1
2655909	2667770	2109.5	1
2667770	2676756	2108.3	1
2676756	2688224	2107.1	1
2688224	2700266	2105.7	1
2700266	2715166	2105.3	1
2715166	2726118	2100.9	1
2726118	2737823	2100.1	1
2737823	2751632	2099.5	1
2751632	2761473	2098.9	1
2761473	2779065	2098.7	1
2779065	2787638	2098.5	1
2787638	2801854	2098.5	1
2801854	2814263	2097.9	1
2814263	2825284	2097.7	1
2825284	2837141	2097.9	1
2837141	2846952	2097.7	1
2846952	2860059	2097.7	1
2860059	2871838	2097.7	1
2871838	2885046	2097.7	1
2885046	2897905	2097.9	1
2897905	2907062	2097.7	1
2907062	2918771	2098.1	1
2918771	2930061	2098.1	1
2930061	2945762	2097.5	1
2945762	2959211	2097.9	1
2959211	2968330	2098.3	1
2968330	2982432	2098.3	1
2982432	2994122	2098.3	1
2994122	3005572	2097.7	1
3005572	3017055	2097.7	1
3017055	3034079	2098.1	1
3034079	3039925	2098.5	1
3039925	3051401	2098.1	1
3051401	3064772	2097.9	1
3064772	3079459	2098.5	1
3079459	3091966	2098.5	1
3091966	3103606	2098.7	1
3103606	3112589	2097.9	1
3112589	3121626	2098.3	1
3121626	3144915	2098.3	1
3144915	3149523	2098.1	1
3149523	3163113	2098.3	1
3163113	3175021	2097.7	1
3175021	3186971	2098.1	1
3186971	3199223	2098.1	1
3199223	3211279	2097.7	1
3211279	3222929	2097.3	1
3222929	3234387	2097.7	1
3234387	3246454	2097.7	1
3246454	3262070	2098.5	1
3262070	3276121	2098.1	1
3276121	3283762	2098.5	1
3283762	3295217	2098.3	1
3295217	3307183	2098.9	1
3307183	3326724	2098.9	1
3326724	3332480	2098.9	1
3332480	3344048	2098.7	1
3344048	3355528	2099.5	1
3355528	3368263	2099.3	1
3368263	3382458	2099.1	1
3382458	3397348	2099.5	1
3397348	3408627	2098.7	1
3408627	3414991	2098.9	1
3414991	3432352	2099.1	1
3432352	3444299	2098.9	1
3444299	3455835	2098.7	1
3455835	3468100	2098.7	1
3468100	3479706	2098.7	1
3479706	3491670	2099.3	1
3491670	3505169	2099.3	1
3505169	3515869	2098.5	1
3515869	3527700	2098.5	1
3527700	3539494	2098.3	1
3539494	3551484	2098.1	1
3551484	3570589	2098.5	1
3570589	3578421	2098.5	1
3578421	3591963	2098.7	1
3591963	3603395	2098.1	1
3603395	3615611	2098.7	1
3615611	3628797	2098.3	1
3628797	3639827	2098.1	1
3639827	3655428	2098.3	1
3655428	3662740	2098.3	1
3662740	3687913	2098.7	1
3687913	3698364	2098.5	1
3698364	3707390	2098.5	1
3707390	3724975	2099.1	1
3724975	3731664	2099.3	1
3731664	3748855	2098.9	1
3748855	3760486	2099.1	1
3760486	3772627	2099.5	1
3772627	3784485	2099.1	1
3784485	3796314	2098.7	1
3796314	3809807	2098.3	1
3809807	3825851	2098.9	1
3825851	3835169	2098.7	1
3835169	3846825	2098.9	1
3846825	3854692	2099.3	1
3854692	3872848	2099.3	1
3872848	3880576	2099.3	1
3880576	3892247	2098.9	1
3892247	3903847	2099.3	1
3903847	3919026	2099.7	1
3919026	3931811	2099.9	1
3931811	3946793	2096.5	1
3946793	3955541	2118.8	1
3955541	3968524	2115.2	1
3968524	3978179	2113.0	1
3978179	3995856	2109.5	1
3995856	4007726	2108.1	1
4007726	4020767	2107.3	1
4020767	4030575	2106.1	1
4030575	4046664	2104.9	1
4046664	4060602	2104.7	1
4060602	4072287	2100.7	1
4072287	4084357	2100.9	1
4084357	4099908	2100.5	1
4099908	4119468	2099.9	1
4119468	4128695	2099.7	1
4128695	4140340	2099.7	1
4140340	4152012	2099.5	1
4152012	4167730	2099.7	1
4167730	4181053	2099.1	1
4181053	4191406	2099.7	1
4191406	4206306	2099.7	1
4206306	4216366	2099.7	1
4216366	4227205	2099.3	1
4227205	4251063	2099.7	1
4251063	4263404	2099.7	1
4263404	4274093	2099.5	1
4274093	4285637	2098.9	1
4285637	4302379	2098.9	1
4302379	4313785	2099.5	1
4313785	4325597	2098.7	1
4325597	4336991	2099.3	1
4336991	4347768	2099.3	1
4347768	4366807	2099.5	1
4366807	4377977	2099.7	1
4377977	4385015	2099.9	1
4385015	4396613	2099.1	1
4396613	4408394	2098.7	1
4408394	4425723	2098.7	1
4425723	4438153	2099.1	1
4438153	4445326	2098.5	1
4445326	4457350	2098.3	1
4457350	4473145	2097.9	1
4473145	4487612	2097.3	1
4487612	4495970	2097.5	1
4495970	4508905	2097.7	1
4508905	4520713	2097.3	1
4520713	4530686	2097.1	1
4530686	4548364	2096.9	1
4548364	4562361	2096.9	1
4562361	4568272	2096.9	1
4568272	4585372	2097.5	1
4585372	4592047	2097.1	1
4592047	4611692	2096.7	1
4611692	4619632	2096.9	1
4619632	4631422	2096.7	1
4631422	4643320	2096.7	1
4643320	4657189	2096.7	1
4657189	4668968	2097.3	1
4668968	4680913	2096.5	1
4680913	4692602	2096.5	1
4692602	4704315	2096.9	1
4704315	4713536	2096.9	1
4713536	4725111	2123.9	1
4725111	4738098	2118.6	1
4738098	4748233	2116.0	1
4748233	4758254	2113.8	1
4758254	4770312	2124.9	1
4770312	4780533	2121.3	1
4780533	4794089	2116.8	1
4794089	4804186	2114.4	1
4804186	4813302	2112.6	1
4813302	4829818	2108.1	1
4829818	4841640	2105.5	1
4841640	4853378	2104.5	1
4853378	4865410	2104.1	1
4865410	4874852	2121.3	1
4874852	4895528	2116.0	1
4895528	4903691	2112.8	1
4903691	4915772	2108.3	1
4915772	4926947	2107.5	1
4926947	4940614	2106.3	1
4940614	4957515	2105.5	1
4957515	4968049	2104.5	1
4968049	4974593	2103.9	1
4974593	4991253	2103.5	1
4991253	4997747	2100.1	1
4997747	5015651	2099.5	1
5015651	5024833	2098.7	1
5024833	5036940	2098.5	1
5036940	5049161	2098.3	1
5049161	5062965	2097.9	1
5062965	5074879	2097.5	1
5074879	5086361	2097.1	1
5086361	5100419	2097.3	1
5100419	5110254	2096.9	1
5110254	5122104	2096.9	1
5122104	5137331	2096.7	1
5137331	5147037	2095.9	1
5147037	5159449	2095.5	1
5159449	5175698	2095.5	1
5175698	5186120	2095.9	1
5186120	5199275	2095.5	1
5199275	5210947	2095.5	1
5210947	5222851	2094.9	1
5222851	5233069	2095.5	1
5233069	5244778	2095.5	1
5244778	5264521	2095.1	1
5264521	5270569	2095.3	1
5270569	5287361	2095.1	1
5287361	5298937	2095.3	1
5298937	5310695	2094.5	1
5310695	5323528	2095.7	1
5323528	5334726	2095.3	1
5334726	5345790	2095.3	1
5345790	5354456	2095.9	1
5354456	5366798	2095.7	1
5366798	5383411	2095.3	1
5383411	5395214	2095.1	1
5395214	5408769	2095.3	1
5408769	5419110	2095.1	1
5419110	5432593	2094.3	1
5432593	5447962	2094.7	1
5447962	5454558	2094.7	1
5454558	5466264	2095.3	1
5466264	5482475	2094.9	1
5482475	5509368	2095.1	1
5509368	5516897	2095.5	1
5516897	5531469	2094.5	1
5531469	5539835	2095.1	1
5539835	5551439	2094.9	1
5551439	5571925	2095.1	1
5571925	5577616	2095.1	1
5577616	5588899	2095.5	1
5588899	428	2095.3	1
428	5611092	2122.3	1
5611092	5623057	2117.2	1
5623057	5634814	2114.6	1
5634814	5649577	2109.9	1
5649577	5657786	2108.9	1
5657786	5671705	2107.3	1
5671705	5685242	2105.7	1
5685242	5696816	2104.7	1
5696816	5708168	2100.9	1
5708168	5716102	2100.5	1
5716102	5733878	2099.5	1
5733878	5745450	2099.5	1
5745450	5753733	2098.3	1
5753733	5769585	2098.1	1
5769585	5777845	2097.3	1
5777845	5797127	2097.3	1
5797127	5804903	2123.3	1
5804903	5815909	2117.8	1
5815909	5832652	2115.6	1
5832652	5847978	2110.1	1
5847978	5856780	2107.5	1
5856780	5868207	2106.1	1
5868207	5879905	2105.5	1
5879905	5893034	2104.3	1
5893034	5904687	2099.3	1
5904687	5919154	2099.5	1
5919154	5930604	2099.7	1
5930604	5938659	2099.3	1
5938659	5955497	2098.9	1
5955497	5966413	2098.7	1
5966413	5979455	2098.3	1
5979455	5987944	2097.5	1
5987944	5999445	2097.9	1
5999445	6020305	2097.3	1
6020305	6030118	2097.5	1
6030118	6042115	2096.5	1
6042115	6053406	2096.3	1
6053406	6065725	2096.1	1
6065725	6079816	2096.1	1
6079816	6092246	2095.7	1
6092246	6098657	2095.9	1
6098657	6115980	2095.5	1
6115980	6127227	2095.9	1
6127227	6139448	2096.5	1
6139448	6150920	2096.3	1
6150920	6163981	2095.7	1
6163981	6175634	2095.5	1
6175634	6187756	2096.1	1
6187756	6205374	2096.1	1
6205374	6211297	2095.7	1
6211297	6223055	2095.1	1
6223055	6234939	2095.7	1
6234939	6246835	2095.3	1
6246835	6264556	2095.1	1
6264556	6273576	2095.1	1
6273576	6284643	2094.7	1
6284643	6299966	2094.9	1
6299966	6311101	2094.3	1
6311101	6323666	2094.3	1
6323666	6335239	2095.1	1
6335239	6346147	2094.9	1
6346147	6359474	2095.7	1
6359474	6372396	2095.1	1
6372396	6389031	2095.7	1
6389031	6395821	2095.7	1
6395821	6412978	2095.5	1
6412978	6423759	2095.1	1
6423759	6435268	2095.3	1
6435268	6447604	2094.9	1
6447604	6460116	2095.5	1
6460116	6470783	2095.5	1
6470783	6482888	2095.5	1
6482888	6495599	2095.7	1
6495599	6507528	2095.9	1
6507528	6519260	2095.1	1
6519260	6530530	2094.9	1
6530530	6543130	2095.9	1
6543130	6554781	2095.1	1
6554781	6569798	2095.1	1
6569798	6580816	2096.1	1
6580816	6592652	2096.1	1
6592652	6604212	2095.5	1
6604212	6616213	2095.9	1
6616213	6635367	2095.7	1
6635367	6642769	2095.7	1
6642769	6655367	2095.1	1
6655367	6667134	2094.7	1
6667134	6678308	2095.7	1
6678308	6697470	2096.1	1
6697470	6703353	2096.5	1
6703353	6715161	2096.9	1
6715161	6726971	2096.3	1
6726971	6738736	2097.1	1
6738736	6756108	2097.1	1
6756108	6766136	2097.5	1
6766136	6778440	2097.7	1
6778440	6789922	2096.9	1
6789922	6800894	2097.1	1
6800894	6817914	2097.5	1
6817914	6825173	2097.3	1
6825173	6841748	2097.9	1
6841748	6848175	2097.7	1
6848175	6862993	2098.5	1
6862993	6878468	2097.9	1
6878468	6883679	2098.5	1
6883679	6894292	2097.9	1
6894292	6911536	2097.1	1
6911536	6923029	2096.7	1
6923029	6937622	2096.5	1
6937622	6945303	2096.5	1
6945303	6957509	2096.7	1
6957509	6973677	2096.5	1
6973677	6980811	2096.5	1
6980811	6996570	2096.3	1
6996570	7011039	2096.1	1
7011039	7023158	2096.5	1
7023158	7033910	2096.5	1
7033910	7041781	2096.9	1
7041781	7058137	2097.1	1
7058137	7069913	2096.7	1
7069913	7082549	2097.1	1
7082549	7094100	2097.9	1
7094100	7107006	2097.7	1
7107006	7124848	2097.5	1
7124848	7130860	2097.1	1
7130860	7141969	2097.1	1
7141969	7153689	2097.3	1
7153689	7166635	2097.3	1
7166635	7184501	2097.7	1
7184501	7196136	2097.7	1
7196136	7204157	2098.3	1
7204157	7214200	2097.7	1
7214200	7226181	2098.1	1
7226181	7246750	2097.3	1
7246750	7254708	2097.7	1
7254708	7270943	2097.7	1
7270943	7278460	2097.7	1
7278460	7289826	2097.7	1
7289826	7307874	2097.9	1
7307874	7318317	2097.5	1
7318317	7330154	2096.9	1
7330154	7342022	2098.1	1
7342022	7354515	2098.5	1
7354515	7366147	2098.3	1
7366147	7377027	2098.7	1
7377027	7389128	2098.7	1
7389128	7401972	2098.7	1
7401972	7408999	2098.7	1
7408999	7425770	2098.7	1
7425770	7437692	2098.3	1
7437692	7449420	2098.1	1
7449420	7461356	2098.5	1
7461356	7476147	2098.5	1
7476147	7493443	2098.7	1
7493443	7497690	2098.7	1
7497690	7513530	2098.7	1
7513530	7520856	2098.9	1
7520856	7532777	2098.7	1
7532777	7552482	2098.7	1
7552482	7560796	2099.1	1
7560796	7574088	2099.3	1
7574088	7583937	2099.3	1
7583937	7595827	2098.9	1
7595827	7609627	2098.5	1
7609627	7621378	2098.9	1
7621378	7636187	2098.9	1
7636187	7648126	2099.3	1
7648126	7657128	2098.9	1
7657128	7675280	2098.9	1
7675280	7685240	2097.9	1
7685240	7693949	2098.1	1
7693949	7708652	2097.9	1
7708652	7720886	2098.1	1
7720886	7734675	2098.1	1
7734675	7746223	2098.5	1
7746223	7758436	2099.3	1
7758436	7772141	2099.3	1
7772141	7780622	2099.1	1
7780622	7797167	2098.5	1
7797167	7807109	2098.9	1
7807109	7818939	2099.3	1
7818939	7830874	2099.7	1
7830874	7845277	2099.1	1
7845277	7857497	2098.7	1
7857497	7867811	2099.5	1
7867811	7883097	2099.1	1
7883097	7892518	2099.9	1
7892518	7903258	2099.3	1
7903258	7918369	2099.1	1
7918369	7929989	2099.1	1
7929989	7940670	2099.5	1
7940670	7952176	2100.1	1
7952176	7967429	2100.1	1
7967429	7981325	2099.1	1
7981325	7993360	2098.7	1
7993360	7999574	2097.9	1
7999574	8011100	2098.3	1
8011100	8028890	2098.7	1
8028890	8040175	2098.9	1
8040175	8056619	2098.5	1
8056619	8067227	2097.5	1
8067227	8080910	2097.7	1
8080910	8104246	2097.7	1
8104246	8110494	2097.3	1
8110494	8127608	2097.3	1
8127608	8133393	2096.9	1
8133393	8145033	2097.3	1
8145033	8163423	2097.1	1
8163423	8171267	2098.1	1
8171267	8182826	2097.9	1
8182826	8194349	2098.3	1
8194349	8204423	2098.1	1
8204423	8225016	2098.3	1
8225016	8234232	2098.7	1
8234232	8247506	2098.7	1
8247506	8259252	2098.5	1
8259252	8269703	2098.7	1
8269703	8284982	2098.7	1
8284982	8293383	2098.9	1
8293383	8306723	2098.7	1
8306723	8314607	2098.9	1
8314607	8326349	2098.3	1
8326349	8343055	2098.7	1
8343055	8352852	2098.3	1
8352852	8364252	2098.9	1
8364252	8377639	2099.1	1
8377639	8386546	2099.5	1
8386546	8404917	2099.1	1
8404917	8415343	2099.1	1
8415343	8426625	2098.9	1
8426625	8438263	2099.1	1
8438263	8452332	2099.1	1
8452332	8463171	2098.3	1
8463171	8475541	2099.5	1
8475541	8483609	2099.3	1
8483609	8495515	2099.3	1
8495515	8506695	2099.5	1
8506695	8521097	2099.3	1
8521097	8532737	2099.3	1
8532737	8544296	2099.5	1
8544296	8558215	2099.7	1
8558215	8568088	2099.3	1
8568088	8582925	2100.1	1
8582925	8596046	2099.5	1
8596046	8601866	2099.7	1
8601866	8617299	2099.9	1
8617299	8624946	2099.5	1
8624946	8645923	2100.1	1
8645923	8654068	2099.5	1
8654068	8663427	2099.5	1
8663427	8676522	2099.5	1
8676522	8691632	2099.7	1
8691632	8703416	2100.1	1
8703416	8713963	2099.7	1
8713963	8725540	2099.7	1
8725540	8739950	2100.1	1
8739950	8761323	2100.9	1
8761323	8774011	2099.9	1
8774011	8786327	2100.1	1
8786327	8797975	2099.5	1
8797975	8804103	2099.9	1
8804103	8821056	2100.1	1
8821056	8832142	2100.7	1
8832142	8847592	2100.5	1
8847592	8855648	2103.5	1
8855648	8868133	2100.3	1
8868133	8881520	2100.1	1
8881520	8896062	2100.5	1
8896062	8901941	2100.1	1
8901941	8913050	2100.5	1
8913050	8928977	2103.3	1
8928977	8942218	2100.3	1
8942218	8952055	2100.5	1
8952055	8964818	2100.5	1
8964818	8976497	2103.7	1
8976497	8988478	2100.1	1
8988478	9006174	2099.9	1
9006174	9017141	2099.7	1
9017141	9029298	2100.1	1
9029298	9035127	2100.1	1
9035127	9046873	2100.3	1
9046873	9064219	2100.5	1
9064219	9072372	2100.3	1
9072372	9085193	2100.3	1
9085193	9099007	2100.5	1
9099007	9105283	2100.3	1
9105283	9122325	2099.9	1
9122325	9132453	2099.9	1
9132453	9143940	2099.9	1
9143940	9157261	2099.3	1
9157261	9168865	2099.1	1
9168865	9181338	2099.5	1
9181338	9192771	2099.3	1
9192771	9209885	2099.1	1
9209885	9221063	2098.3	1
9221063	9226849	2098.5	1
9226849	9244382	2098.3	1
9244382	9254572	2098.9	1
9254572	9267931	2099.1	1
9267931	9281373	2099.5	1
9281373	9288418	2098.9	1
9288418	9303109	2099.1	1
9303109	9314689	2099.5	1
9314689	9333441	2100.1	1
9333441	9345551	2116.8	1
9345551	9354536	2114.8	1
9354536	9372322	2113.6	1
9372322	9383224	2109.7	1
9383224	9395336	2108.9	1
9395336	9410378	2108.3	1
9410378	9421595	2106.9	1
9421595	9435402	2106.1	1
9435402	9441737	2105.1	1
9441737	9453264	2104.3	1
9453264	9465448	2104.5	1
9465448	9476944	2104.7	1
9476944	9494457	2105.1	1
9494457	9504523	2104.9	1
9504523	9517687	2104.1	1
9517687	9527807	2104.1	1
9527807	9538081	2103.9	1
9538081	9553582	2100.9	1
9553582	9568269	2103.7	1
9568269	9576274	2103.7	1
9576274	9591551	2103.9	1
9591551	9599675	2104.1	1
9599675	9617804	2103.7	1
9617804	9625615	2103.3	1
9625615	9634973	2103.3	1
9634973	9652122	2103.5	1
9652122	9663816	2103.5	1
9663816	9675356	2100.3	1
9675356	9686163	2103.3	1
9686163	9697238	2103.5	1
9697238	9710300	2103.7	1
9710300	9722767	2099.9	1
9722767	9734794	2100.1	1
9734794	9745420	2100.1	1
9745420	9756557	2100.3	1
9756557	9774892	2099.9	1
9774892	9784013	2099.9	1
9784013	9797328	2103.3	1
9797328	9807573	2100.3	1
9807573	9820622	2100.3	1
9820622	9829295	2103.7	1
9829295	9840881	2100.7	1
9840881	9855923	2099.9	1
9855923	9870606	2100.3	1
9870606	9877076	2100.5	1
9877076	9892836	2100.1	1
9892836	9902432	2103.5	1
9902432	9916908	2100.5	1
9916908	9930861	2103.5	1
9930861	9942385	2100.3	1
9942385	9954107	2100.3	1
9954107	9959995	2103.3	1
9959995	9982890	2104.1	1
9982890	9989018	2100.1	1
9989018	10001831	2100.5	1
10001831	10010223	2100.5	1
10010223	10023502	2100.3	1
10023502	10037596	2100.1	1
10037596	10052441	2100.3	1
10052441	10058630	2100.7	1
10058630	10070149	2100.3	1
10070149	10087640	2099.9	1
10087640	10099217	2100.3	1
10099217	10110713	2100.1	1
10110713	10122413	2099.9	1
10122413	10133914	2103.5	1
10133914	10144786	2100.1	1
10144786	10158172	2100.1	1
10158172	10167176	2100.5	1
10167176	10180092	2099.9	1
10180092	10189891	2099.5	1
10189891	10201461	2098.9	1
10201461	10220405	2099.5	1
10220405	10228273	2099.9	1
10228273	10239448	2099.9	1
10239448	10249550	2099.7	1
10249550	10266409	2099.9	1
10266409	10278639	2103.5	1
10278639	10290429	2100.5	1
10290429	10300626	2103.5	1
10300626	10312686	2103.3	1
10312686	10323707	2103.9	1
10323707	10336915	2099.9	1
10336915	10345577	2100.5	1
10345577	10357288	2100.5	1
10357288	10371581	2099.9	1
10371581	10382171	2100.1	1
10382171	10400281	2103.9	1
10400281	10411357	2100.5	1
10411357	10420999	2099.9	1
10420999	10435356	2100.1	1
10435356	10443595	2100.3	1
10443595	10458779	2100.1	1
10458779	10470363	2100.3	1
10470363	10482144	2103.5	1
10482144	10492397	2103.9	1
10492397	10505494	2100.3	1
10505494	10522823	2103.7	1
10522823	10528642	2103.9	1
10528642	10544698	2100.5	1
10544698	10552146	2103.7	1
10552146	10563618	2103.7	1
10563618	10580170	2103.5	1
10580170	10592641	2103.7	1
10592641	10604148	2103.3	1
10604148	10615755	2100.1	1
10615755	10625514	2103.9	1
10625514	10638750	2100.5	1
10638750	10655072	2100.5	1
10655072	10666465	2104.1	1
10666465	10677034	2103.7	1
10677034	10684936	2104.1	1
10684936	10699285	2103.9	1
10699285	10713761	2104.1	1
10713761	10725534	2103.7	1
10725534	10737274	2104.3	1
10737274	10744621	2103.9	1
10744621	10760246	2100.7	1
10760246	10770958	2103.9	1
10770958	10782909	2103.5	1
10782909	10793115	2103.3	1
10793115	10805552	2099.5	1
10805552	10819548	2099.1	1
10819548	10831688	2098.7	1
10831688	10844446	2098.1	1
10844446	10856498	2098.1	1
10856498	10871174	2099.9	1
10871174	10884582	2098.5	1
10884582	10893973	2098.5	1
10893973	10905077	2099.1	1
10905077	10917135	2099.9	1
10917135	10929095	2099.3	1
10929095	10942910	2099.5	1
10942910	10954362	2099.5	1
10954362	10965400	2098.9	1
10965400	10977470	2098.5	1
10977470	10989040	2098.3	1
10989040	11002680	2098.3	1
11002680	11012826	2098.3	1
11012826	11030085	2098.5	1
11030085	11035962	2098.3	1
11035962	11050478	2098.3	1
11050478	11065098	2098.7	1
11065098	11074939	2099.1	1
11074939	11089767	2099.5	1
11089767	11100283	2099.7	1
11100283	11112976	2099.9	1
11112976	11127897	2099.3	1
11127897	11139113	2099.5	1
11139113	11146357	2099.1	1
11146357	11161760	2099.9	1
11161760	11175726	2099.7	1
11175726	11187481	2099.7	1
11187481	11199222	2099.3	1
11199222	11214723	2099.3	1
11214723	11222174	2099.5	1
11222174	11249391	2100.1	1
11249391	11256820	2099.9	1
11256820	11268732	2099.7	1
11268732	11283070	2099.5	1
11283070	11295148	2099.1	1
11295148	11307823	2098.9	1
11307823	11316362	2099.7	1
11316362	11327182	2099.9	1
11327182	11339276	2099.5	1
11339276	11350956	2099.3	1
11350956	11366005	2100.3	1
11366005	11378930	2099.3	1
11378930	11388701	2098.7	1
11388701	11400751	2098.3	1
11400751	11414504	2098.5	1
11414504	11432009	2098.7	1
11432009	11443252	2097.9	1
11443252	11450660	2097.9	1
11450660	11466567	2097.9	1
11466567	11489993	2098.7	1
11489993	11498166	2098.1	1
11498166	11507892	2097.9	1
11507892	11521741	2097.3	1
11521741	11536891	2097.7	1
11536891	11550474	2097.1	1
11550474	11557381	2097.3	1
11557381	11570983	2097.7	1
11570983	11581790	2097.3	1
11581790	11593459	2097.3	1
11593459	11609203	2097.7	1
11609203	11618422	2097.5	1
11618422	11630619	2098.5	1
11630619	11641774	2098.7	1
11641774	11652524	2122.5	1
11652524	11669719	2118.2	1
11669719	11676938	2132.0	1
11676938	11688891	2128.4	1
11688891	11709582	2123.5	1
11709582	11717531	2117.6	1
11717531	11728005	2115.4	1
11728005	11740492	2113.6	1
11740492	11749878	2110.7	1
11749878	11766055	2108.5	1
11766055	11774399	2108.1	1
11774399	11791754	2107.5	1
11791754	11803134	2106.7	1
11803134	11812711	2106.3	1
11812711	11832074	2105.9	1
11832074	11835225	2103.7	1
11835225	11850932	2103.9	1
11850932	11858867	2103.9	1
11858867	11871133	2100.5	1
11871133	11885813	2100.7	1
11885813	11897616	2100.1	1
11897616	11909277	2100.5	1
11909277	11922276	2100.1	1
11922276	11932187	2099.7	1
11932187	11947260	2099.9	1
11947260	11958014	2099.9	1
11958014	11972623	2099.7	1
11972623	11980859	2099.9	1
11980859	11995811	2099.9	1
11995811	12006808	2099.9	1
12006808	12018505	2099.9	1
12018505	12029100	2100.3	1
12029100	12042043	2100.3	1
12042043	12051081	2100.1	1
12051081	12068411	2099.7	1
12068411	12082460	2099.9	1
12082460	12094191	2100.3	1
12094191	12099918	2099.7	1
12099918	12111497	2099.7	1
12111497	12128547	2100.1	1
12128547	12139966	2103.7	1
12139966	12148732	2103.7	1
12148732	12163245	2103.5	1
12163245	12172669	2100.1	1
12172669	12193422	2100.1	1
12193422	12204763	2100.1	1
12204763	12215815	2100.1	1
12215815	12223108	2099.3	1
12223108	12235233	2099.3	1
12235233	12253037	2099.3	1
12253037	12260604	2098.9	1
12260604	12276820	2100.1	1
12276820	12284603	2099.5	1
12284603	12299700	2099.9	1
12299700	12311304	2099.3	1
12311304	12323030	2099.3	1
12323030	12339774	2099.9	1
12339774	12349391	2099.5	1
12349391	12368993	2100.3	1
12368993	12380478	2099.5	1
12380478	12392266	2099.1	1
12392266	12404884	2099.5	1
12404884	12416361	2099.3	1
12416361	12430101	2098.9	1
12430101	12444306	2099.5	1
12444306	12452926	2099.5	1
12452926	12464709	2100.1	1
12464709	12478045	2099.7	1
12478045	12489914	2099.5	1
12489914	12501301	2099.5	1
12501301	12511444	2099.1	1
12511444	12525344	2099.1	1
12525344	12534420	2099.3	1
12534420	12554324	2099.3	1
12554324	12560285	2099.7	1
12560285	12572254	2099.7	1
12572254	12586111	2099.5	1
12586111	12601137	2099.7	1
12601137	12612570	2099.9	1
12612570	12622056	2099.5	1
12622056	12637367	2099.5	1
12637367	12648892	2099.9	1
12648892	12655704	2100.1	1
12655704	12671090	2099.9	1
12671090	12683524	2099.3	1
12683524	12695241	2099.3	1
12695241	12708799	2099.9	1
12708799	12721180	2100.1	1
12721180	12733026	2100.3	1
12733026	12746950	2100.5	1
12746950	12758514	2103.5	1
12758514	12764875	2103.5	1
12764875	12781165	2100.3	1
12781165	12793932	2100.7	1
12793932	12804183	2103.5	1
12804183	12819082	2100.3	1
12819082	99999999	2100.1	1
