#Processing Run 48432 for polarization tables
#The run table thinks this was a DPERPL2 run
#Corresponding AMO file is :/home/clasg8/rootbeer2.1/dat/pol/amo_tesc_48430.dat
#Coherent Edge positions for TESC events follow:
#Event	Coh Edge	PolPlane(PARA=0,PERP=1,AMO=2,CHANGING=3)
0	440	1487.3	1
440	9523	1511.7	1
9523	24871	1509.9	1
24871	43365	1508.7	1
43365	52347	1508.7	1
52347	76172	1505.9	1
76172	84862	1500.3	1
84862	97975	1499.5	1
97975	113394	1497.3	1
113394	124913	1496.3	1
124913	144004	1494.7	1
144004	159735	1492.5	1
159735	170615	1490.5	1
170615	180457	1490.1	1
180457	194158	1488.5	1
194158	212445	1488.7	1
212445	225451	1488.3	1
225451	242727	1486.7	1
242727	254001	1485.4	1
254001	264734	1489.5	1
264734	284001	1487.9	1
284001	297941	1485.4	1
297941	313468	1488.3	1
313468	325525	1488.7	1
325525	340906	1488.9	1
340906	356736	1489.3	1
356736	370909	1486.9	1
370909	387106	1487.1	1
387106	394660	1487.5	1
394660	407627	1485.0	1
407627	431305	1485.0	1
431305	440191	1487.3	1
440191	453421	1487.3	1
453421	460349	1488.3	1
460349	483276	1484.2	1
483276	501339	1485.2	1
501339	508327	1483.6	1
508327	522162	1483.2	1
522162	535117	1484.0	1
535117	548965	1486.1	1
548965	567675	1483.8	1
567675	579399	1486.3	1
579399	592340	1486.7	1
592340	605860	1483.6	1
605860	625326	1482.6	1
625326	639243	1482.6	1
639243	651837	1482.8	1
651837	666053	1481.8	1
666053	682249	1480.4	1
682249	696110	1482.6	1
696110	711942	1484.2	1
711942	722090	1484.2	1
722090	735892	1486.7	1
735892	749917	1484.2	1
749917	763875	1488.3	1
763875	782823	1484.0	1
782823	793903	1483.4	1
793903	807119	1486.1	1
807119	820774	1484.0	1
820774	833867	1489.5	1
833867	850808	1488.5	1
850808	865902	1488.1	1
865902	878139	1484.2	1
878139	891728	1483.6	1
891728	905188	1483.0	1
905188	926801	1484.0	1
926801	935974	1484.6	1
935974	952692	1484.2	1
952692	966855	1482.4	1
966855	979479	1485.0	1
979479	996986	1487.7	1
996986	1007836	1487.9	1
1007836	1024895	1487.7	1
1024895	1036418	1486.9	1
1036418	1048478	1484.8	1
1048478	1064871	1484.6	1
1064871	1081586	1486.7	1
1081586	1089673	1487.3	1
1089673	1109086	1484.6	1
1109086	1116022	1484.6	1
1116022	1138581	1484.4	1
1138581	1148056	1483.8	1
1148056	1161199	1482.8	1
1161199	1174379	1484.4	1
1174379	1187381	1483.0	1
1187381	1204623	1484.2	1
1204623	1213904	1484.8	1
1213904	1227629	1483.6	1
1227629	1245359	1484.0	1
1245359	1259075	1482.6	1
1259075	1280434	1484.2	1
1280434	1289491	1483.8	1
1289491	1306539	1484.4	1
1306539	1316609	1483.2	1
1316609	1329891	1483.2	1
1329891	1349005	1483.8	1
1349005	1361529	1484.6	1
1361529	1375198	1483.8	1
1375198	1387321	1486.5	1
1387321	1400639	1483.2	1
1400639	1422542	1486.5	1
1422542	1429850	1487.5	1
1429850	1442950	1483.6	1
1442950	1456670	1486.5	1
1456670	1470368	1483.8	1
1470368	1490014	1483.4	1
1490014	1504772	1482.0	1
1504772	1515232	1484.2	1
1515232	1532287	1483.2	1
1532287	1542418	1484.8	1
1542418	1559886	1486.7	1
1559886	1573444	1483.0	1
1573444	1587419	1483.4	1
1587419	1601193	1483.6	1
1601193	1614872	1484.2	1
1614872	1633759	1483.4	1
1633759	1643301	1481.6	1
1643301	1663242	1487.3	1
1663242	1676809	1482.8	1
1676809	1690027	1483.2	1
1690027	1711299	1483.4	1
1711299	1718127	1483.8	1
1718127	1730310	1483.0	1
1730310	1745273	1482.8	1
1745273	1758548	1482.6	1
1758548	1774697	1483.2	1
1774697	1786779	1482.8	1
1786779	1800435	1484.6	1
1800435	1813736	1484.8	1
1813736	1833127	1485.0	1
1833127	1847730	1483.8	1
1847730	1857427	1483.6	1
1857427	1875233	1483.8	1
1875233	1885252	1483.8	1
1885252	1902790	1485.2	1
1902790	1916773	1487.1	1
1916773	1932834	1485.4	1
1932834	1944201	1487.7	1
1944201	1957434	1488.7	1
1957434	1974018	1488.7	1
1974018	1990058	1485.0	1
1990058	1998807	1484.8	1
1998807	2018556	1482.4	1
2018556	2032474	1482.4	1
2032474	2039437	1483.4	1
2039437	2059698	1484.2	1
2059698	2075709	1484.2	1
2075709	2084423	1487.3	1
2084423	2098590	1485.0	1
2098590	2112593	1486.3	1
2112593	2126624	1488.1	1
2126624	2138832	1487.9	1
2138832	2152863	1483.8	1
2152863	2170572	1483.8	1
2170572	2181836	1483.4	1
2181836	2206987	1483.6	1
2206987	2213572	1482.6	1
2213572	2230401	1483.6	1
2230401	2238823	1484.2	1
2238823	2257649	1482.8	1
2257649	2271087	1482.8	1
2271087	2284488	1483.2	1
2284488	2298236	1483.6	1
2298236	2314720	1483.4	1
2314720	2324671	1482.4	1
2324671	2340202	1482.8	1
2340202	2358585	1483.4	1
2358585	2372899	1484.0	1
2372899	2381322	1484.6	1
2381322	2393459	1483.6	1
2393459	2419506	1484.2	1
2419506	2427421	1484.0	1
2427421	2443506	1482.6	1
2443506	2454639	1484.2	1
2454639	2468101	1483.6	1
2468101	2484618	1483.4	1
2484618	2500980	1485.2	1
2500980	2508869	1485.0	1
2508869	2521986	1484.4	1
2521986	2535669	1484.2	1
2535669	2557362	1483.8	1
2557362	2569823	1485.0	1
2569823	2584564	1482.6	1
2584564	2593480	1484.4	1
2593480	2605966	1482.4	1
2605966	2624152	1483.0	1
2624152	2636938	1483.4	1
2636938	2651300	1483.4	1
2651300	2663598	1485.2	1
2663598	2676479	1484.0	1
2676479	2698453	1484.8	1
2698453	2705860	1487.1	1
2705860	2726271	1485.4	1
2726271	2733063	1484.2	1
2733063	2751455	1482.2	1
2751455	2765848	1483.6	1
2765848	2776679	1484.6	1
2776679	2793256	1484.8	1
2793256	2807037	1483.4	1
2807037	2817933	1483.0	1
2817933	2839939	1482.6	1
2839939	2846076	1482.8	1
2846076	2866541	1482.0	1
2866541	2873471	1481.0	1
2873471	2887032	1483.2	1
2887032	2909469	1484.0	1
2909469	2923615	1484.0	1
2923615	2937308	1483.2	1
2937308	2950956	1482.8	1
2950956	2958565	1483.4	1
2958565	2978812	1483.0	1
2978812	2993326	1482.2	1
2993326	3005849	1482.0	1
3005849	3018238	1483.2	1
3018238	3033124	1483.6	1
3033124	3048037	1485.0	1
3048037	3066179	1483.4	1
3066179	3079464	1482.8	1
3079464	3088016	1483.2	1
3088016	3101516	1482.2	1
3101516	3121863	1481.4	1
3121863	3133651	1483.0	1
3133651	3147931	1482.4	1
3147931	3161946	1482.6	1
3161946	3173934	1482.6	1
3173934	3192935	1485.2	1
3192935	3203902	1487.9	1
3203902	3221851	1487.1	1
3221851	3231260	1482.8	1
3231260	3249951	1482.2	1
3249951	3264403	1482.6	1
3264403	3276250	1482.0	1
3276250	3292785	1482.2	1
3292785	3301016	1482.2	1
3301016	3319886	1484.2	1
3319886	3333573	1485.0	1
3333573	3347210	1486.9	1
3347210	3360826	1486.9	1
3360826	3375264	1486.7	1
3375264	3386602	1484.4	1
3386602	3408736	1483.4	1
3408736	3415616	1482.0	1
3415616	3429186	1483.8	1
3429186	3447594	1486.5	1
3447594	3456411	1486.9	1
3456411	3475696	1489.3	1
3475696	3487379	1485.0	1
3487379	3503450	1483.6	1
3503450	3516308	1481.6	1
3516308	3533249	1481.0	1
3533249	3553679	1483.2	1
3553679	3560851	1481.4	1
3560851	3574807	1482.6	1
3574807	3591481	1482.0	1
3591481	3602440	1482.2	1
3602440	3621672	1483.6	1
3621672	3632848	1481.8	1
3632848	3643704	1482.6	1
3643704	3663086	1483.0	1
3663086	3676443	1481.4	1
3676443	3690633	1481.6	1
3690633	3702384	1484.8	1
3702384	3718052	1487.9	1
3718052	3729131	1484.2	1
3729131	3742540	1484.0	1
3742540	3764928	1484.6	1
3764928	3771613	1484.2	1
3771613	3784988	1484.2	1
3784988	3805593	1483.0	1
3805593	3812472	1483.0	1
3812472	3836087	1484.0	1
3836087	3860413	1483.8	1
3860413	3872040	1482.2	1
3872040	3884756	1483.0	1
3884756	3908224	1481.6	1
3908224	3915036	1483.0	1
3915036	3928654	1482.4	1
3928654	3942402	1482.2	1
3942402	3955993	1482.4	1
3955993	3974383	1481.4	1
3974383	3984865	1481.4	1
3984865	3998969	1481.0	1
3998969	4017907	1482.2	1
4017907	4031631	1483.4	1
4031631	4045451	1483.8	1
4045451	4059071	1484.4	1
4059071	4072598	1484.2	1
4072598	4086423	1482.2	1
4086423	4099593	1483.6	1
4099593	4118246	1483.4	1
4118246	4132087	1482.8	1
4132087	4147795	1484.2	1
4147795	4154833	1484.2	1
4154833	4170279	1483.0	1
4170279	4188005	1482.4	1
4188005	4198787	1483.2	1
4198787	4212228	1483.6	1
4212228	4226356	1483.6	1
4226356	4238396	1482.4	1
4238396	4257201	1483.6	1
4257201	4270657	1483.4	1
4270657	4284277	1483.6	1
4284277	4302739	1484.0	1
4302739	4316415	1483.8	1
4316415	4336853	1482.6	1
4336853	4348280	1483.8	1
4348280	4362328	1483.8	1
4362328	4373528	1482.8	1
4373528	4405771	1484.2	1
4405771	4414367	1485.0	1
4414367	4427348	1484.2	1
4427348	4442069	1483.4	1
4442069	4453523	1483.0	1
4453523	4476524	1481.6	1
4476524	4483454	1481.6	1
4483454	4502512	1482.2	1
4502512	4516371	1482.4	1
4516371	4529178	1484.2	1
4529178	4545716	1482.6	1
4545716	4555402	1482.4	1
4555402	4573129	1482.8	1
4573129	4582265	1484.0	1
4582265	4601271	1484.2	1
4601271	4614955	1483.2	1
4614955	4631290	1483.0	1
4631290	4642352	1482.6	1
4642352	4655918	1483.6	1
4655918	4669859	1485.8	1
4669859	4688531	1484.6	1
4688531	4704339	1484.0	1
4704339	4713335	1487.5	1
4713335	4732181	1487.1	1
4732181	4741455	1482.4	1
4741455	4759179	1483.2	1
4759179	4771658	1483.2	1
4771658	4786728	1482.4	1
4786728	4797636	1483.0	1
4797636	4813637	1483.8	1
4813637	4832207	1483.4	1
4832207	4841666	1482.0	1
4841666	4859105	1482.6	1
4859105	4868780	1481.6	1
4868780	4882419	1484.6	1
4882419	4905800	1486.0	1
4905800	4912014	1485.6	1
4912014	4925328	1486.9	1
4925328	4938994	1485.0	1
4938994	4952244	1483.4	1
4952244	4976311	1484.4	1
4976311	4984613	1485.8	1
4984613	4997870	1484.4	1
4997870	5013547	1484.2	1
5013547	5025216	1483.2	1
5025216	5043595	1485.6	1
5043595	5054432	1484.0	1
5054432	5073301	1484.0	1
5073301	5081348	1484.8	1
5081348	5100570	1483.8	1
5100570	5116537	1485.6	1
5116537	5125461	1486.5	1
5125461	5139758	1484.6	1
5139758	5152825	1484.2	1
5152825	5169577	1482.6	1
5169577	5184554	1482.8	1
5184554	5196847	1485.8	1
5196847	5210675	1485.2	1
5210675	5224376	1486.0	1
5224376	5238133	1482.6	1
5238133	5258582	1482.2	1
5258582	5265575	1482.0	1
5265575	5279365	1482.6	1
5279365	5292597	1483.8	1
5292597	5309319	1485.6	1
5309319	5326149	1484.8	1
5326149	5339845	1484.0	1
5339845	5354795	1484.4	1
5354795	5366398	1485.0	1
5366398	5380408	1484.0	1
5380408	5398919	1484.6	1
5398919	5414700	1484.8	1
5414700	5428252	1483.8	1
5428252	5442124	1482.4	1
5442124	5456771	1484.0	1
5456771	5470307	1482.6	1
5470307	5483872	1483.0	1
5483872	5495105	1482.0	1
5495105	5511342	1483.4	1
5511342	5521730	1483.0	1
5521730	5545122	1484.8	1
5545122	5552317	1485.6	1
5552317	5565876	1485.4	1
5565876	5579411	1484.0	1
5579411	5593179	1482.8	1
5593179	5610688	1483.6	1
5610688	5627366	1480.6	1
5627366	5638019	1481.6	1
5638019	5650296	1481.2	1
5650296	5668806	1483.0	1
5668806	5682836	1482.8	1
5682836	5698905	1481.2	1
5698905	5710040	1481.8	1
5710040	5721422	1481.8	1
5721422	5737399	1481.6	1
5737399	5756220	1482.2	1
5756220	5766372	1484.2	1
5766372	5785641	1482.8	1
5785641	5792568	1482.6	1
5792568	5806248	1484.4	1
5806248	5825968	1487.7	1
5825968	5838157	1486.9	1
5838157	5851495	1484.0	1
5851495	5864092	1483.4	1
5864092	5878773	1483.4	1
5878773	5901296	1482.8	1
5901296	5912257	1480.0	1
5912257	5922055	1481.0	1
5922055	5935817	1484.6	1
5935817	5950671	1484.0	1
5950671	5969739	1483.2	1
5969739	5978951	1481.6	1
5978951	5990289	1480.6	1
5990289	6004139	1480.4	1
6004139	6022965	1480.6	1
6022965	6050726	1481.4	1
6050726	6064696	1483.2	1
6064696	6083055	1485.2	1
6083055	6093690	1484.4	1
6093690	6110004	1482.4	1
6110004	6127631	1481.8	1
6127631	6135196	1483.6	1
6135196	6148659	1483.6	1
6148659	6162857	1484.2	1
6162857	6183156	1484.6	1
6183156	6206622	1484.4	1
6206622	6221828	1483.4	1
6221828	6232904	1484.6	1
6232904	6252278	1481.6	1
6252278	6267512	1481.4	1
6267512	6278531	1482.6	1
6278531	6295814	1483.4	1
6295814	6309962	1481.4	1
6309962	6327517	1483.4	1
6327517	6339841	1483.8	1
6339841	6352928	1482.6	1
6352928	6366892	1482.0	1
6366892	6394667	1482.8	1
6394667	6409694	1485.2	1
6409694	6420595	1484.0	1
6420595	6436906	1482.0	1
6436906	6447753	1483.6	1
6447753	6464665	1482.4	1
6464665	6477183	1487.5	1
6477183	6490773	1487.5	1
6490773	6504119	1485.2	1
6504119	6517789	1485.6	1
6517789	6535907	1485.6	1
6535907	6547897	1483.8	1
6547897	6560574	1484.8	1
6560574	6578575	1486.7	1
6578575	6587157	1486.9	1
6587157	6605855	1488.1	1
6605855	6618432	1488.3	1
6618432	6635742	1488.3	1
6635742	6645926	1483.8	1
6645926	6658071	1482.2	1
6658071	6677024	1482.0	1
6677024	6686580	1485.0	1
6686580	6705757	1485.4	1
6705757	6714304	1487.3	1
6714304	6728069	1484.8	1
6728069	6747659	1486.9	1
6747659	6762373	1483.4	1
6762373	6776174	1483.8	1
6776174	6786302	1484.4	1
6786302	6799828	1484.0	1
6799828	6825032	1482.6	1
6825032	6833761	1483.0	1
6833761	6845951	1482.4	1
6845951	6859808	1483.6	1
6859808	6872588	1486.9	1
6872588	6892728	1487.1	1
6892728	6904805	1484.0	1
6904805	6915898	1484.2	1
6915898	6926945	1484.6	1
6926945	6940821	1485.8	1
6940821	6961718	1484.2	1
6961718	6974556	1482.0	1
6974556	6988991	1481.6	1
6988991	6999998	1481.4	1
6999998	7015615	1479.6	1
7015615	7031436	1480.8	1
7031436	7044245	1483.0	1
7044245	7063402	1483.6	1
7063402	7078085	1482.0	1
7078085	7091438	1482.4	1
7091438	7110059	1483.6	1
7110059	7118770	1483.4	1
7118770	7132664	1482.6	1
7132664	7146425	1481.8	1
7146425	7159665	1483.4	1
7159665	7176968	1484.6	1
7176968	7194399	1483.6	1
7194399	7201590	1483.0	1
7201590	7223120	1483.0	1
7223120	7228401	1483.2	1
7228401	7250168	1483.4	1
7250168	7257342	1483.8	1
7257342	7280592	1484.0	1
7280592	7288321	1483.6	1
7288321	7303808	1484.8	1
7303808	7318372	1484.0	1
7318372	7329965	1487.1	1
7329965	7343904	1485.4	1
7343904	7357390	1482.6	1
7357390	7373309	1482.8	1
7373309	7389265	1480.4	1
7389265	7400562	1482.2	1
7400562	7414448	1483.8	1
7414448	7433794	1482.2	1
7433794	7441869	1482.0	1
7441869	7469582	1487.3	1
7469582	7476371	1485.4	1
7476371	7490541	1483.2	1
7490541	7509969	1483.2	1
7509969	7537749	1481.6	1
7537749	7543611	1483.6	1
7543611	7558642	1481.2	1
7558642	7572349	1482.6	1
7572349	7586221	1483.2	1
7586221	7604669	1482.6	1
7604669	7615453	1482.6	1
7615453	7628730	1482.0	1
7628730	7647614	1482.4	1
7647614	7656530	1484.4	1
7656530	7674817	1484.4	1
7674817	7690566	1486.9	1
7690566	7700403	1483.0	1
7700403	7716378	1484.6	1
7716378	7727971	1484.0	1
7727971	7748157	1500.7	1
7748157	7764150	1498.9	1
7764150	7774565	1494.9	1
7774565	7791095	1493.1	1
7791095	7803140	1490.5	1
7803140	7813682	1489.1	1
7813682	7836984	1487.3	1
7836984	7844420	1486.7	1
7844420	7857577	1485.0	1
7857577	7871142	1484.8	1
7871142	7884790	1488.1	1
7884790	7905114	1485.8	1
7905114	7913993	1485.4	1
7913993	7927166	1489.5	1
7927166	7946127	1489.3	1
7946127	7956316	1488.9	1
7956316	7979947	1488.9	1
7979947	7991104	1485.4	1
7991104	8002078	1485.4	1
8002078	8013829	1484.4	1
8013829	8035593	1484.0	1
8035593	8048484	1480.6	1
8048484	8065018	1481.2	1
8065018	8076555	1480.8	1
8076555	8092337	1481.4	1
8092337	8117793	1481.8	1
8117793	8128830	1480.8	1
8128830	8147596	1480.6	1
8147596	8161355	1480.8	1
8161355	8175209	1483.4	1
8175209	8188900	1482.6	1
8188900	8206678	1481.2	1
8206678	8218833	1482.4	1
8218833	8228846	1482.8	1
8228846	8243511	1482.0	1
8243511	8261100	1482.0	1
8261100	8270927	1480.6	1
8270927	8284224	1480.8	1
8284224	8299463	1481.4	1
8299463	8313241	1482.0	1
8313241	8332268	1482.6	1
8332268	8345861	1482.2	1
8345861	8359085	1482.4	1
8359085	8375543	1480.6	1
8375543	8386112	1483.0	1
8386112	8405114	1484.2	1
8405114	8415680	1483.8	1
8415680	8431104	1484.8	1
8431104	8440585	1487.5	1
8440585	8455008	1487.1	1
8455008	8471264	1484.8	1
8471264	8484490	1488.5	1
8484490	8498033	1488.3	1
8498033	8511816	1487.1	1
8511816	8525144	1483.6	1
8525144	8543973	1482.0	1
8543973	8557261	1482.8	1
8557261	8570715	1483.6	1
8570715	8586498	1483.0	1
8586498	8600275	1484.0	1
8600275	8620282	1482.2	1
8620282	8626708	1484.0	1
8626708	8640378	1483.2	1
8640378	8653953	1481.6	1
8653953	8670560	1481.8	1
8670560	8686532	1483.4	1
8686532	8700284	1483.8	1
8700284	8710817	1484.4	1
8710817	8725150	1484.6	1
8725150	8739399	1484.0	1
8739399	8762599	1482.4	1
8762599	8774632	1484.2	1
8774632	8783184	1483.4	1
8783184	8801472	1482.8	1
8801472	8810437	1483.6	1
8810437	8827284	1485.2	1
8827284	8838973	1482.8	1
8838973	8853112	1482.0	1
8853112	8866957	1485.2	1
8866957	8885116	1487.7	1
8885116	8904852	1484.6	1
8904852	8915370	1482.8	1
8915370	8928899	1481.8	1
8928899	8938632	1480.6	1
8938632	8954587	1482.0	1
8954587	8975098	1481.6	1
8975098	8981841	1481.6	1
8981841	8995394	1482.2	1
8995394	9013886	1482.8	1
9013886	9027096	1481.8	1
9027096	9042910	1482.6	1
9042910	9056511	1481.6	1
9056511	9066415	1483.0	1
9066415	9081258	1481.4	1
9081258	9095072	1480.4	1
9095072	9118132	1479.4	1
9118132	9131001	1480.8	1
9131001	9140046	1480.4	1
9140046	9153905	1484.0	1
9153905	9172071	1482.8	1
9172071	9188016	1483.4	1
9188016	9198766	1481.6	1
9198766	9214981	1482.8	1
9214981	9226853	1482.0	1
9226853	9237489	1481.8	1
9237489	9258526	1483.4	1
9258526	9272668	1482.2	1
9272668	9283975	1481.6	1
9283975	9298248	1483.4	1
9298248	9313866	1481.4	1
9313866	9329452	1483.6	1
9329452	9341040	1482.4	1
9341040	9354573	1482.2	1
9354573	9367910	1481.8	1
9367910	9386514	1483.4	1
9386514	9403653	1483.6	1
9403653	9412899	1483.0	1
9412899	9425980	1482.8	1
9425980	9439378	1482.8	1
9439378	9452820	1484.8	1
9452820	9471361	1483.4	1
9471361	9483644	1484.0	1
9483644	9497198	1483.8	1
9497198	9510797	1481.8	1
9510797	9528159	1482.2	1
9528159	9546513	1483.2	1
9546513	9558764	1482.6	1
9558764	9566423	1482.4	1
9566423	9585503	1483.2	1
9585503	9593656	1485.4	1
9593656	9613851	1486.9	1
9613851	9628199	1483.8	1
9628199	9639607	1482.8	1
9639607	9655054	1483.6	1
9655054	9666476	1484.6	1
9666476	9683843	1485.4	1
9683843	9697957	1485.8	1
9697957	9711793	1487.3	1
9711793	9721872	1487.5	1
9721872	9739530	1484.2	1
9739530	9764037	1485.2	1
9764037	9773854	1483.6	1
9773854	9790247	1483.6	1
9790247	9797452	1484.2	1
9797452	9811193	1482.2	1
9811193	9828395	1482.8	1
9828395	9840545	1484.0	1
9840545	9859822	1485.0	1
9859822	9873048	1487.9	1
9873048	9886187	1487.7	1
9886187	9903527	1485.2	1
9903527	9910802	1483.2	1
9910802	9929603	1482.8	1
9929603	9943592	1483.2	1
9943592	9952117	1482.2	1
9952117	9972693	1480.8	1
9972693	9986181	1482.0	1
9986181	10001354	1481.8	1
10001354	10012866	1482.4	1
10012866	10025459	1483.2	1
10025459	10044165	1482.6	1
10044165	10056029	1484.4	1
10056029	10068991	1483.8	1
10068991	10083187	1485.0	1
10083187	10097158	1484.4	1
10097158	10115543	1484.2	1
10115543	10128543	1484.4	1
10128543	10144717	1485.0	1
10144717	10153196	1485.4	1
10153196	10172559	1485.2	1
10172559	10186946	1487.1	1
10186946	10199903	1483.4	1
10199903	10213110	1483.4	1
10213110	10226671	1482.6	1
10226671	10240449	1482.0	1
10240449	10258166	1480.8	1
10258166	10270121	1482.6	1
10270121	10282511	1483.4	1
10282511	10296395	1483.6	1
10296395	10309058	1483.2	1
10309058	10332435	1483.8	1
10332435	10343626	1483.0	1
10343626	10354937	1484.0	1
10354937	10370777	1483.8	1
10370777	10383456	1484.0	1
10383456	10399860	1483.8	1
10399860	10417203	1484.8	1
10417203	10425769	1484.2	1
10425769	10444939	1484.0	1
10444939	10456823	1483.6	1
10456823	10472109	1484.0	1
10472109	10483710	1482.8	1
10483710	10497853	1482.6	1
10497853	10514046	1482.8	1
10514046	10525001	1482.2	1
10525001	10542360	1482.0	1
10542360	10556718	1482.8	1
10556718	10570125	1483.2	1
10570125	10584484	1484.2	1
10584484	10596277	1481.2	1
10596277	10618478	1481.4	1
10618478	10625461	1482.6	1
10625461	10639376	1481.0	1
10639376	10659371	1482.8	1
10659371	10667316	1481.2	1
10667316	10688258	1478.8	1
10688258	10702470	1483.8	1
10702470	10713639	1484.2	1
10713639	10733718	1482.2	1
10733718	10738792	1482.2	1
10738792	10756360	1482.4	1
10756360	10770010	1482.4	1
10770010	10783076	1481.6	1
10783076	10796707	1480.8	1
10796707	10816014	1481.4	1
10816014	10831184	1482.8	1
10831184	10844847	1482.6	1
10844847	10861472	1482.6	1
10861472	10870874	1483.6	1
10870874	10898145	1482.4	1
10898145	10911569	1481.2	1
10911569	10924583	1480.8	1
10924583	10940742	1481.6	1
10940742	10951367	1482.2	1
10951367	10969318	1482.4	1
10969318	10980797	1484.2	1
10980797	10994402	1485.0	1
10994402	11008138	1485.0	1
11008138	11021921	1484.2	1
11021921	11039875	1483.2	1
11039875	11056658	1481.4	1
11056658	11066502	1482.8	1
11066502	11084827	1482.8	1
11084827	11094259	1483.8	1
11094259	11112806	1487.3	1
11112806	11129351	1482.6	1
11129351	11139974	1483.2	1
11139974	11153590	1482.6	1
11153590	11166463	1481.6	1
11166463	11184414	1480.8	1
11184414	11194861	1480.2	1
11194861	11210824	1480.0	1
11210824	11224494	1480.0	1
11224494	11240402	1480.4	1
11240402	11255647	1481.0	1
11255647	11267459	1480.2	1
11267459	11279903	1481.2	1
11279903	11296254	1480.8	1
11296254	11307416	1480.2	1
11307416	11327962	1479.8	1
11327962	11337344	1479.6	1
11337344	11350919	1480.6	1
11350919	11364612	1480.0	1
11364612	11383953	1479.6	1
11383953	11399104	1478.8	1
11399104	11412951	1481.0	1
11412951	11422175	1480.6	1
11422175	11440547	1479.2	1
11440547	11454385	1480.2	1
11454385	11475271	1481.8	1
11475271	11482027	1482.2	1
11482027	11495504	1482.0	1
11495504	11509842	1482.8	1
11509842	11528048	1485.0	1
11528048	11543601	1482.6	1
11543601	11552212	1479.8	1
11552212	11572162	1478.6	1
11572162	11579017	1480.4	1
11579017	11598744	1480.8	1
11598744	11619132	1481.8	1
11619132	11624947	1480.2	1
11624947	11641729	1479.8	1
11641729	11655673	1481.0	1
11655673	11669577	1476.7	1
11669577	11688770	1478.4	1
11688770	11696985	1479.4	1
11696985	11716247	1479.2	1
11716247	11725620	1480.2	1
11725620	11744481	1480.2	1
11744481	11771966	1480.4	1
11771966	11780364	1504.9	1
11780364	11798366	1505.1	1
11798366	11812492	1502.9	1
11812492	11822282	1497.3	1
11822282	11843524	1498.9	1
11843524	11850318	1494.7	1
11850318	11869392	1492.1	1
11869392	11882808	1493.5	1
11882808	11895603	1491.9	1
11895603	11911083	1490.7	1
11911083	11922735	1492.9	1
11922735	11936736	1492.5	1
11936736	11949771	1495.5	1
11949771	11963125	1492.7	1
11963125	11979759	1491.1	1
11979759	11997996	1487.7	1
11997996	12006014	1488.9	1
12006014	12019817	1486.9	1
12019817	12036913	1485.4	1
12036913	12053200	1485.2	1
12053200	12064075	1487.5	1
12064075	12077791	1487.7	1
12077791	12096828	1485.0	1
12096828	12105739	1483.8	1
12105739	12129572	1482.4	1
12129572	12137032	1481.0	1
12137032	12151799	1480.2	1
12151799	12168299	1481.0	1
12168299	12179196	1479.8	1
12179196	12196997	1481.2	1
12196997	12211616	1481.0	1
12211616	12222419	1481.0	1
12222419	12233407	1483.4	1
12233407	12249226	1483.4	1
12249226	12268422	1484.0	1
12268422	12280677	1485.4	1
12280677	12292793	1483.8	1
12292793	12309137	1483.4	1
12309137	12319210	1483.0	1
12319210	12336320	1483.8	1
12336320	12350205	1482.8	1
12350205	12363815	1481.2	1
12363815	12374663	1482.0	1
12374663	12383627	1510.1	1
12383627	12404161	1506.7	1
12404161	12417271	1505.7	1
12417271	12444854	1501.5	1
12444854	12460397	1491.7	1
12460397	12476240	1489.9	1
12476240	12487533	1488.5	1
12487533	12501365	1489.1	1
12501365	12521151	1489.3	1
12521151	12528965	1487.7	1
12528965	12547680	1484.2	1
12547680	12560940	1482.6	1
12560940	12574797	1482.4	1
12574797	12588449	1481.8	1
12588449	12601713	1482.0	1
12601713	12624558	1484.6	1
12624558	12632225	1482.4	1
12632225	12651586	1482.0	1
12651586	12659222	1480.4	1
12659222	12673399	1480.6	1
12673399	12699033	1481.6	1
12699033	12706350	1480.0	1
12706350	12717117	1480.0	1
12717117	12730373	1480.0	1
12730373	12746754	1479.2	1
12746754	12764517	1480.2	1
12764517	12778619	1480.4	1
12778619	12790162	1480.8	1
12790162	12804975	1479.2	1
12804975	12819515	1480.4	1
12819515	12839938	1479.6	1
12839938	12851751	1478.6	1
12851751	12866053	1476.3	1
12866053	12873760	1480.2	1
12873760	12891740	1480.4	1
12891740	12907974	1480.8	1
12907974	12925657	1481.2	1
12925657	12931284	1481.2	1
12931284	12948982	1482.0	1
12948982	12958643	1481.6	1
12958643	12978112	1481.0	1
12978112	12995777	1479.6	1
12995777	13010987	1479.4	1
13010987	13020696	1478.4	1
13020696	13031809	1479.0	1
13031809	13048811	1475.7	1
13048811	13065700	1479.2	1
13065700	13073443	1479.6	1
13073443	13087371	1479.8	1
13087371	13101546	1479.6	1
13101546	13122555	1478.8	1
13122555	13133965	1478.8	1
13133965	13147402	1479.2	1
13147402	13160962	1479.8	1
13160962	13178495	1481.0	1
13178495	13195079	1479.8	1
13195079	13206133	1475.9	1
13206133	13219926	1479.8	1
13219926	13237299	1480.4	1
13237299	13252268	1478.8	1
13252268	13272426	1478.2	1
13272426	13281274	1478.8	1
13281274	13295040	1479.2	1
13295040	13308489	1481.0	1
13308489	13316951	1479.4	1
13316951	13334140	1499.3	1
13334140	13344624	1496.1	1
13344624	13366634	1491.9	1
13366634	13374233	1490.9	1
13374233	13387973	1488.3	1
13387973	13400826	1489.1	1
13400826	13413136	1489.9	1
13413136	13431956	1485.2	1
13431956	13448617	1489.3	1
13448617	13464661	1484.6	1
13464661	13473519	1483.6	1
13473519	13486400	1482.6	1
13486400	13508043	1484.4	1
13508043	13516022	1481.6	1
13516022	13533689	1484.0	1
13533689	13543634	1484.2	1
13543634	13564109	1485.0	1
13564109	13579006	1482.2	1
13579006	13592729	1480.2	1
13592729	13606441	1480.6	1
13606441	13619705	1482.4	1
13619705	13633398	1481.0	1
13633398	13654782	1481.4	1
13654782	13662553	1483.0	1
13662553	13682501	1482.0	1
13682501	13690547	1481.6	1
13690547	13705051	1479.8	1
13705051	13723798	1481.8	1
13723798	13741330	1482.4	1
13741330	13749995	1481.0	1
13749995	13764288	1482.8	1
13764288	13777130	1482.8	1
13777130	13795628	1482.2	1
13795628	13805977	1481.8	1
13805977	13819802	1483.4	1
13819802	13833084	1487.1	1
13833084	13846869	1485.2	1
13846869	13866429	1485.8	1
13866429	13876570	1484.8	1
13876570	13890640	1485.4	1
13890640	13907760	1484.4	1
13907760	13921456	1483.6	1
13921456	13935142	1481.6	1
13935142	13947988	1483.2	1
13947988	13962702	1484.4	1
13962702	13978435	1483.2	1
13978435	13990057	1482.2	1
13990057	14005147	1481.8	1
14005147	14016335	1481.4	1
14016335	14030457	1481.2	1
14030457	14046816	1481.0	1
14046816	14057898	1482.2	1
14057898	14080374	1482.0	1
14080374	14095809	1482.8	1
14095809	14107955	1483.0	1
14107955	14125769	1484.8	1
14125769	14133885	1482.0	1
14133885	14152379	1482.2	1
14152379	14163666	1485.4	1
14163666	14176148	1483.6	1
14176148	14190917	1483.4	1
14190917	14207874	1481.2	1
14207874	14224181	1483.2	1
14224181	14233332	1485.4	1
14233332	14246936	1487.1	1
14246936	14260448	1485.0	1
14260448	14273713	1481.8	1
14273713	14297562	1482.4	1
14297562	14305273	1483.6	1
14305273	14318861	1483.8	1
14318861	14332499	1484.2	1
14332499	14344794	1483.6	1
14344794	14361629	1482.0	1
14361629	14375203	1483.4	1
14375203	14389150	1484.8	1
14389150	14402899	1484.0	1
14402899	14417515	1483.4	1
14417515	14439996	1482.4	1
14439996	14451771	1482.6	1
14451771	14461990	1482.2	1
14461990	14477555	1482.0	1
14477555	14494739	1482.8	1
14494739	14516142	1482.6	1
14516142	14524001	1482.6	1
14524001	14534202	1483.6	1
14534202	14553287	1481.8	1
14553287	14580869	1481.2	1
14580869	14591424	1481.2	1
14591424	14602635	1482.6	1
14602635	14616158	1483.2	1
14616158	14630004	1482.8	1
14630004	14653575	1482.4	1
14653575	14661520	1482.4	1
14661520	14675350	1482.4	1
14675350	14690596	1481.6	1
14690596	14706319	1481.2	1
14706319	14723470	1481.2	1
14723470	14733767	1479.8	1
14733767	14753151	1479.6	1
14753151	14766673	1480.0	1
14766673	14782202	1480.2	1
14782202	14796128	1479.8	1
14796128	14810207	1480.2	1
14810207	14824096	1479.8	1
14824096	14837887	1480.2	1
14837887	14858245	1480.2	1
14858245	14878523	1479.2	1
14878523	14886675	1480.6	1
14886675	14900470	1479.2	1
14900470	14917261	1479.8	1
14917261	14929989	1479.6	1
14929989	14947777	1479.2	1
14947777	14962129	1479.8	1
14962129	14970052	1479.4	1
14970052	14999019	1480.4	1
14999019	15013428	1503.7	1
15013428	15027093	1498.7	1
15027093	15043393	1498.3	1
15043393	15054853	1493.3	1
15054853	15065579	1490.9	1
15065579	15075465	1512.9	1
15075465	15093668	1509.7	1
15093668	15102924	1507.7	1
15102924	15126563	1500.3	1
15126563	15137442	1500.1	1
15137442	15147444	1497.3	1
15147444	15164105	1493.9	1
15164105	15173880	1489.9	1
15173880	15193858	1488.1	1
15193858	15205547	1487.7	1
15205547	15218605	1488.1	1
15218605	15229794	1487.1	1
15229794	15248262	1487.9	1
15248262	15271217	1484.2	1
15271217	15275616	1483.6	1
15275616	15291561	1483.4	1
15291561	15305286	1483.0	1
15305286	15319453	1483.6	1
15319453	15340165	1482.6	1
15340165	15346971	1482.8	1
15346971	15360909	1483.2	1
15360909	15375013	1481.8	1
15375013	15391556	1480.0	1
15391556	15396568	1479.8	1
15396568	15414146	1499.9	1
15414146	15428243	1497.3	1
15428243	15442208	1492.7	1
15442208	15456146	1492.5	1
15456146	15469737	1490.3	1
15469737	15484528	1487.7	1
15484528	15505211	1487.7	1
15505211	15513172	1484.2	1
15513172	15533887	1483.8	1
15533887	15540152	1484.0	1
15540152	15552591	1483.6	1
15552591	15570583	1484.2	1
15570583	15583294	1483.8	1
15583294	15595443	1485.6	1
15595443	15614008	1484.4	1
15614008	15623511	1480.2	1
15623511	15645605	1479.8	1
15645605	15658329	1479.0	1
15658329	15668586	1478.6	1
15668586	15681264	1479.6	1
15681264	15695692	1479.2	1
15695692	15716914	1478.8	1
15716914	15724363	1481.6	1
15724363	15738342	1480.2	1
15738342	15757313	1479.6	1
15757313	15766846	1481.4	1
15766846	15789302	1479.8	1
15789302	15797732	1480.2	1
15797732	15812306	1475.1	1
15812306	15824842	1480.8	1
15824842	15838637	1480.0	1
15838637	15861546	1478.6	1
15861546	15868427	1479.4	1
15868427	15889020	1479.4	1
15889020	15895793	1479.8	1
15895793	15911318	1479.2	1
15911318	15929620	1476.5	1
15929620	15948952	1476.1	1
15948952	15957095	1476.7	1
15957095	15965099	1480.2	1
15965099	15978675	1480.2	1
15978675	15997584	1480.8	1
15997584	16010885	1481.2	1
16010885	16024289	1480.6	1
16024289	16040126	1481.0	1
16040126	16056922	1476.7	1
16056922	16075028	1479.0	1
16075028	16087340	1479.8	1
16087340	16095261	1479.6	1
16095261	16108628	1479.2	1
16108628	16122538	1479.0	1
16122538	16143657	1479.6	1
16143657	16155451	1476.3	1
16155451	16169864	1476.1	1
16169864	16182626	1475.1	1
16182626	16195111	1476.5	1
16195111	16212660	1479.2	1
16212660	16226011	1482.2	1
16226011	16239617	1482.0	1
16239617	16252922	1481.0	1
16252922	16266902	1480.8	1
16266902	16280897	1479.0	1
16280897	16296821	1480.0	1
16296821	16308386	1479.6	1
16308386	16322204	1480.2	1
16322204	16335240	1479.8	1
16335240	16356295	1479.4	1
16356295	16366702	1478.4	1
16366702	16383574	1478.4	1
16383574	16394120	1478.4	1
16394120	16407016	1480.0	1
16407016	16424724	1481.6	1
16424724	16438018	1479.8	1
16438018	16451860	1479.0	1
16451860	16471639	1479.2	1
16471639	16479049	1480.2	1
16479049	16500404	1479.4	1
16500404	16508050	1480.2	1
16508050	16521348	1480.0	1
16521348	16540323	1479.8	1
16540323	16551066	1480.8	1
16551066	16567739	1481.6	1
16567739	16585631	1481.2	1
16585631	16594267	1479.2	1
16594267	16607633	1479.2	1
16607633	16620504	1478.6	1
16620504	16637964	1481.0	1
16637964	16650136	1481.0	1
16650136	16669969	1481.0	1
16669969	16683603	1480.2	1
16683603	16691390	1480.8	1
16691390	16711814	1481.6	1
16711814	16721896	1480.6	1
16721896	16734683	1479.8	1
16734683	16749289	1479.4	1
16749289	16766639	1480.0	1
16766639	16786678	1481.2	1
16786678	16793891	1481.8	1
16793891	16807182	1480.8	1
16807182	16821320	1479.4	1
16821320	16838005	1482.0	1
16838005	16858971	1482.6	1
16858971	16869110	1480.8	1
16869110	16883446	1480.4	1
16883446	16892280	1480.0	1
16892280	16909602	1479.4	1
16909602	16930753	1479.6	1
16930753	16937079	1479.8	1
16937079	16951201	1479.0	1
16951201	16965931	1479.8	1
16965931	16978443	1480.2	1
16978443	17000869	1480.0	1
17000869	17014236	1474.3	1
17014236	17021308	1475.1	1
17021308	17035271	1474.9	1
17035271	17050606	1476.1	1
17050606	17070219	1479.0	1
17070219	17082716	1479.2	1
17082716	17094945	1479.2	1
17094945	17108272	1480.4	1
17108272	17123753	1479.4	1
17123753	17138666	1481.2	1
17138666	17152138	1480.2	1
17152138	17172627	1478.8	1
17172627	17179980	1478.8	1
17179980	17193677	1478.4	1
17193677	17210979	1476.7	1
17210979	17221459	1478.6	1
17221459	17235645	1479.6	1
17235645	17248773	1476.1	1
17248773	17262623	1476.3	1
17262623	17287081	1476.7	1
17287081	17295870	1479.8	1
17295870	17310168	1480.2	1
17310168	17323085	1479.6	1
17323085	17336611	1481.8	1
17336611	17355327	1481.6	1
17355327	17366248	1480.8	1
17366248	17379995	1481.2	1
17379995	17400971	1481.4	1
17400971	17407914	1479.6	1
17407914	17428658	1478.6	1
17428658	17438240	1479.4	1
17438240	17452008	1479.2	1
17452008	17469836	1480.8	1
17469836	17479394	1479.6	1
17479394	17497403	1479.2	1
17497403	17507473	1479.8	1
17507473	17524922	1481.2	1
17524922	17534577	1481.0	1
17534577	17548137	1480.8	1
17548137	17569921	1480.6	1
17569921	17583078	1478.2	1
17583078	17596553	1476.3	1
17596553	17610680	1474.5	1
17610680	17623944	1476.1	1
17623944	17641438	1476.9	1
17641438	17653098	1482.8	1
17653098	17667486	1483.2	1
17667486	17679155	1479.8	1
17679155	17692970	1480.6	1
17692970	17710749	1481.4	1
17710749	17723869	1480.4	1
17723869	17741171	1481.0	1
17741171	17755066	1482.2	1
17755066	17765191	1480.2	1
17765191	17784671	1481.0	1
17784671	17802110	1480.8	1
17802110	17814271	1480.2	1
17814271	17828202	1480.4	1
17828202	17839022	1480.4	1
17839022	17856566	1479.0	1
17856566	17869639	1478.8	1
17869639	17883211	1479.2	1
17883211	17898097	1478.6	1
17898097	17911606	1478.8	1
17911606	17925354	1478.4	1
17925354	17939050	1480.4	1
17939050	17952720	1479.6	1
17952720	17968017	1481.4	1
17968017	17980272	1481.2	1
17980272	18002026	1481.2	1
18002026	18011417	1480.0	1
18011417	18025182	1480.2	1
18025182	18042691	1478.8	1
18042691	18052794	1478.0	1
18052794	18070164	1479.4	1
18070164	18084027	1478.6	1
18084027	18097849	1476.3	1
18097849	18110740	1478.2	1
18110740	18126138	1479.8	1
18126138	18136255	1479.0	1
18136255	18152442	1508.5	1
18152442	18175792	1503.7	1
18175792	18188273	1498.7	1
18188273	18197091	1494.9	1
18197091	18211912	1490.9	1
18211912	18240992	1489.3	1
18240992	18251627	1486.9	1
18251627	18265129	1484.0	1
18265129	18285645	1484.4	1
18285645	18292983	1482.8	1
18292983	18310473	1482.4	1
18310473	18327772	1482.2	1
18327772	18337507	1482.0	1
18337507	18350482	1483.2	1
18350482	18362767	1482.2	1
18362767	18385413	1479.8	1
18385413	18399273	1481.8	1
18399273	18419637	1479.8	1
18419637	18434110	1480.0	1
18434110	18453040	1480.0	1
18453040	18466227	1480.6	1
18466227	18487463	1480.0	1
18487463	18494891	1480.8	1
18494891	18506411	1483.0	1
18506411	18530416	1482.6	1
18530416	18541080	1479.6	1
18541080	18551629	1479.6	1
18551629	18564627	1482.2	1
18564627	18582283	1479.6	1
18582283	18597822	1476.5	1
18597822	18609188	1479.2	1
18609188	18629871	1480.0	1
18629871	18639195	1481.0	1
18639195	18655639	1478.6	1
18655639	18668824	1478.8	1
18668824	18683399	1476.7	1
18683399	18696275	1479.2	1
18696275	18714946	1480.4	1
18714946	18727980	1479.2	1
18727980	18741789	1478.8	1
18741789	18759387	1478.2	1
18759387	18773311	1479.4	1
18773311	18785708	1478.8	1
18785708	18799772	1479.6	1
18799772	18814673	1478.4	1
18814673	18828392	1480.6	1
18828392	18837966	1481.0	1
18837966	18856151	1480.2	1
18856151	18864487	1480.4	1
18864487	18882542	1480.0	1
18882542	18895770	1480.0	1
18895770	18909980	1479.8	1
18909980	18927043	1482.0	1
18927043	18937581	1479.8	1
18937581	18956286	1480.4	1
18956286	18967722	1478.6	1
18967722	18981643	1477.1	1
18981643	18995713	1479.8	1
18995713	19009577	1480.6	1
19009577	19026243	1478.8	1
19026243	19041818	1476.9	1
19041818	19053201	1480.6	1
19053201	19062297	1481.0	1
19062297	19075962	1480.6	1
19075962	19098577	1482.2	1
19098577	19110247	1480.8	1
19110247	19124154	1481.2	1
19124154	19138368	1481.4	1
19138368	19158967	1480.0	1
19158967	19178433	1480.8	1
19178433	19188936	1480.2	1
19188936	19205637	1482.0	1
19205637	19213110	1482.2	1
19213110	19227651	1480.4	1
19227651	19248074	1480.2	1
19248074	19258400	1476.5	1
19258400	19271671	1476.5	1
19271671	19288369	1479.0	1
19288369	19299007	1481.0	1
19299007	19321414	1481.6	1
19321414	19328715	1480.2	1
19328715	19342892	1482.2	1
19342892	19359794	1483.8	1
19359794	19369853	1484.4	1
19369853	19389754	1482.0	1
19389754	19403343	1478.8	1
19403343	19413592	1479.2	1
19413592	19427583	1479.0	1
19427583	19440745	1480.2	1
19440745	19459988	1481.6	1
19459988	19470342	1483.8	1
19470342	19486990	1482.2	1
19486990	19500521	1483.4	1
19500521	19510274	1483.6	1
19510274	19527576	1483.8	1
19527576	19548296	1481.6	1
19548296	19555205	1479.4	1
19555205	19573773	1478.8	1
19573773	19589367	1478.6	1
19589367	19603076	1476.7	1
19603076	19616575	1480.4	1
19616575	19629491	1479.4	1
19629491	19644164	1476.1	1
19644164	19657840	1478.4	1
19657840	19675865	1476.3	1
19675865	19693641	1475.9	1
19693641	19701490	1478.6	1
19701490	19714722	1479.4	1
19714722	19728896	1479.2	1
19728896	19746464	1479.0	1
19746464	19759119	1481.8	1
19759119	19772129	1482.0	1
19772129	19786124	1481.4	1
19786124	19800494	1483.0	1
19800494	19818056	1479.2	1
19818056	19830631	1480.2	1
19830631	19849800	1476.5	1
19849800	19857787	1478.8	1
19857787	19871317	1479.0	1
19871317	19889199	1480.2	1
19889199	19902795	1480.8	1
19902795	19914115	1479.8	1
19914115	19926822	1479.6	1
19926822	19946283	1480.8	1
19946283	19961501	1480.4	1
19961501	19975428	1482.6	1
19975428	19987648	1482.2	1
19987648	99999999	1482.2	1
