#Processing Run 48367 for polarization tables
#The run table thinks this was a DPERPL2 run
#Corresponding AMO file is :/home/clasg8/rootbeer2.1/dat/pol/amo_tesc_48355.dat
#Coherent Edge positions for TESC events follow:
#Event	Coh Edge	PolPlane(PARA=0,PERP=1,AMO=2,CHANGING=3)
0	1454	2088.8	1
1454	13698	2088.8	1
13698	30342	2088.6	1
30342	46411	2088.8	1
46411	52976	2088.8	1
52976	69605	2089.0	1
69605	82055	2088.6	1
82055	94309	2089.2	1
94309	109728	2088.8	1
109728	122364	2088.4	1
122364	140482	2088.2	1
140482	153635	2088.6	1
153635	166954	2089.0	1
166954	180314	2089.0	1
180314	194138	2088.6	1
194138	213793	2088.4	1
213793	219678	2089.2	1
219678	232691	2089.6	1
232691	252340	2089.4	1
252340	260405	2089.2	1
260405	280632	2089.2	1
280632	293683	2089.0	1
293683	307852	2088.0	1
307852	321164	2088.4	1
321164	332343	2088.2	1
332343	353322	2088.0	1
353322	368896	2087.8	1
368896	375898	2087.8	1
375898	389600	2087.0	1
389600	406696	2087.4	1
406696	422968	2087.0	1
422968	437096	2088.2	1
437096	446023	2088.4	1
446023	462945	2088.6	1
462945	476422	2088.6	1
476422	496000	2088.4	1
496000	503397	2088.6	1
503397	519952	2088.0	1
519952	529422	2088.0	1
529422	541666	2088.0	1
541666	567960	2088.2	1
567960	573085	2088.4	1
573085	590100	2088.0	1
590100	596677	2088.0	1
596677	610287	2088.8	1
610287	630439	2088.6	1
630439	644722	2088.2	1
644722	655454	2088.6	1
655454	669300	2088.2	1
669300	684311	2088.0	1
684311	698987	2088.6	1
698987	711179	2088.0	1
711179	724526	2088.4	1
724526	743485	2088.4	1
743485	754444	2088.2	1
754444	774870	2088.2	1
774870	784945	2089.0	1
784945	798399	2089.4	1
798399	805638	2088.4	1
805638	825328	2088.2	1
825328	838275	2088.4	1
838275	851517	2088.8	1
851517	865115	2088.6	1
865115	878649	2088.6	1
878649	891711	2088.8	1
891711	906176	2088.6	1
906176	918767	2088.6	1
918767	938796	2088.8	1
938796	946823	2088.8	1
946823	963897	2088.6	1
963897	978579	2088.6	1
978579	989211	2088.2	1
989211	1002295	2088.2	1
1002295	1018551	2088.4	1
1018551	1031729	2088.2	1
1031729	1045151	2088.4	1
1045151	1063843	2088.4	1
1063843	1071823	2088.0	1
1071823	1087513	2088.2	1
1087513	1099091	2088.4	1
1099091	1115617	2088.6	1
1115617	1133418	2088.2	1
1133418	1141781	2087.8	1
1141781	1161205	2088.4	1
1161205	1174153	2087.8	1
1174153	1191722	2088.2	1
1191722	1204921	2088.2	1
1204921	1219221	2087.6	1
1219221	1229077	2087.8	1
1229077	1240390	2088.0	1
1240390	1257118	2088.0	1
1257118	1275515	2087.6	1
1275515	1287809	2087.2	1
1287809	1297490	2087.8	1
1297490	1311435	2087.6	1
1311435	1328486	2087.6	1
1328486	1344771	2087.6	1
1344771	1355379	2087.8	1
1355379	1375412	2087.6	1
1375412	1385125	2087.6	1
1385125	1405293	2087.8	1
1405293	1411379	2088.0	1
1411379	1427497	2087.8	1
1427497	1438720	2088.2	1
1438720	1452215	2088.6	1
1452215	1470227	2088.4	1
1470227	1485557	2088.6	1
1485557	1493719	2088.4	1
1493719	1507102	2088.6	1
1507102	1520621	2088.6	1
1520621	1539641	2088.4	1
1539641	1550441	2088.4	1
1550441	1563019	2088.4	1
1563019	1581968	2088.6	1
1581968	1589743	2088.2	1
1589743	1608128	2088.0	1
1608128	1624568	2088.4	1
1624568	1633287	2088.4	1
1633287	1646714	2088.4	1
1646714	1660339	2088.8	1
1660339	1677078	2088.8	1
1677078	1690770	2108.7	1
1690770	1705204	2106.1	1
1705204	1719257	2103.7	1
1719257	1736580	2099.5	1
1736580	1753987	2098.5	1
1753987	1761433	2096.7	1
1761433	1775170	2095.9	1
1775170	1792761	2095.1	1
1792761	1801411	2094.1	1
1801411	1819117	2093.7	1
1819117	1830589	2091.2	1
1830589	1844451	2091.0	1
1844451	1857195	2090.4	1
1857195	1873026	2090.4	1
1873026	1888383	2089.8	1
1888383	1906078	2089.2	1
1906078	1915014	2089.2	1
1915014	1928778	2089.0	1
1928778	1946739	2088.8	1
1946739	1961178	2088.6	1
1961178	1971285	2088.2	1
1971285	1987222	2088.2	1
1987222	2004829	2088.4	1
2004829	2015462	2088.2	1
2015462	2032029	2087.8	1
2032029	2044751	2088.2	1
2044751	2056844	2088.4	1
2056844	2071258	2088.6	1
2071258	2083523	2088.2	1
2083523	2104629	2088.2	1
2104629	2117989	2088.6	1
2117989	2131000	2088.4	1
2131000	2138087	2088.4	1
2138087	2151486	2088.6	1
2151486	2171798	2088.6	1
2171798	2183352	2088.8	1
2183352	2194884	2089.0	1
2194884	2208754	2088.0	1
2208754	2223106	2088.4	1
2223106	2239613	2088.4	1
2239613	2252407	2088.4	1
2252407	2266265	2088.8	1
2266265	2282100	2088.8	1
2282100	2297119	2088.8	1
2297119	2309619	2109.7	1
2309619	2327425	2107.5	1
2327425	2339266	2104.9	1
2339266	2354497	2100.3	1
2354497	3152125	2099.3	1
3152125	3165454	2088.4	1
3165454	3181001	2087.8	1
3181001	3191894	2088.4	1
3191894	3207858	2088.8	1
3207858	3219174	2089.2	1
3219174	3234548	2088.4	1
3234548	3251410	2088.6	1
3251410	3259500	2088.8	1
3259500	3278420	2088.8	1
3278420	3291192	2088.8	1
3291192	3307223	2088.6	1
3307223	3318355	2088.6	1
3318355	3329283	2088.8	1
3329283	3354134	2089.0	1
3354134	3360075	2089.0	1
3360075	3372563	2089.2	1
3372563	3386921	2088.4	1
3386921	3400329	2088.6	1
3400329	3417547	2088.6	1
3417547	3429750	2089.0	1
3429750	3442809	2089.0	1
3442809	3456821	2088.8	1
3456821	3469805	2088.6	1
3469805	3488046	2088.2	1
3488046	3502468	2088.8	1
3502468	3515537	2088.8	1
3515537	3529705	2108.5	1
3529705	3537656	2106.1	1
3537656	3551964	2100.7	1
3551964	3572504	2099.3	1
3572504	3583850	2097.3	1
3583850	3596789	2096.9	1
3596789	3611529	2096.3	1
3611529	3622329	2095.9	1
3622329	3639551	2095.1	1
3639551	3650381	2093.9	1
3650381	3663815	2093.3	1
3663815	3677064	2092.7	1
3677064	3685139	2091.0	1
3685139	3691998	2115.4	1
3691998	3710878	2109.5	1
3710878	3729142	2105.5	1
3729142	3740636	2104.1	1
3740636	3753003	2099.5	1
3753003	3765665	2097.7	1
3765665	3784946	2096.7	1
3784946	3793756	2096.3	1
3793756	3806859	2095.1	1
3806859	3819804	2094.7	1
3819804	3832810	2093.7	1
3832810	3851283	2093.5	1
3851283	3863601	2091.2	1
3863601	3876449	2090.8	1
3876449	3890564	2090.0	1
3890564	3907381	2090.0	1
3907381	3921571	2089.8	1
3921571	3935055	2089.2	1
3935055	3953565	2088.6	1
3953565	3966391	2088.6	1
3966391	3976268	2088.8	1
3976268	3993162	2088.4	1
3993162	4004811	2088.6	1
4004811	4018933	2088.4	1
4018933	4031633	2088.0	1
4031633	4049547	2088.4	1
4049547	4070531	2088.4	1
4070531	4080092	2088.8	1
4080092	4090802	2088.8	1
4090802	4104157	2088.8	1
4104157	4115615	2088.8	1
4115615	4136263	2087.8	1
4136263	4141511	2088.0	1
4141511	4155769	2088.6	1
4155769	4168963	2088.2	1
4168963	4181983	2087.8	1
4181983	4202834	2088.0	1
4202834	4215901	2088.2	1
4215901	4232007	2088.6	1
4232007	4243228	2088.2	1
4243228	4259102	2088.2	1
4259102	4273492	2088.4	1
4273492	4284855	2088.6	1
4284855	4297780	2088.6	1
4297780	4317698	2088.4	1
4317698	4326443	2088.4	1
4326443	4342516	2088.8	1
4342516	4359576	2088.4	1
4359576	4370672	2088.2	1
4370672	4392096	2088.2	1
4392096	4403315	2105.9	1
4403315	4424092	2105.7	1
4424092	4439769	2100.1	1
4439769	4448946	2099.3	1
4448946	4467796	2097.7	1
4467796	4479176	2096.9	1
4479176	4494734	2096.7	1
4494734	4509020	2094.9	1
4509020	4518815	2093.7	1
4518815	4532141	2094.1	1
4532141	4547278	2093.3	1
4547278	4567708	2092.7	1
4567708	4572512	2091.0	1
4572512	4586674	2090.4	1
4586674	4601195	2090.2	1
4601195	4616580	2089.4	1
4616580	4635530	2089.4	1
4635530	4642744	2089.4	1
4642744	4656949	2088.8	1
4656949	4669887	2088.8	1
4669887	4688119	2089.4	1
4688119	4706376	2089.0	1
4706376	4714512	2088.4	1
4714512	4733385	2088.4	1
4733385	4743401	2088.4	1
4743401	4758257	2088.6	1
4758257	4778412	2088.6	1
4778412	4783919	2088.2	1
4783919	4798502	2088.0	1
4798502	4814297	2088.0	1
4814297	4828095	2088.0	1
4828095	4843245	2088.2	1
4843245	4855557	2088.6	1
4855557	4868939	2088.6	1
4868939	4886002	2088.4	1
4886002	4893427	2088.4	1
4893427	4917537	2088.2	1
4917537	4924627	2088.8	1
4924627	4939496	2088.8	1
4939496	4952889	2088.0	1
4952889	4963228	2088.8	1
4963228	4981004	2088.6	1
4981004	4993368	2089.0	1
4993368	5006864	2089.0	1
5006864	5025827	2089.0	1
5025827	5033644	2088.8	1
5033644	5052262	2088.6	1
5052262	5062539	2088.4	1
5062539	5078551	2088.6	1
5078551	5092521	2088.6	1
5092521	5105934	2089.0	1
5105934	5121229	2088.8	1
5121229	5138262	2088.8	1
5138262	5146079	2088.4	1
5146079	5161282	2088.2	1
5161282	5173705	2088.6	1
5173705	5195425	2088.6	1
5195425	5203706	2088.6	1
5203706	5218881	2088.4	1
5218881	5230999	2088.6	1
5230999	5244205	2088.6	1
5244205	5261000	2088.0	1
5261000	5272778	2088.2	1
5272778	5287914	2088.4	1
5287914	5300706	2088.4	1
5300706	5316048	2087.8	1
5316048	5331940	2088.2	1
5331940	5347591	2088.0	1
5347591	5359888	2088.2	1
5359888	5375338	2088.2	1
5375338	5383546	2088.8	1
5383546	5401441	2089.2	1
5401441	5412970	2089.4	1
5412970	5425981	2089.2	1
5425981	5444114	2088.8	1
5444114	5458321	2089.0	1
5458321	5475382	2088.6	1
5475382	5483567	2088.4	1
5483567	5496977	2088.6	1
5496977	5510753	2088.4	1
5510753	5528981	2088.8	1
5528981	5546384	2088.4	1
5546384	5553236	2088.0	1
5553236	5572545	2087.8	1
5572545	5586619	2088.6	1
5586619	5599562	2087.8	1
5599562	5619451	2087.8	1
5619451	5626409	2088.0	1
5626409	5639503	2087.8	1
5639503	5653108	2087.8	1
5653108	5667745	2087.0	1
5667745	5683846	2087.2	1
5683846	5700719	2087.6	1
5700719	5710385	2087.4	1
5710385	5723891	2088.2	1
5723891	5737262	2087.8	1
5737262	5757225	2088.0	1
5757225	5770469	2088.0	1
5770469	5783894	2088.0	1
5783894	5792973	2087.8	1
5792973	5805125	2087.6	1
5805125	5824048	2087.8	1
5824048	5834157	2088.2	1
5834157	5847533	2088.0	1
5847533	5862559	2088.6	1
5862559	5874243	2088.6	1
5874243	5893221	2088.2	1
5893221	5909736	2088.4	1
5909736	5921117	2088.6	1
5921117	5934499	2089.2	1
5934499	5947862	2088.6	1
5947862	5966145	2089.4	1
5966145	5977265	2088.6	1
5977265	5986363	2088.4	1
5986363	6000236	2089.0	1
6000236	6013722	2088.2	1
6013722	6031410	2088.6	1
6031410	6046631	2088.4	1
6046631	6060472	2088.2	1
6060472	6075117	2088.0	1
6075117	6084826	2088.4	1
6084826	6100172	2088.4	1
6100172	6115636	2087.8	1
6115636	6133293	2087.6	1
6133293	6140947	2088.0	1
6140947	6154985	2088.2	1
6154985	6172982	2088.0	1
6172982	6189577	2088.0	1
6189577	6203391	2088.0	1
6203391	6212182	2087.4	1
6212182	6225775	2088.0	1
6225775	6244924	2088.2	1
6244924	6258059	2088.0	1
6258059	6275185	2087.8	1
6275185	6288317	2088.0	1
6288317	6317078	2088.2	1
6317078	6327723	2087.4	1
6327723	6341236	2087.8	1
6341236	6352997	2087.4	1
6352997	6366438	2087.8	1
6366438	6385098	2088.2	1
6385098	6397641	2087.8	1
6397641	6412506	2087.6	1
6412506	6427051	2088.2	1
6427051	6437136	2088.8	1
6437136	6459533	2089.2	1
6459533	6472366	2089.2	1
6472366	6480217	2088.0	1
6480217	6493800	2088.2	1
6493800	6512435	2088.4	1
6512435	6525974	2088.6	1
6525974	6538141	2088.8	1
6538141	6551521	2088.6	1
6551521	6562250	2088.8	1
6562250	6580003	2088.8	1
6580003	6599024	2089.0	1
6599024	6610545	2089.0	1
6610545	6619034	2088.8	1
6619034	6632306	2088.2	1
6632306	6647226	2087.6	1
6647226	6664808	2087.4	1
6664808	6676624	2088.0	1
6676624	6689302	2087.8	1
6689302	6703020	2087.8	1
6703020	6720774	2087.4	1
6720774	6735696	2087.8	1
6735696	6746760	2088.0	1
6746760	6765580	2088.0	1
6765580	6776969	2088.0	1
6776969	6791991	2088.2	1
6791991	6806198	2088.2	1
6806198	6819688	2087.8	1
6819688	6836569	2087.4	1
6836569	6847415	2087.6	1
6847415	6860212	2088.0	1
6860212	6875219	2088.0	1
6875219	6895046	2088.0	1
6895046	6903972	2087.8	1
6903972	6916232	2088.0	1
6916232	6935305	2087.4	1
6935305	6955051	2087.6	1
6955051	6961419	2087.6	1
6961419	6976788	2087.6	1
6976788	6989094	2087.8	1
6989094	6999273	2087.8	1
6999273	7019164	2088.2	1
7019164	7029066	2088.6	1
7029066	7042173	2088.4	1
7042173	7058375	2088.6	1
7058375	7070433	2105.9	1
7070433	7083285	2100.5	1
7083285	7097014	2098.1	1
7097014	7114426	2096.9	1
7114426	7127785	2095.7	1
7127785	7142508	2095.1	1
7142508	7153346	2094.5	1
7153346	7166648	2093.5	1
7166648	7184494	2093.1	1
7184494	7193452	2090.8	1
7193452	7206350	2090.4	1
7206350	7220030	2090.6	1
7220030	7234151	2089.6	1
7234151	7248860	2104.5	1
7248860	7262949	2099.1	1
7262949	7288218	2097.9	1
7288218	7292044	2096.3	1
7292044	7305214	2116.0	1
7305214	7318782	2110.7	1
7318782	7336010	2107.5	1
7336010	7348961	2105.3	1
7348961	7363414	2104.3	1
7363414	7374627	2099.9	1
7374627	7390167	2098.5	1
7390167	7407945	2097.1	1
7407945	483	2095.9	1
483	7429390	2110.3	1
7429390	7448307	2106.9	1
7448307	7458864	2104.9	1
7458864	7471529	2099.7	1
7471529	7495263	2098.3	1
7495263	7505194	2096.7	1
7505194	7514179	2113.4	1
7514179	7528984	2108.3	1
7528984	7540622	2105.3	1
7540622	7551452	2130.8	1
7551452	530	2124.1	1
530	7568955	2132.4	1
7568955	7585672	2126.3	1
7585672	x	-1.0	1
7608488	7613688	2096.9	1
7613688	7623885	2096.3	1
7623885	7637003	2096.3	1
7637003	7648400	2095.1	1
7648400	7661963	2094.7	1
7661963	7686227	2094.7	1
7686227	7695435	2094.3	1
7695435	7708902	2091.2	1
7708902	7722339	2090.8	1
7722339	7735167	2090.2	1
7735167	7753564	2089.6	1
7753564	7771725	2088.8	1
7771725	7783486	2088.6	1
7783486	7792929	2088.4	1
7792929	7812612	2089.2	1
7812612	7826674	2088.6	1
7826674	7840631	2088.2	1
7840631	7853524	2088.0	1
7853524	7864057	2088.6	1
7864057	7879403	2088.0	1
7879403	7894878	2087.8	1
7894878	7908552	2088.2	1
7908552	7921764	2088.2	1
7921764	7939239	2088.2	1
7939239	7952461	2087.4	1
7952461	7969605	2087.6	1
7969605	7977306	2088.4	1
7977306	7993071	2088.4	1
7993071	8007221	2088.2	1
8007221	8020598	2088.8	1
8020598	8042156	2088.8	1
8042156	8050518	2088.6	1
8050518	8064200	2088.2	1
8064200	8080464	2088.0	1
8080464	8094671	2087.8	1
8094671	8110407	2088.0	1
8110407	8127342	2088.2	1
8127342	8139192	2088.4	1
8139192	8154630	2088.8	1
8154630	8162098	2088.4	1
8162098	8186374	2088.4	1
8186374	8197521	2087.8	1
8197521	8206150	2088.2	1
8206150	8219538	2088.4	1
8219538	8238790	2088.4	1
8238790	8252705	2088.0	1
8252705	8264713	2088.0	1
8264713	8278111	2087.8	1
8278111	8294913	2088.0	1
8294913	8308239	2087.8	1
8308239	8325983	2087.8	1
8325983	8333782	2088.6	1
8333782	8347690	2089.2	1
8347690	8361108	2089.0	1
8361108	8371237	2088.6	1
8371237	8391319	2089.2	1
8391319	8405084	2089.2	1
8405084	8421652	2088.6	1
8421652	8431449	2089.2	1
8431449	8443463	2089.0	1
8443463	8460979	2089.0	1
8460979	8472679	2089.4	1
8472679	8492551	2089.2	1
8492551	8500323	2089.4	1
8500323	8513770	2088.4	1
8513770	8531983	2088.4	1
8531983	8548246	2088.4	1
8548246	8562074	2088.0	1
8562074	8575919	2088.0	1
8575919	8590546	2088.8	1
8590546	8607691	2088.6	1
8607691	8617442	2088.8	1
8617442	8635160	2087.6	1
8635160	8644938	2087.8	1
8644938	8657003	2087.8	1
8657003	8676866	2087.8	1
8676866	8688583	2088.2	1
8688583	8699195	2088.2	1
8699195	8712285	2088.4	1
8712285	8732265	2088.6	1
8732265	8752831	2088.4	1
8752831	8763168	2088.0	1
8763168	8772064	2088.0	1
8772064	8784379	2088.8	1
8784379	8802063	2088.8	1
8802063	8820728	2088.8	1
8820728	8831516	2088.8	1
8831516	8844460	2089.2	1
8844460	8861384	2088.8	1
8861384	8893658	2088.6	1
8893658	8897200	2088.6	1
8897200	8911683	2089.0	1
8911683	8923224	2089.2	1
8923224	8940821	2089.2	1
8940821	8954372	2089.8	1
8954372	8972455	2089.6	1
8972455	8981590	2088.8	1
8981590	8992389	2088.4	1
8992389	9010509	2088.6	1
9010509	9027176	2088.8	1
9027176	9036127	2088.6	1
9036127	9054628	2088.8	1
9054628	9061277	2089.0	1
9061277	9074634	2089.2	1
9074634	9090935	2089.6	1
9090935	9101533	2089.4	1
9101533	9114812	2089.4	1
9114812	9128048	2089.4	1
9128048	9141526	2088.8	1
9141526	9162214	2088.6	1
9162214	9180711	2088.0	1
9180711	9189392	2088.2	1
9189392	9201486	2088.4	1
9201486	9219725	2088.2	1
9219725	9237598	2088.4	1
9237598	9251421	2088.6	1
9251421	9260666	2088.8	1
9260666	9273315	2088.6	1
9273315	9290378	2088.2	1
9290378	9306425	2088.6	1
9306425	9319656	2088.0	1
9319656	9332581	2088.4	1
9332581	9345374	2088.0	1
9345374	9361169	2088.8	1
9361169	9383399	2089.0	1
9383399	9388725	2088.6	1
9388725	9408041	2088.2	1
9408041	9416042	2088.0	1
9416042	9429785	2088.4	1
9429785	9450370	2087.8	1
9450370	9461785	2088.4	1
9461785	9474340	2088.6	1
9474340	9488209	2087.8	1
9488209	9500984	2088.4	1
9500984	9518711	2088.2	1
9518711	9532520	2089.0	1
9532520	9549039	2088.6	1
9549039	9559955	2088.4	1
9559955	9573778	2088.4	1
9573778	9590363	2088.6	1
9590363	9603332	2088.2	1
9603332	9621828	2087.8	1
9621828	9635334	2087.8	1
9635334	9644327	2087.4	1
9644327	9662859	2087.6	1
9662859	9676244	2087.4	1
9676244	9688699	2087.6	1
9688699	9702728	2087.6	1
9702728	9714660	2088.2	1
9714660	9731498	2088.6	1
9731498	9744327	2087.8	1
9744327	9762134	2088.0	1
9762134	9769584	2088.4	1
9769584	9782851	2088.6	1
9782851	9805351	2088.6	1
9805351	9818019	2089.2	1
9818019	9827416	2088.2	1
9827416	9839122	2087.8	1
9839122	9852434	2088.2	1
9852434	9869760	2088.4	1
9869760	9883571	2088.4	1
9883571	9897200	2088.4	1
9897200	9910791	2088.4	1
9910791	9926821	2088.6	1
9926821	9945056	2088.4	1
9945056	9958831	2089.0	1
9958831	9966036	2087.4	1
9966036	9986028	2087.8	1
9986028	9999037	2088.2	1
9999037	10013543	2088.2	1
10013543	10029746	2088.6	1
10029746	10040558	2088.4	1
10040558	10054202	2088.6	1
10054202	10089006	2088.4	1
10089006	10095878	2087.8	1
10095878	10115522	2088.0	1
10115522	10123920	2088.0	1
10123920	10140399	2088.2	1
10140399	10148177	2088.0	1
10148177	10166783	2126.3	1
10166783	10175154	2118.0	1
10175154	10191608	2115.6	1
10191608	10203816	2109.9	1
10203816	10218419	2106.5	1
10218419	10229332	2104.9	1
10229332	10242293	2100.5	1
10242293	10255200	2099.3	1
10255200	10267265	2098.7	1
10267265	10287585	2098.1	1
10287585	10294343	2097.3	1
10294343	10306414	2097.5	1
10306414	10325857	2096.5	1
10325857	10337024	2095.9	1
10337024	10354591	2095.3	1
10354591	10371843	2093.1	1
10371843	10380754	2091.4	1
10380754	10398402	2091.0	1
10398402	10410593	2090.4	1
10410593	10432481	2090.4	1
10432481	10438522	2089.6	1
10438522	10451694	2090.2	1
10451694	10462924	2089.8	1
10462924	10476749	2089.4	1
10476749	10496783	2089.6	1
10496783	10512270	2089.4	1
10512270	10526480	2106.1	1
10526480	10540234	2100.7	1
10540234	10558253	2099.5	1
10558253	10574897	2097.9	1
10574897	10592248	2096.5	1
10592248	10600449	2095.5	1
10600449	10613594	2095.7	1
10613594	10626222	2095.5	1
10626222	10640450	2094.5	1
10640450	10656008	2094.1	1
10656008	10666448	2093.3	1
10666448	10679807	2091.2	1
10679807	10693348	2091.0	1
10693348	10707043	2091.2	1
10707043	10726154	2090.8	1
10726154	10737144	2090.0	1
10737144	10750787	2090.4	1
10750787	10762218	2090.6	1
10762218	10775406	2089.6	1
10775406	10796748	2089.4	1
10796748	10811020	2089.2	1
10811020	10826233	2089.4	1
10826233	10837022	2089.2	1
10837022	10850652	2088.6	1
10850652	10871175	2088.8	1
10871175	10882824	2088.6	1
10882824	10898130	2088.8	1
10898130	10911736	2089.0	1
10911736	10919144	2088.0	1
10919144	10937977	2088.2	1
10937977	10949766	2088.2	1
10949766	10962945	2088.0	1
10962945	10975893	2088.2	1
10975893	10992443	2089.2	1
10992443	11008234	2088.8	1
11008234	11021790	2088.2	1
11021790	11039392	2087.8	1
11039392	11051974	2087.8	1
11051974	11066781	2088.0	1
11066781	11085435	2088.2	1
11085435	11091195	2088.0	1
11091195	11110536	2088.0	1
11110536	11119804	2088.0	1
11119804	11134529	2088.4	1
11134529	11151892	2088.0	1
11151892	11167281	2088.4	1
11167281	11177754	2088.4	1
11177754	11189799	2088.4	1
11189799	11205295	2088.2	1
11205295	11223019	2088.2	1
11223019	11234415	2088.2	1
11234415	11247535	2088.4	1
11247535	11265794	2088.2	1
11265794	11275713	2088.0	1
11275713	11296055	2088.2	1
11296055	11307841	2087.6	1
11307841	11322678	2087.6	1
11322678	11332825	2088.2	1
11332825	11350585	2087.8	1
11350585	11365669	2088.2	1
11365669	11380583	2088.0	1
11380583	11391050	2088.6	1
11391050	11405183	2088.4	1
11405183	11422042	2088.6	1
11422042	11436534	2087.8	1
11436534	11452606	2087.6	1
11452606	11459800	2088.2	1
11459800	11474263	2088.4	1
11474263	11487278	2088.6	1
11487278	11507349	2088.6	1
11507349	11519471	2088.2	1
11519471	11533078	2088.2	1
11533078	11546856	2088.4	1
11546856	11563213	2088.4	1
11563213	11580426	2087.2	1
11580426	11593535	2088.2	1
11593535	11603611	2088.4	1
11603611	11616769	2087.8	1
11616769	11630474	2088.2	1
11630474	11651302	2088.6	1
11651302	11659632	2088.0	1
11659632	11677892	2088.2	1
11677892	11691482	2088.0	1
11691482	11705123	2088.8	1
11705123	11720464	2088.0	1
11720464	11731636	2087.6	1
11731636	11745566	2087.6	1
11745566	11759537	2087.8	1
11759537	11773182	2088.2	1
11773182	11804181	2088.6	1
11804181	11819723	2109.9	1
11819723	11831513	2107.5	1
11831513	11845677	2104.1	1
11845677	11862455	2098.9	1
11862455	11875310	2097.1	1
11875310	11888491	2096.7	1
11888491	11901721	2096.3	1
11901721	11919006	2095.3	1
11919006	11932796	2093.7	1
11932796	11943100	2091.4	1
11943100	11956300	2090.6	1
11956300	11971109	2090.2	1
11971109	11988353	2090.0	1
11988353	12002081	2090.0	1
12002081	12014123	2090.2	1
12014123	12028618	2089.4	1
12028618	12042263	2090.0	1
12042263	12054750	2090.2	1
12054750	12070893	2090.0	1
12070893	12088943	2090.0	1
12088943	12096617	2088.8	1
12096617	12115235	2089.6	1
12115235	12125198	2089.0	1
12125198	12145024	2088.4	1
12145024	12158657	2088.4	1
12158657	12168626	2087.6	1
12168626	12182656	2088.2	1
12182656	12197296	2087.8	1
12197296	12211638	2088.0	1
12211638	12228344	2088.2	1
12228344	12238893	2087.8	1
12238893	12252465	2088.4	1
12252465	12272487	2087.8	1
12272487	12286546	2088.4	1
12286546	12300493	2088.8	1
12300493	12313106	2088.8	1
12313106	12327936	2088.2	1
12327936	12354713	2088.2	1
12354713	12367104	2088.0	1
12367104	12380265	2088.4	1
12380265	12394999	2088.2	1
12394999	12588919	2088.2	1
12588919	12599066	2095.5	1
12599066	12612515	2094.7	1
12612515	12628267	2094.3	1
12628267	12639693	2092.7	1
12639693	12656337	2091.2	1
12656337	12666608	2091.2	1
12666608	12684622	2090.6	1
12684622	12695793	2090.2	1
12695793	12712113	2090.2	1
12712113	12728350	2090.0	1
12728350	12739559	2090.0	1
12739559	12752133	2089.8	1
12752133	12766778	2089.6	1
12766778	12777529	2090.0	1
12777529	12796043	2089.0	1
12796043	12813881	2088.6	1
12813881	12827921	2088.0	1
12827921	12839317	2087.8	1
12839317	12850169	2088.6	1
12850169	12872660	2088.2	1
12872660	12883899	2088.4	1
12883899	12892745	2088.6	1
12892745	12911054	2088.6	1
12911054	12924647	2088.8	1
12924647	12938352	2089.0	1
12938352	12951760	2088.8	1
12951760	12967626	2089.0	1
12967626	12979062	2089.2	1
12979062	12991481	2088.4	1
12991481	13013071	2089.2	1
13013071	13019351	2088.2	1
13019351	13037777	2088.8	1
13037777	13051585	2088.8	1
13051585	13059584	2088.6	1
13059584	13077781	2089.2	1
13077781	13089925	2089.4	1
13089925	13107528	2089.2	1
13107528	13120392	2089.0	1
13120392	13130361	2089.0	1
13130361	13147807	2089.0	1
13147807	13160729	2089.2	1
13160729	13173911	2088.8	1
13173911	13189440	2088.8	1
13189440	13201860	2088.6	1
13201860	13218482	2088.6	1
13218482	13240051	2088.4	1
13240051	13251489	2104.3	1
13251489	13266128	2100.5	1
13266128	13279676	2098.9	1
13279676	13293638	2097.1	1
13293638	13313654	2095.9	1
13313654	13325157	2094.9	1
13325157	13337390	2094.1	1
13337390	13351104	2093.7	1
13351104	13364475	2091.0	1
13364475	13384414	2090.4	1
13384414	13391815	2090.2	1
13391815	13404868	2090.6	1
13404868	13423875	2089.8	1
13423875	13433623	2090.0	1
13433623	13450313	2089.8	1
13450313	13462882	2089.8	1
13462882	13479629	2089.6	1
13479629	13490891	2089.4	1
13490891	13503645	2089.0	1
13503645	13528964	2088.8	1
13528964	13533633	2088.4	1
13533633	13551389	2088.2	1
13551389	13560962	2088.4	1
13560962	13574570	2088.6	1
13574570	13598708	2088.4	1
13598708	13605578	2089.2	1
13605578	13621704	2088.8	1
13621704	13636878	2089.2	1
13636878	13646457	2088.6	1
13646457	13663731	2088.4	1
13663731	13677001	2088.0	1
13677001	13695059	2088.0	1
13695059	13703822	2087.4	1
13703822	13717148	2087.8	1
13717148	13739816	2087.6	1
13739816	13747897	2087.8	1
13747897	13761922	2089.0	1
13761922	13773203	2088.4	1
13773203	13786466	2088.0	1
13786466	13806438	2087.8	1
13806438	13818831	2088.6	1
13818831	13831709	2088.2	1
13831709	13846721	2087.8	1
13846721	13858240	2088.0	1
13858240	13881496	2088.2	1
13881496	13888931	2088.8	1
13888931	13902647	2087.8	1
13902647	13916065	2088.4	1
13916065	13928442	2089.2	1
13928442	13948534	2089.2	1
13948534	13962422	2089.2	1
13962422	13977653	2088.6	1
13977653	13988513	2088.8	1
13988513	13999773	2088.6	1
13999773	14017234	2087.8	1
14017234	14027351	2087.8	1
14027351	14040208	2087.4	1
14040208	14054336	2087.8	1
14054336	14069874	2088.0	1
14069874	14080467	2106.9	1
14080467	14095425	2100.5	1
14095425	14113383	2098.7	1
14113383	14125348	2097.5	1
14125348	14139305	2096.1	1
14139305	14151511	2095.1	1
14151511	14166237	2095.3	1
14166237	14181211	2094.3	1
14181211	14197726	2093.9	1
14197726	14211544	2093.3	1
14211544	14224696	2091.2	1
14224696	14232599	2090.8	1
14232599	14248418	2106.9	1
14248418	14258927	2104.3	1
14258927	14277853	2099.3	1
14277853	14290878	2097.7	1
14290878	14305102	2096.5	1
14305102	14322795	2095.7	1
14322795	14331771	2094.3	1
14331771	14341123	2094.1	1
14341123	14351049	2123.1	1
14351049	14365562	2118.8	1
14365562	14376083	2123.5	1
14376083	14394618	2116.4	1
14394618	14404530	2113.4	1
14404530	14424406	2108.5	1
14424406	14431788	2121.7	1
14431788	1150	2117.0	1
1150	14457622	2121.5	1
14457622	14470492	2116.8	1
14470492	14486406	2113.0	1
14486406	14509164	2108.1	1
14509164	14519631	2105.9	1
14519631	14526162	2104.7	1
14526162	14539308	2100.3	1
14539308	14553107	2099.3	1
14553107	14564026	2118.0	1
14564026	14581979	2113.6	1
14581979	14592951	2107.7	1
14592951	14603621	2107.5	1
14603621	14619100	2105.5	1
14619100	14633058	2109.1	1
14633058	14652522	2106.3	1
14652522	14667354	2103.5	1
14667354	14678841	2098.7	1
14678841	14689318	2097.7	1
14689318	14703022	2098.9	1
14703022	14720994	2097.5	1
14720994	14737747	2090.2	1
14737747	14746874	2090.0	1
14746874	14756869	2090.0	1
14756869	14774513	2090.8	1
14774513	14790870	2094.7	1
14790870	14803457	2095.5	1
14803457	14818281	2094.9	1
14818281	14828809	2094.7	1
14828809	14840723	2087.0	1
14840723	14861344	2086.8	1
14861344	14871562	2087.2	1
14871562	14884875	2088.2	1
14884875	14897104	2089.4	1
14897104	14910824	2096.9	1
14910824	14929272	2097.3	1
14929272	14945776	2096.3	1
14945776	14958701	2095.3	1
14958701	14967123	2095.9	1
14967123	14980435	2096.5	1
14980435	15000951	2096.3	1
15000951	15013702	2096.9	1
15013702	15025870	2096.9	1
15025870	15040436	2096.9	1
15040436	15055119	2116.4	1
15055119	15069422	2114.4	1
15069422	15089351	2113.2	1
15089351	15104761	2110.1	1
15104761	15114279	2109.1	1
15114279	15126669	2108.7	1
15126669	15144446	2107.9	1
15144446	15160037	2107.5	1
15160037	15171374	2105.9	1
15171374	15184339	2100.9	1
15184339	15196959	2103.7	1
15196959	15209419	2098.7	1
15209419	15232081	2097.9	1
15232081	15238952	2096.7	1
15238952	15253712	2095.5	1
15253712	15266770	2095.9	1
15266770	15280688	2094.9	1
15280688	15301632	2094.3	1
15301632	15312688	2093.5	1
15312688	15327176	2091.0	1
15327176	15340422	2091.2	1
15340422	15351112	2090.2	1
15351112	15367656	2090.0	1
15367656	15380923	2089.8	1
15380923	15394152	2090.0	1
15394152	15399636	2090.0	1
15399636	15413113	2114.0	1
15413113	15417843	2109.1	1
15417843	15424913	2125.5	1
15424913	15438517	2119.0	1
15438517	15455305	2114.6	1
15455305	15468501	2108.9	1
15468501	15484021	2106.5	1
15484021	15498182	2104.9	1
15498182	15507790	2103.9	1
15507790	15526284	2100.1	1
15526284	15536916	2099.5	1
15536916	15547983	2098.9	1
15547983	15561051	2098.9	1
15561051	15574413	2099.1	1
15574413	15601064	2098.7	1
15601064	15608334	2097.1	1
15608334	15620527	2095.3	1
15620527	15634471	2093.9	1
15634471	15649808	2091.0	1
15649808	15666928	2091.0	1
15666928	15682279	2090.6	1
15682279	15694438	2090.0	1
15694438	15703115	2089.4	1
15703115	15716854	2089.4	1
15716854	15736159	2089.6	1
15736159	15750307	2089.2	1
15750307	15760759	2088.6	1
15760759	15774874	2088.4	1
15774874	15787961	2088.6	1
15787961	15807006	2088.0	1
15807006	15819444	2087.2	1
15819444	15836859	2087.4	1
15836859	15846643	2087.6	1
15846643	15860240	2087.6	1
15860240	15879437	2088.0	1
15879437	15894311	2087.8	1
15894311	15907034	2088.0	1
15907034	15914581	2087.6	1
15914581	15935109	2087.8	1
15935109	15948686	2088.4	1
15948686	15962893	2087.8	1
15962893	15974499	2087.8	1
15974499	15986071	2087.4	1
15986071	16000930	2088.2	1
16000930	16016541	2088.6	1
16016541	16036190	2088.2	1
16036190	16046897	2087.2	1
16046897	16060369	2087.4	1
16060369	16076235	2087.6	1
16076235	16096037	2088.0	1
16096037	16101617	2088.0	1
16101617	16118440	2087.6	1
16118440	16127364	2087.8	1
16127364	16140709	2087.8	1
16140709	16159419	2088.6	1
16159419	16172784	2088.2	1
16172784	16185860	2088.0	1
16185860	16199857	2088.0	1
16199857	16213394	2087.6	1
16213394	16230798	2088.4	1
16230798	16240478	2088.2	1
16240478	16253990	2087.6	1
16253990	16267578	2086.8	1
16267578	16281124	2087.2	1
16281124	16300910	2087.8	1
16300910	16312279	2088.6	1
16312279	16325171	2088.4	1
16325171	16339483	2088.6	1
16339483	16356261	2088.2	1
16356261	16375419	2088.0	1
16375419	16382773	2088.0	1
16382773	16395884	2088.2	1
16395884	16409941	2088.2	1
16409941	16422846	2087.6	1
16422846	16442962	2088.0	1
16442962	16454607	2088.2	1
16454607	16480761	2088.0	1
16480761	16498147	2129.8	1
16498147	16507270	2121.9	1
16507270	16522002	2116.6	1
16522002	16540716	2113.0	1
16540716	16553986	2107.9	1
16553986	16565501	2105.7	1
16565501	16580347	2103.7	1
16580347	16592791	2100.1	1
16592791	16607007	2099.1	1
16607007	16623229	2097.9	1
16623229	16633550	2096.9	1
16633550	16647416	2096.1	1
16647416	16661697	2095.7	1
16661697	16676052	2095.5	1
16676052	16691333	2095.3	1
16691333	16704087	2095.1	1
16704087	16720746	2095.1	1
16720746	16731160	2094.9	1
16731160	16747732	2095.9	1
16747732	16761428	2095.1	1
16761428	16774999	2094.9	1
16774999	16788614	2093.3	1
16788614	16805951	2092.9	1
16805951	16815047	2090.8	1
16815047	16832266	2091.0	1
16832266	16849698	2090.2	1
16849698	16858610	2090.4	1
16858610	16871891	2090.2	1
16871891	16885046	2089.4	1
16885046	16908595	2089.6	1
16908595	16916225	2089.4	1
16916225	16931547	2089.2	1
16931547	16947610	2089.4	1
16947610	16958962	2088.8	1
16958962	16974208	2089.0	1
16974208	16986049	2088.8	1
16986049	17004808	2089.0	1
17004808	17013210	2089.6	1
17013210	17026417	2089.4	1
17026417	17045474	2089.0	1
17045474	17056519	2088.4	1
17056519	17070699	2088.8	1
17070699	17088239	2088.8	1
17088239	17099066	2089.0	1
17099066	17120825	2088.6	1
17120825	17128798	2088.6	1
17128798	17142572	2088.8	1
17142572	17156001	2088.4	1
17156001	17169595	2088.8	1
17169595	17189835	2088.8	1
17189835	17197807	2088.6	1
17197807	17216245	2088.8	1
17216245	17230523	2089.0	1
17230523	17243015	2088.8	1
17243015	17257620	2089.2	1
17257620	17269252	2089.4	1
17269252	17284562	2089.4	1
17284562	17298455	2089.0	1
17298455	17314077	2089.2	1
17314077	17332381	2089.2	1
17332381	17339370	2089.2	1
17339370	17352405	2088.8	1
17352405	17366064	2089.0	1
17366064	17378622	2088.8	1
17378622	17400808	2088.8	1
17400808	17408932	2112.8	1
17408932	17423015	2107.1	1
17423015	17437944	2105.3	1
17437944	17451824	2100.5	1
17451824	17467841	2098.3	1
17467841	17481220	2096.9	1
17481220	17494464	2095.7	1
17494464	17513803	2095.3	1
17513803	17521144	2093.7	1
17521144	17541567	2093.3	1
17541567	17549811	2091.2	1
17549811	17567080	2091.0	1
17567080	17578893	2090.8	1
17578893	17591916	2090.4	1
17591916	17606549	2090.2	1
17606549	17619655	2090.6	1
17619655	17633025	2090.4	1
17633025	17644923	2089.8	1
17644923	17658968	2090.4	1
17658968	17676489	2090.2	1
17676489	17687511	2090.0	1
17687511	17701074	2089.6	1
17701074	17712776	2090.4	1
17712776	17727076	2090.4	1
17727076	17748210	2089.8	1
17748210	17759958	2089.4	1
17759958	17773259	2089.4	1
17773259	17788032	2089.4	1
17788032	17802883	2089.4	1
17802883	17818451	2089.4	1
17818451	17829578	2089.4	1
17829578	17842659	2089.0	1
17842659	17856140	2088.8	1
17856140	17875398	2089.2	1
17875398	17896142	2089.8	1
17896142	17902307	2089.4	1
17902307	17916203	2088.6	1
17916203	17931000	2089.4	1
17931000	17958059	2088.6	1
17958059	17971721	2088.4	1
17971721	17984553	2089.0	1
17984553	17997305	2088.6	1
17997305	18011199	2088.8	1
18011199	18028471	2088.6	1
18028471	18041644	2089.0	1
18041644	18053355	2089.2	1
18053355	18856436	2089.0	1
18856436	18877750	2088.6	1
18877750	18884376	2088.6	1
18884376	18897902	2088.6	1
18897902	18911383	2088.8	1
18911383	18924834	2089.0	1
18924834	18943416	2088.8	1
18943416	18958493	2088.4	1
18958493	18972165	2088.6	1
18972165	18981718	2088.8	1
18981718	18995105	2089.2	1
18995105	19013255	2089.4	1
19013255	19028203	2088.8	1
19028203	19038978	2089.0	1
19038978	19052224	2089.4	1
19052224	19071068	2089.0	1
19071068	19086749	2088.6	1
19086749	19100528	2088.8	1
19100528	19108446	2088.4	1
19108446	19127148	2089.0	1
19127148	19135682	2089.0	1
19135682	19156330	2088.8	1
19156330	19167428	2088.4	1
19167428	19180308	2089.0	1
19180308	19193622	2089.0	1
19193622	19209385	2089.2	1
19209385	19230618	2088.6	1
19230618	19241675	2088.4	1
19241675	19254529	2088.4	1
19254529	19265360	2088.6	1
19265360	19278883	2088.8	1
19278883	19294863	2088.2	1
19294863	19309316	2088.2	1
19309316	19318412	2088.2	1
19318412	19332751	2088.0	1
19332751	19346922	2088.2	1
19346922	19367518	2088.6	1
19367518	19384285	2089.0	1
19384285	19393164	2088.8	1
19393164	19407198	2088.8	1
19407198	19419870	2088.6	1
19419870	19441691	2088.6	1
19441691	19448500	2088.2	1
19448500	19462177	2088.4	1
19462177	19480509	2088.6	1
19480509	19489407	2088.4	1
19489407	19509759	2088.4	1
19509759	19521748	2088.6	1
19521748	19535435	2088.8	1
19535435	19548587	2089.0	1
19548587	19563022	2089.0	1
19563022	19579502	2088.2	1
19579502	19591425	2089.2	1
19591425	19608138	2089.0	1
19608138	19618377	2088.6	1
19618377	19634356	2088.6	1
19634356	19651404	2088.8	1
19651404	19661045	2088.0	1
19661045	19678202	2088.2	1
19678202	19688425	2088.2	1
19688425	19702187	2088.2	1
19702187	19726171	2088.2	1
19726171	19731718	2088.4	1
19731718	19746078	2088.4	1
19746078	19761091	2088.2	1
19761091	19772649	2088.4	1
19772649	19795013	2088.8	1
19795013	19801798	2088.2	1
19801798	19815513	2088.4	1
19815513	19829287	2088.4	1
19829287	19842793	2088.6	1
19842793	19864682	2088.6	1
19864682	19873328	2088.4	1
19873328	19886599	2088.4	1
19886599	19906124	2088.8	1
19906124	19916024	2088.4	1
19916024	19937997	2088.6	1
19937997	19947949	2089.2	1
19947949	19957371	2088.6	1
19957371	19972007	2088.6	1
19972007	19985567	2088.6	1
19985567	20002522	2089.0	1
20002522	20013341	2088.8	1
20013341	20028575	2088.8	1
20028575	20043274	2088.8	1
20043274	20058843	2088.4	1
20058843	20073823	2088.6	1
20073823	20090178	2088.2	1
20090178	20099578	2088.6	1
20099578	20111957	2088.6	1
20111957	20125671	2089.0	1
20125671	20148252	2089.4	1
20148252	20155128	2089.2	1
20155128	20168539	2089.0	1
20168539	20188000	2089.0	1
20188000	20195765	2088.6	1
20195765	20214800	2088.4	1
20214800	20227828	2088.8	1
20227828	20241485	2089.0	1
20241485	20254870	2089.0	1
20254870	20266002	2088.8	1
20266002	20289710	2088.8	1
20289710	20301015	2088.6	1
20301015	20311365	2088.4	1
20311365	20330298	2088.4	1
20330298	20343257	2088.8	1
20343257	20355658	2089.0	1
20355658	20368132	2089.2	1
20368132	20380815	2089.2	1
20380815	20394799	2088.6	1
20394799	20408578	2088.8	1
20408578	20425623	2088.6	1
20425623	20438231	2088.8	1
20438231	20451834	2088.6	1
20451834	20467313	2088.8	1
20467313	20479328	2088.2	1
20479328	20500270	2088.6	1
20500270	99999999	2089.2	1
