#Processing Run 48479 for polarization tables
#The run table thinks this was a DPERPL2 run
#Corresponding AMO file is :/home/clasg8/rootbeer2.1/dat/pol/amo_tesc_48461.dat
#Coherent Edge positions for TESC events follow:
#Event	Coh Edge	PolPlane(PARA=0,PERP=1,AMO=2,CHANGING=3)
0	14836	1521.6	1
14836	25958	1522.4	1
25958	39911	1526.2	1
39911	54641	1525.4	1
54641	69560	1521.8	1
69560	97019	1520.8	1
97019	105480	1520.8	1
105480	120196	1520.6	1
120196	137110	1521.6	1
137110	151085	1522.4	1
151085	161311	1522.2	1
161311	179474	1526.0	1
179474	194140	1525.8	1
194140	208699	1525.2	1
208699	222981	1522.0	1
222981	244314	1521.0	1
244314	250716	1520.8	1
250716	264025	1519.4	1
264025	279759	1521.2	1
279759	293597	1522.2	1
293597	313325	1522.2	1
313325	321607	1522.0	1
321607	339652	1521.0	1
339652	353958	1520.6	1
353958	365422	1521.6	1
365422	385242	1522.0	1
385242	399059	1521.0	1
399059	415280	1520.4	1
415280	429784	1521.8	1
429784	436846	1525.2	1
436846	465202	1522.6	1
465202	472439	1505.3	1
472439	486763	1504.3	1
486763	506352	1504.1	1
506352	515581	1503.1	1
515581	543316	1502.9	1
543316	551876	1502.3	1
551876	560582	1502.7	1
560582	580484	1501.9	1
580484	595538	1502.3	1
595538	611646	1501.1	1
611646	623172	1501.3	1
623172	630329	1502.1	1
630329	651047	1499.3	1
651047	661080	1496.3	1
661080	683271	1495.5	1
683271	696914	1496.9	1
696914	715093	1495.9	1
715093	729210	1497.3	1
729210	740190	1501.1	1
740190	760363	1502.9	1
760363	771028	1504.3	1
771028	786128	1504.5	1
786128	803505	1506.1	1
803505	814726	1504.9	1
814726	832891	1505.3	1
832891	851744	1508.9	1
851744	863742	1506.9	1
863742	878153	1508.7	1
878153	892875	1508.9	1
892875	910890	1507.7	1
910890	925809	1506.3	1
925809	940081	1506.9	1
940081	954687	1506.5	1
954687	966212	1506.9	1
966212	988899	1505.7	1
988899	1001015	1506.7	1
1001015	1012490	1507.9	1
1012490	1025912	1505.1	1
1025912	1038454	1504.1	1
1038454	1062689	1503.7	1
1062689	1075245	1504.5	1
1075245	1089615	1505.3	1
1089615	1099217	1505.7	1
1099217	1113594	1504.7	1
1113594	1135182	1504.3	1
1135182	1154025	1505.1	1
1154025	1160863	1505.1	1
1160863	1175177	1500.3	1
1175177	1189687	1507.7	1
1189687	1215011	1507.9	1
1215011	1222291	1503.5	1
1222291	1238968	1503.3	1
1238968	1259269	1504.5	1
1259269	1278294	1547.8	1
1278294	1290760	1537.2	1
1290760	1305364	1532.8	1
1305364	1320291	1522.0	1
1320291	1335454	1520.8	1
1335454	1346034	1519.2	1
1346034	1366944	1517.4	1
1366944	1374328	1512.3	1
1374328	1388533	1511.9	1
1388533	1417175	1511.7	1
1417175	1427422	1508.5	1
1427422	1437988	1508.3	1
1437988	1451841	1508.1	1
1451841	1468084	1508.7	1
1468084	1485867	1509.7	1
1485867	1501999	1509.1	1
1501999	1516500	1509.5	1
1516500	1530780	1508.1	1
1530780	1540318	1506.5	1
1540318	1561578	1506.9	1
1561578	1572984	1506.9	1
1572984	1590711	1507.5	1
1590711	1599187	1506.5	1
1599187	1613647	1504.7	1
1613647	1639067	1507.1	1
1639067	1648588	1506.7	1
1648588	1662973	1506.7	1
1662973	1676093	1505.9	1
1676093	1693950	1505.3	1
1693950	1709996	1504.9	1
1709996	1721687	1505.5	1
1721687	1742097	1504.9	1
1742097	1756606	1503.9	1
1756606	1771019	1503.3	1
1771019	1785476	1505.1	1
1785476	1797072	1504.9	1
1797072	1810649	1503.7	1
1810649	1824329	1504.5	1
1824329	1839576	1503.5	1
1839576	1864795	1505.7	1
1864795	1877270	1504.5	1
1877270	1890516	1504.3	1
1890516	1904175	1504.7	1
1904175	1915073	1505.7	1
1915073	1933937	1506.3	1
1933937	1951063	1507.3	1
1951063	1965486	1507.3	1
1965486	1973811	1506.3	1
1973811	1987756	1504.7	1
1987756	2008698	1505.5	1
2008698	2022311	1505.1	1
2022311	2036395	1503.9	1
2036395	2050103	1503.7	1
2050103	2064372	1505.1	1
2064372	2087664	1506.1	1
2087664	2102296	1505.9	1
2102296	2116845	1505.5	1
2116845	2128768	1504.3	1
2128768	2142847	1504.1	1
2142847	2164970	1503.5	1
2164970	2171039	1504.1	1
2171039	2191432	1503.7	1
2191432	2199378	1505.3	1
2199378	2219066	1506.5	1
2219066	2233442	1506.5	1
2233442	2246375	1506.5	1
2246375	2264140	1506.5	1
2264140	2278323	1504.3	1
2278323	2290338	1503.1	1
2290338	2312067	1504.3	1
2312067	2323116	1504.3	1
2323116	2341369	1505.7	1
2341369	2355876	1505.7	1
2355876	2370355	1506.5	1
2370355	2389121	1507.1	1
2389121	2401161	1506.3	1
2401161	2412702	1506.1	1
2412702	2428758	1505.3	1
2428758	2441502	1505.9	1
2441502	2460869	1505.1	1
2460869	2476691	1505.3	1
2476691	2486643	1506.1	1
2486643	2508014	1507.1	1
2508014	2521492	1507.7	1
2521492	2539026	1507.7	1
2539026	2550718	1506.7	1
2550718	2566676	1506.7	1
2566676	2575415	1506.1	1
2575415	2591819	1506.3	1
2591819	2610266	1506.3	1
2610266	2630445	1506.7	1
2630445	2639111	1506.5	1
2639111	2656617	1506.9	1
2656617	2667085	1507.9	1
2667085	2687051	1506.1	1
2687051	2704608	1505.1	1
2704608	2715021	1505.7	1
2715021	2733261	1505.1	1
2733261	2745840	1504.5	1
2745840	2761640	1505.3	1
2761640	2776920	1504.5	1
2776920	2788568	1504.9	1
2788568	2803197	1505.1	1
2803197	2818872	1504.9	1
2818872	2840808	1505.3	1
2840808	2847658	1506.3	1
2847658	2865765	1505.7	1
2865765	2879288	1503.9	1
2879288	2890866	1503.7	1
2890866	2910128	1504.1	1
2910128	2921426	1504.5	1
2921426	2938659	1505.5	1
2938659	2953335	1505.9	1
2953335	2969553	1505.3	1
2969553	2983470	1505.3	1
2983470	2999294	1506.9	1
2999294	3010467	1507.9	1
3010467	3029750	1507.3	1
3029750	3041173	1504.1	1
3041173	3059940	1504.7	1
3059940	3077109	1506.5	1
3077109	3084377	1506.5	1
3084377	3098115	1506.1	1
3098115	3112733	1507.5	1
3112733	3137578	1505.5	1
3137578	3149245	1506.9	1
3149245	3163545	1506.1	1
3163545	3178425	1504.7	1
3178425	3192521	1503.9	1
3192521	3214458	1503.1	1
3214458	3222857	1506.7	1
3222857	3238096	1506.9	1
3238096	3249321	1506.5	1
3249321	3263767	1506.5	1
3263767	3289342	1504.1	1
3289342	3299734	1505.1	1
3299734	3308230	1506.3	1
3308230	3327556	1505.5	1
3327556	3337775	1504.9	1
3337775	3358172	1505.7	1
3358172	3372480	1506.9	1
3372480	3384428	1504.3	1
3384428	3400561	1505.1	1
3400561	3412325	1505.3	1
3412325	3437066	1505.5	1
3437066	3449918	1506.7	1
3449918	3464326	1506.5	1
3464326	3479879	1505.9	1
3479879	3489215	1505.7	1
3489215	3508406	1507.7	1
3508406	3519963	1506.1	1
3519963	3534607	1505.9	1
3534607	3549153	1505.3	1
3549153	3564456	1504.3	1
3564456	3581446	1504.7	1
3581446	3595861	1505.5	1
3595861	3610176	1504.9	1
3610176	3624688	1504.3	1
3624688	3642705	1505.3	1
3642705	3655571	1506.5	1
3655571	3668088	1505.5	1
3668088	3685044	1506.3	1
3685044	3698824	1505.9	1
3698824	3714379	1504.7	1
3714379	3737939	1505.1	1
3737939	3745978	1505.3	1
3745978	3759465	1505.1	1
3759465	3773624	1504.7	1
3773624	3791150	1507.9	1
3791150	3806838	1506.5	1
3806838	3819349	1507.3	1
3819349	3839688	1506.7	1
3839688	3853915	1505.7	1
3853915	3868451	1506.1	1
3868451	3884440	1506.3	1
3884440	3894696	1506.5	1
3894696	3913537	1505.7	1
3913537	3925406	1505.3	1
3925406	3939927	1506.3	1
3939927	3957138	1506.1	1
3957138	3975018	1506.9	1
3975018	3985431	1507.5	1
3985431	4006296	1505.7	1
4006296	4014080	1504.5	1
4014080	4033010	1504.1	1
4033010	4044461	1503.3	1
4044461	4064153	1504.3	1
4064153	4079052	1505.9	1
4079052	4093465	1506.7	1
4093465	4110046	1506.5	1
4110046	4120312	1507.5	1
4120312	4136947	1505.7	1
4136947	4148137	1504.7	1
4148137	4162749	1505.1	1
4162749	4186294	1505.7	1
4186294	4194584	1505.3	1
4194584	4209432	1504.7	1
4209432	4224052	1504.3	1
4224052	4237932	1505.7	1
4237932	4257280	1505.7	1
4257280	4268123	1505.5	1
4268123	4283797	1503.7	1
4283797	4303194	1503.5	1
4303194	4317336	1504.5	1
4317336	4332101	1505.3	1
4332101	4346136	1505.9	1
4346136	4359370	1506.3	1
4359370	4373733	1505.9	1
4373733	4388059	1505.9	1
4388059	4408020	1506.3	1
4408020	4418507	1507.5	1
4418507	4438671	1508.5	1
4438671	4452610	1506.7	1
4452610	4469250	1506.3	1
4469250	4483190	1507.9	1
4483190	4498100	1506.7	1
4498100	4513089	1507.5	1
4513089	4524857	1506.9	1
4524857	4541526	1506.1	1
4541526	4559165	1506.3	1
4559165	4573841	1505.5	1
4573841	4591935	1505.7	1
4591935	4605418	1506.1	1
4605418	4615947	1502.7	1
4615947	4632853	1503.5	1
4632853	4650477	1532.2	1
4650477	4662436	1528.8	1
4662436	4681132	1521.0	1
4681132	4696165	1521.8	1
4696165	4710326	1520.8	1
4710326	4727806	1519.8	1
4727806	4734491	1508.5	1
4734491	4752832	1507.9	1
4752832	4766442	1508.1	1
4766442	4781899	1508.1	1
4781899	4796545	1508.1	1
4796545	4815566	1507.1	1
4815566	4828431	1506.5	1
4828431	4839902	1506.9	1
4839902	4854864	1510.1	1
4854864	4874479	1510.5	1
4874479	4884089	1505.5	1
4884089	4905173	1503.9	1
4905173	4919391	1503.5	1
4919391	4926993	1503.7	1
4926993	4948579	1506.3	1
4948579	4961448	1507.5	1
4961448	4970250	1505.7	1
4970250	4985526	1506.1	1
4985526	5006265	1506.5	1
5006265	5025593	1505.9	1
5025593	5036414	1505.7	1
5036414	5057093	1508.1	1
5057093	5065221	1508.5	1
5065221	5083104	1509.9	1
5083104	5101530	1505.1	1
5101530	5112506	1505.5	1
5112506	5130112	1505.5	1
5130112	5144409	1507.1	1
5144409	5159715	1508.3	1
5159715	5181046	1508.5	1
5181046	5187050	1507.7	1
5187050	5202456	1508.3	1
5202456	5215537	1506.7	1
5215537	5231692	1505.7	1
5231692	5250600	1503.7	1
5250600	5267051	1506.9	1
5267051	5275206	1503.7	1
5275206	5289754	1503.9	1
5289754	5303998	1506.5	1
5303998	5327986	1507.9	1
5327986	5342734	1504.5	1
5342734	5351052	1507.1	1
5351052	5364611	1505.9	1
5364611	5385440	1508.3	1
5385440	5400872	1508.1	1
5400872	5412410	1507.9	1
5412410	5432474	1507.3	1
5432474	5444618	1505.5	1
5444618	5455557	1506.9	1
5455557	5477097	1506.9	1
5477097	5487358	1506.7	1
5487358	5501268	1507.5	1
5501268	5513235	1506.5	1
5513235	5527383	1506.3	1
5527383	5548341	1533.2	1
5548341	5558485	1527.2	1
5558485	5577202	1518.8	1
5577202	5596782	1512.9	1
5596782	5609830	1508.9	1
5609830	5622049	1508.3	1
5622049	5632693	1506.9	1
5632693	5653167	1505.5	1
5653167	5663171	1504.7	1
5663171	5678698	1505.5	1
5678698	5689940	1504.9	1
5689940	5704950	1504.7	1
5704950	5718895	1506.3	1
5718895	5742627	1504.3	1
5742627	5758730	1502.7	1
5758730	5768564	1502.7	1
5768564	5782686	1504.1	1
5782686	5800261	1508.5	1
5800261	5821336	1508.5	1
5821336	5829016	1508.9	1
5829016	5847442	1508.9	1
5847442	5857762	1508.1	1
5857762	5876200	1505.5	1
5876200	5891784	1504.1	1
5891784	5909265	1507.1	1
5909265	5920261	1508.3	1
5920261	5932142	1508.7	1
5932142	5946169	1507.7	1
5946169	5971804	1508.1	1
5971804	5983375	1508.5	1
5983375	5997776	1507.3	1
5997776	6011013	1506.5	1
6011013	6020973	1506.1	1
6020973	6040468	1506.7	1
6040468	6051956	1506.1	1
6051956	6066497	1505.3	1
6066497	6086228	1506.3	1
6086228	6100377	1505.3	1
6100377	6121809	1505.5	1
6121809	6132773	1506.1	1
6132773	6147623	1506.5	1
6147623	6161198	1506.5	1
6161198	6175739	1506.9	1
6175739	6196841	1506.7	1
6196841	6204165	1506.5	1
6204165	6218663	1506.3	1
6218663	6236616	1505.9	1
6236616	6251271	1490.1	1
6251271	6269386	1496.3	1
6269386	6283819	1499.1	1
6283819	6298297	1498.7	1
6298297	6312687	1501.1	1
6312687	6327036	1501.7	1
6327036	6349286	1496.3	1
6349286	6357216	1496.9	1
6357216	6368459	1499.3	1
6368459	6386201	1499.9	1
6386201	6400879	1501.5	1
6400879	6418303	1499.1	1
6418303	6434199	1496.9	1
6434199	6447624	1503.1	1
6447624	6463187	1505.5	1
6463187	6476105	1505.7	1
6476105	6492273	1507.1	1
6492273	6508097	1507.7	1
6508097	6517661	1509.5	1
6517661	6536684	1510.5	1
6536684	6546170	1508.1	1
6546170	6572750	1506.1	1
6572750	6583566	1504.3	1
6583566	6597950	1508.5	1
6597950	6609261	1505.9	1
6609261	6623602	1508.3	1
6623602	6646596	1508.7	1
6646596	6662581	1507.3	1
6662581	6676733	1510.3	1
6676733	6689521	1511.3	1
6689521	6704769	1508.1	1
6704769	6718399	1506.5	1
6718399	6730174	1507.3	1
6730174	6746835	1509.1	1
6746835	6758417	1507.7	1
6758417	6775338	1506.9	1
6775338	6797107	1506.7	1
6797107	6803909	1506.5	1
6803909	6818109	1506.3	1
6818109	6833224	1506.1	1
6833224	6852681	1507.7	1
6852681	6868259	1507.1	1
6868259	6883502	1506.3	1
6883502	6897967	1505.7	1
6897967	6907931	1506.7	1
6907931	6925366	1506.7	1
6925366	6941114	1505.9	1
6941114	6954655	1505.9	1
6954655	6971269	1506.5	1
6971269	6985326	1506.1	1
6985326	6995971	1507.1	1
6995971	7015601	1507.3	1
7015601	7031013	1507.3	1
7031013	7045319	1506.1	1
7045319	7059030	1506.1	1
7059030	7073386	1505.5	1
7073386	7090102	1505.5	1
7090102	7100796	1507.7	1
7100796	7120783	1508.5	1
7120783	7137079	1508.1	1
7137079	7149518	1507.5	1
7149518	7163026	1507.3	1
7163026	7177405	1506.9	1
7177405	7191628	1507.7	1
7191628	7209124	1507.5	1
7209124	7222920	1507.1	1
7222920	7239612	1507.9	1
7239612	7251418	1509.1	1
7251418	7264041	1509.3	1
7264041	7278534	1509.3	1
7278534	7293361	1508.3	1
7293361	7321235	1507.3	1
7321235	7327315	1507.7	1
7327315	7341191	1506.5	1
7341191	7359139	1505.9	1
7359139	7373537	1506.3	1
7373537	7388686	1506.7	1
7388686	7401813	1507.1	1
7401813	7422209	1506.3	1
7422209	7436088	1506.1	1
7436088	7449766	1507.1	1
7449766	7461944	1507.9	1
7461944	7480790	1506.5	1
7480790	7495271	1506.7	1
7495271	7509681	1508.7	1
7509681	7523865	1509.3	1
7523865	7540426	1508.9	1
7540426	7551017	1509.9	1
7551017	7567535	1507.9	1
7567535	7583395	1508.5	1
7583395	7595328	1508.5	1
7595328	7619257	1505.5	1
7619257	7631636	1507.3	1
7631636	7638291	1506.7	1
7638291	7652553	1505.3	1
7652553	7671638	1507.9	1
7671638	7693566	1507.5	1
7693566	7702752	1500.9	1
7702752	7714018	1503.1	1
7714018	7727715	1506.1	1
7727715	7741736	1505.1	1
7741736	7762038	1506.7	1
7762038	7774809	1506.3	1
7774809	7789214	1506.1	1
7789214	7806946	1506.7	1
7806946	7822249	1508.9	1
7822249	7833211	1509.3	1
7833211	7848581	1509.5	1
7848581	7865174	1507.1	1
7865174	7872442	1507.3	1
7872442	7887721	1507.3	1
7887721	7915147	1507.1	1
7915147	7924528	1507.1	1
7924528	7942158	1507.9	1
7942158	7952478	1507.7	1
7952478	7967449	1508.3	1
7967449	7988984	1506.1	1
7988984	8001156	1507.9	1
8001156	8010434	1507.9	1
8010434	8024824	1507.1	1
8024824	8044443	1506.3	1
8044443	8060579	1505.9	1
8060579	8070947	1506.9	1
8070947	8088794	1507.5	1
8088794	8099475	1506.7	1
8099475	8117755	1508.3	1
8117755	8134969	1508.7	1
8134969	8146421	1508.5	1
8146421	8164243	1507.9	1
8164243	8174982	1507.3	1
8174982	8189371	1507.9	1
8189371	8214315	1508.1	1
8214315	8225074	1508.9	1
8225074	8234213	1508.1	1
8234213	8253720	1508.9	1
8253720	8268054	1508.3	1
8268054	8281302	1508.1	1
8281302	8296452	1507.3	1
8296452	8309091	1506.1	1
8309091	8318657	1509.1	1
8318657	8339405	1507.9	1
8339405	8361399	1507.9	1
8361399	8373957	1507.7	1
8373957	8390036	1508.3	1
8390036	8402459	1508.9	1
8402459	8411363	1509.5	1
8411363	8433042	1509.3	1
8433042	8447426	1509.9	1
8447426	8461846	1509.1	1
8461846	8471262	1508.7	1
8471262	8489841	1507.9	1
8489841	8507799	1507.1	1
8507799	8521542	1507.3	1
8521542	8540392	1508.9	1
8540392	8552016	1509.7	1
8552016	8569073	1508.1	1
8569073	8579251	1511.7	1
8579251	8597539	1510.7	1
8597539	8605993	1509.3	1
8605993	8620446	1508.1	1
8620446	8640962	1508.7	1
8640962	8659153	1499.7	1
8659153	8669078	1502.5	1
8669078	8684380	1508.3	1
8684380	8695572	1508.9	1
8695572	8709606	1508.9	1
8709606	8732571	1509.1	1
8732571	8745544	1509.3	1
8745544	8759579	1508.3	1
8759579	8773985	1492.7	1
8773985	8792738	1493.7	1
8792738	8810020	1495.7	1
8810020	8821960	1494.9	1
8821960	8836691	1495.3	1
8836691	8851174	1493.1	1
8851174	8862360	1491.5	1
8862360	8882822	1492.1	1
8882822	8896848	1491.9	1
8896848	8911451	1491.5	1
8911451	8922167	1486.4	1
8922167	8935242	1480.8	1
8935242	8963847	1488.0	1
8963847	8973492	1491.5	1
8973492	8986146	1493.5	1
8986146	9001480	1501.7	1
9001480	9015407	1506.5	1
9015407	9030884	1511.1	1
9030884	9045178	1511.7	1
9045178	9059371	1511.1	1
9059371	9070690	1510.1	1
9070690	9084914	1509.7	1
9084914	9110905	1510.9	1
9110905	9123989	1510.7	1
9123989	9131133	1510.3	1
9131133	9145448	1509.3	1
9145448	9163548	1508.7	1
9163548	9176289	1508.1	1
9176289	9188520	1504.3	1
9188520	9206624	1503.3	1
9206624	9217457	1498.1	1
9217457	9236860	1500.1	1
9236860	9260570	1505.5	1
9260570	9273936	1508.1	1
9273936	9287334	1508.9	1
9287334	9296672	1507.9	1
9296672	9311914	1506.5	1
9311914	9328840	1575.6	1
9328840	9343311	1567.4	1
9343311	9357888	1561.8	1
9357888	9371391	1555.6	1
9371391	9383875	1552.6	1
9383875	9394684	1530.2	1
9394684	9411709	1522.8	1
9411709	9425587	1521.8	1
9425587	9439712	1521.2	1
9439712	9458668	1521.2	1
9458668	9473140	1519.6	1
9473140	9484040	1514.9	1
9484040	9505119	1514.5	1
9505119	9517193	1513.9	1
9517193	9531637	1512.1	1
9531637	9549256	1503.3	1
9549256	9560348	1502.7	1
9560348	9574425	1505.5	1
9574425	9589185	1509.9	1
9589185	9614282	1512.1	1
9614282	9625158	1506.7	1
9625158	9642014	1504.7	1
9642014	9653938	1505.9	1
9653938	9668411	1507.3	1
9668411	9689878	1507.7	1
9689878	9698632	1560.2	1
9698632	9718493	1561.4	1
9718493	9733369	1555.6	1
9733369	9745337	1575.7	1
9745337	9758935	1571.8	1
9758935	9769751	1560.8	1
9769751	9788579	1555.6	1
9788579	9807157	1552.2	1
9807157	9823651	1531.8	1
9823651	9838001	1524.2	1
9838001	9852225	1520.2	1
9852225	9861065	1518.6	1
9861065	9880626	1509.3	1
9880626	9892922	1500.7	1
9892922	9910187	1492.9	1
9910187	9921476	1493.3	1
9921476	9940454	1495.9	1
9940454	9962532	1495.7	1
9962532	9971124	1495.5	1
9971124	9988961	1497.3	1
9988961	10000931	1500.7	1
10000931	10014135	1505.1	1
10014135	10031428	1506.1	1
10031428	10038489	1509.9	1
10038489	10053016	1509.5	1
10053016	10071305	1510.1	1
10071305	596	1511.3	1
596	10085806	1516.4	1
10085806	10097313	1532.2	1
10097313	10116387	1520.4	1
10116387	10131006	1518.8	1
10131006	10138626	1510.7	1
10138626	10166820	1508.5	1
10166820	10172837	1504.3	1
10172837	10186579	1504.3	1
10186579	10202967	1507.5	1
10202967	10214453	1508.5	1
10214453	10232824	1508.7	1
10232824	10265226	1508.3	1
10265226	10275076	1506.3	1
10275076	10293514	1506.3	1
10293514	10317228	1506.1	1
10317228	10321407	1506.1	1
10321407	10339997	1506.5	1
10339997	10354288	1506.1	1
10354288	10364789	1505.3	1
10364789	10391009	1504.9	1
10391009	10400711	1504.7	1
10400711	10414556	1502.5	1
10414556	10426088	1504.9	1
10426088	10445409	1506.1	1
10445409	10460462	1505.7	1
10460462	10475789	1505.7	1
10475789	10486129	1506.9	1
10486129	10498276	1506.5	1
10498276	10512790	1507.1	1
10512790	10533462	1506.5	1
10533462	10548559	1506.5	1
10548559	10559265	1506.5	1
10559265	10574725	1505.7	1
10574725	10589352	1505.7	1
10589352	10608849	1506.3	1
10608849	10624498	1506.9	1
10624498	10641402	1507.1	1
10641402	10648548	1508.3	1
10648548	10662732	1507.9	1
10662732	10686595	1507.5	1
10686595	10698828	1507.3	1
10698828	10713260	1508.1	1
10713260	10724977	1507.7	1
10724977	10742087	1507.1	1
10742087	10756409	1507.7	1
10756409	10773680	1506.5	1
10773680	644	1507.3	1
644	10810298	1550.0	1
10810298	10823755	1568.0	1
10823755	10839935	1561.6	1
10839935	10854228	1554.0	1
10854228	10866076	1535.4	1
10866076	10881229	1532.2	1
10881229	10897841	1527.2	1
10897841	10909284	1520.6	1
10909284	10928417	1518.4	1
10928417	10940699	1511.5	1
10940699	10954732	1508.5	1
10954732	10983493	1505.9	1
10983493	11004627	1502.9	1
11004627	11013144	1501.3	1
11013144	11033259	1500.5	1
11033259	11047034	1502.1	1
11047034	11061100	1505.1	1
11061100	11076430	1506.1	1
11076430	11088255	1507.9	1
11088255	11104662	1508.3	1
11104662	11116170	1507.5	1
11116170	11133256	1509.7	1
11133256	11155118	1510.1	1
11155118	11162365	1508.9	1
11162365	11176665	1507.5	1
11176665	11191108	1507.3	1
11191108	11205440	1506.7	1
11205440	11225082	1506.9	1
11225082	11237360	1503.3	1
11237360	11256059	1501.9	1
11256059	11270638	1502.1	1
11270638	11284275	1502.3	1
11284275	11298485	1504.1	1
11298485	11312159	1505.5	1
11312159	11329306	1505.3	1
11329306	11341491	1504.1	1
11341491	11352940	1503.1	1
11352940	11379506	1503.7	1
11379506	11390791	1503.9	1
11390791	11408197	1503.9	1
11408197	11419579	1504.3	1
11419579	11431283	1507.1	1
11431283	11453723	1507.5	1
11453723	11464002	1507.5	1
11464002	11473421	1507.5	1
11473421	11492685	1506.9	1
11492685	11506857	1507.5	1
11506857	11523236	1507.5	1
11523236	11535510	1507.5	1
11535510	11549611	1508.5	1
11549611	11566004	1507.5	1
11566004	11578401	1507.9	1
11578401	11601801	1508.5	1
11601801	11611231	1507.9	1
11611231	11625097	1506.5	1
11625097	11637884	1505.7	1
11637884	11658787	1505.5	1
11658787	11677565	1503.9	1
11677565	11687361	1502.1	1
11687361	11700380	1505.3	1
11700380	11718153	1504.3	1
11718153	11731025	1504.5	1
11731025	11756448	1506.3	1
11756448	11766292	1504.7	1
11766292	11775595	1503.9	1
11775595	11790922	1504.9	1
11790922	11804796	1501.9	1
11804796	11824346	1500.5	1
11824346	11836048	1485.6	1
11836048	11855540	1466.5	1
11855540	11865353	1481.4	1
11865353	11884635	1489.2	1
11884635	11906657	1494.5	1
11906657	11913056	1494.8	1
11913056	11930430	1495.4	1
11930430	11941633	1499.3	1
11941633	11958772	1501.3	1
11958772	11976443	1499.3	1
11976443	11989102	1482.6	1
11989102	12007141	1482.8	1
12007141	12021667	1489.2	1
12021667	12029932	1492.7	1
12029932	12054288	1493.1	1
12054288	12067134	1495.3	1
12067134	12077409	1493.9	1
12077409	12091735	1491.3	1
12091735	12107552	1498.1	1
12107552	12132054	1501.7	1
12132054	12144289	1502.9	1
12144289	12157398	1503.3	1
12157398	12167167	1506.1	1
12167167	12181526	1507.1	1
12181526	12199470	1507.1	1
12199470	12217242	1507.9	1
12217242	12231412	1507.7	1
12231412	12245911	1506.9	1
12245911	12261562	1507.5	1
12261562	12282701	1507.5	1
12282701	12290005	1506.7	1
12290005	12308747	1507.5	1
12308747	12322085	1507.9	1
12322085	12331261	1507.9	1
12331261	12351125	1508.1	1
12351125	12362043	1508.7	1
12362043	12376504	1507.3	1
12376504	12391103	1507.1	1
12391103	12408354	1506.9	1
12408354	12426086	1507.5	1
12426086	12439753	1508.3	1
12439753	12452586	1506.9	1
12452586	12471687	1504.3	1
12471687	12485987	1504.9	1
12485987	12500816	1506.5	1
12500816	12513520	1506.1	1
12513520	12531944	1503.5	1
12531944	12542276	1504.7	1
12542276	12555894	1504.1	1
12555894	12580901	1504.5	1
12580901	12588124	1505.1	1
12588124	12607027	1506.9	1
12607027	12621621	1507.7	1
12621621	12636124	1506.9	1
12636124	12650707	1506.5	1
12650707	12665398	1506.1	1
12665398	12679995	1506.3	1
12679995	12694622	1506.1	1
12694622	12709379	1506.1	1
12709379	12730852	1506.3	1
12730852	12743925	1506.1	1
12743925	12758055	1507.7	1
12758055	12772928	1506.5	1
12772928	12787073	1507.7	1
12787073	12807720	1508.9	1
12807720	12814345	1508.1	1
12814345	12830931	1508.3	1
12830931	12841350	1509.7	1
12841350	12859663	1509.3	1
12859663	12880747	1510.5	1
12880747	12889084	1510.1	1
12889084	12907981	1509.5	1
12907981	12924625	1508.9	1
12924625	12935896	1508.5	1
12935896	12954517	1506.3	1
12954517	12969144	1507.1	1
12969144	12983958	1507.1	1
12983958	12998733	1507.7	1
12998733	13013121	1506.5	1
13013121	13027393	1507.3	1
13027393	13040160	1508.1	1
13040160	13054445	1506.9	1
13054445	13067920	1507.3	1
13067920	13085791	1507.5	1
13085791	13106542	1508.3	1
13106542	13115746	1507.9	1
13115746	13131921	1507.7	1
13131921	13146942	1507.5	1
13146942	13164251	1507.1	1
13164251	786	1508.5	1
786	13194252	1507.1	1
13194252	13208667	1507.5	1
13208667	13222902	1507.7	1
13222902	13237586	1507.1	1
13237586	13252053	1506.5	1
13252053	13266640	1507.3	1
13266640	13283649	1506.9	1
13283649	13295733	1506.9	1
13295733	13309702	1507.7	1
13309702	13330449	1508.3	1
13330449	13347197	1509.3	1
13347197	13357217	1508.5	1
13357217	13375809	1507.7	1
13375809	13390316	1507.1	1
13390316	13406211	1507.1	1
13406211	13417192	1505.9	1
13417192	13433792	1505.9	1
13433792	13446766	1506.3	1
13446766	13459403	1508.1	1
13459403	13478970	1508.9	1
13478970	13490661	1508.5	1
13490661	13505653	1508.3	1
13505653	13526070	1506.5	1
13526070	13535219	1506.3	1
13535219	13558846	1505.5	1
13558846	13569312	1506.3	1
13569312	13582251	1506.7	1
13582251	13600715	1507.3	1
13600715	13609921	1506.3	1
13609921	13634022	1505.7	1
13634022	13644627	1507.9	1
13644627	13665146	1507.7	1
13665146	13673332	1508.1	1
13673332	13688606	1506.3	1
13688606	13707078	1506.3	1
13707078	13719400	1507.5	1
13719400	13740035	1506.5	1
13740035	13753224	1505.5	1
13753224	13767929	1510.3	1
13767929	13786013	1509.7	1
13786013	13797193	1509.1	1
13797193	13808151	1507.3	1
13808151	13822641	1508.7	1
13822641	13837259	1507.5	1
13837259	13854687	1506.7	1
13854687	13870206	1507.1	1
13870206	13884098	1507.7	1
13884098	13896981	1507.5	1
13896981	13916177	1508.5	1
13916177	13932669	1509.1	1
13932669	13943521	1509.3	1
13943521	13957548	1510.1	1
13957548	13977013	1508.5	1
13977013	13990083	1507.9	1
13990083	14011420	1507.3	1
14011420	14017420	1507.7	1
14017420	14034471	1507.5	1
14034471	14045963	1509.5	1
14045963	14059682	1509.9	1
14059682	14084390	1510.1	1
14084390	14090814	1506.7	1
14090814	14111529	1507.3	1
14111529	14123430	1507.3	1
14123430	14133029	1506.5	1
14133029	14159823	1507.3	1
14159823	14168957	1507.3	1
14168957	14183254	1506.9	1
14183254	14201875	1507.5	1
14201875	14216185	1508.1	1
14216185	14226977	1508.1	1
14226977	14240518	1507.1	1
14240518	14255205	1507.9	1
14255205	14260029	1509.1	1
14260029	14271510	1551.8	1
14271510	14293144	1547.0	1
14293144	14306114	1533.2	1
14306114	14319224	1527.0	1
14319224	14335062	1520.8	1
14335062	14350818	1518.0	1
14350818	14369028	1514.1	1
14369028	14385723	1518.8	1
14385723	14399979	1517.8	1
14399979	14407895	1518.4	1
14407895	14426886	1517.6	1
14426886	14444725	1513.1	1
14444725	14458827	1511.5	1
14458827	14468899	1510.9	1
14468899	14486002	1510.7	1
14486002	14500530	1511.3	1
14500530	14516555	1510.1	1
14516555	14534495	1510.7	1
14534495	14543222	1510.7	1
14543222	14557513	1510.5	1
14557513	14571797	1510.5	1
14571797	14593563	1509.3	1
14593563	14607991	1509.5	1
14607991	14618281	1508.5	1
14618281	14636674	1508.1	1
14636674	14650999	1507.9	1
14650999	14669471	1509.1	1
14669471	14678314	1509.3	1
14678314	14693182	1510.1	1
14693182	14711315	1509.5	1
14711315	14725173	1510.1	1
14725173	14748316	1508.9	1
14748316	14757641	1510.1	1
14757641	14766899	1503.9	1
14766899	14781262	1493.1	1
14781262	14795896	1495.5	1
14795896	14816708	1500.3	1
14816708	14831975	1500.1	1
14831975	14846559	1499.3	1
14846559	14860835	1497.5	1
14860835	14870409	1497.5	1
14870409	14895202	1496.5	1
14895202	14907944	1496.5	1
14907944	14917472	1498.1	1
14917472	14937625	1498.9	1
14937625	14951336	1499.5	1
14951336	14962874	1502.5	1
14962874	14976500	1504.1	1
14976500	14992652	1505.3	1
14992652	15003746	1505.7	1
15003746	15021420	1504.5	1
15021420	15043701	1502.3	1
15043701	15056019	1502.7	1
15056019	15067678	1501.1	1
15067678	15082279	1478.3	1
15082279	15100159	1482.8	1
15100159	15115069	1475.3	1
15115069	15134724	1471.1	1
15134724	15148404	1469.5	1
15148404	15161900	1469.1	1
15161900	15177827	1470.9	1
15177827	15199610	1461.1	1
15199610	15208765	1458.5	1
15208765	15219790	1460.3	1
15219790	15238114	1457.7	1
15238114	15252776	1461.5	1
15252776	15274525	1465.9	1
15274525	15281941	1473.3	1
15281941	15300224	1473.5	1
15300224	15315548	1472.3	1
15315548	15325834	1476.5	1
15325834	15347689	1482.8	1
15347689	15362149	1485.6	1
15362149	15377096	1487.2	1
15377096	15385071	1488.0	1
15385071	15405996	1485.2	1
15405996	15419431	1486.2	1
15419431	15435141	1488.8	1
15435141	15448100	1490.6	1
15448100	15456906	1493.3	1
15456906	15471390	1491.9	1
15471390	15500342	1491.2	1
15500342	15508375	1494.7	1
15508375	15527462	1495.3	1
15527462	15541129	1491.7	1
15541129	15558240	1493.3	1
15558240	15573186	1501.1	1
15573186	15583816	1493.9	1
15583816	15602278	1495.7	1
15602278	15613753	1494.9	1
15613753	15631247	1494.3	1
15631247	15647081	1496.9	1
15647081	15659901	1494.1	1
15659901	15673993	1495.1	1
15673993	15688612	1497.5	1
15688612	15715594	1496.5	1
15715594	15731086	1529.2	1
15731086	15748609	1526.8	1
15748609	15758346	1521.8	1
15758346	15783179	1518.2	1
15783179	15791177	1511.1	1
15791177	15809986	1510.1	1
15809986	15826533	1509.9	1
15826533	15837310	1510.1	1
15837310	15859578	1508.7	1
15859578	15865265	1506.5	1
15865265	15879740	1506.1	1
15879740	15894196	1505.7	1
15894196	15913141	1503.5	1
15913141	15934920	1502.9	1
15934920	15941720	1502.7	1
15941720	15955515	1501.7	1
15955515	15969626	1500.5	1
15969626	15984843	1496.9	1
15984843	16004582	1494.5	1
16004582	16021117	1494.3	1
16021117	16035315	1496.1	1
16035315	16044828	1494.9	1
16044828	16058771	1496.9	1
16058771	16086916	1496.1	1
16086916	16091861	1494.9	1
16091861	16106926	1495.3	1
16106926	16119723	1495.7	1
16119723	16137184	1488.4	1
16137184	16156792	1487.6	1
16156792	16163303	1490.3	1
16163303	16183304	1495.5	1
16183304	16195921	1496.7	1
16195921	16210606	1497.7	1
16210606	16232068	1496.5	1
16232068	16242633	1502.7	1
16242633	16257208	1502.1	1
16257208	16275910	1500.1	1
16275910	16290299	1500.5	1
16290299	16311377	1503.9	1
16311377	16320632	1502.5	1
16320632	16331875	1504.7	1
16331875	16346060	1502.5	1
16346060	16361779	1502.9	1
16361779	16380931	1500.7	1
16380931	16391627	1499.5	1
16391627	16411640	1502.1	1
16411640	16427362	1500.7	1
16427362	16441360	1501.7	1
16441360	16463200	1502.7	1
16463200	16469329	1501.5	1
16469329	16482984	1500.1	1
16482984	16498776	1503.3	1
16498776	16509131	1504.9	1
16509131	16533918	1503.9	1
16533918	16547565	1502.1	1
16547565	16555831	1502.5	1
16555831	16571294	1502.7	1
16571294	16588852	1504.5	1
16588852	16608380	1501.7	1
16608380	16617537	1499.7	1
16617537	16635904	1497.7	1
16635904	16645859	1500.7	1
16645859	16664728	1500.3	1
16664728	16685895	1503.9	1
16685895	16696542	1500.5	1
16696542	16709728	1496.3	1
16709728	16724156	1494.9	1
16724156	16738659	1496.1	1
16738659	16755052	1495.9	1
16755052	16772603	1499.7	1
16772603	16788260	1498.7	1
16788260	16790715	1502.3	1
16790715	16810233	1546.4	1
16810233	16820137	1526.2	1
16820137	16829985	1520.8	1
16829985	16845386	1517.6	1
16845386	16859555	1511.1	1
16859555	16885559	1509.1	1
16885559	16895745	1507.1	1
16895745	16910226	1509.1	1
16910226	16929051	1508.7	1
16929051	16943625	1506.7	1
16943625	16958225	1506.1	1
16958225	16974725	1506.3	1
16974725	16990983	1507.9	1
16990983	17005564	1505.9	1
17005564	17015116	1505.7	1
17015116	17033728	1502.3	1
17033728	17051668	1501.5	1
17051668	17065310	1502.9	1
17065310	17080807	1501.7	1
17080807	17088654	1500.1	1
17088654	17107338	1491.5	1
17107338	17121201	1491.0	1
17121201	17138686	1492.5	1
17138686	17149656	1493.5	1
17149656	17167641	1493.9	1
17167641	17189802	1496.1	1
17189802	17200638	1496.3	1
17200638	17218006	1496.7	1
17218006	17228468	1497.5	1
17228468	17239698	1496.3	1
17239698	17264703	1503.1	1
17264703	17272072	1502.1	1
17272072	17285996	1503.9	1
17285996	17300402	1499.5	1
17300402	17318972	1508.5	1
17318972	17333465	1508.5	1
17333465	17347827	1503.1	1
17347827	17368652	1503.3	1
17368652	17378909	1504.7	1
17378909	17391813	1503.9	1
17391813	17414033	1503.1	1
17414033	17426990	1503.9	1
17426990	17434534	1502.9	1
17434534	17455012	1502.1	1
17455012	17484422	1500.1	1
17484422	17500201	1497.3	1
17500201	17509827	1498.1	1
17509827	17523997	1496.3	1
17523997	17538511	1500.5	1
17538511	17563452	1501.7	1
17563452	17571548	1502.1	1
17571548	17589952	1502.5	1
17589952	17600469	1501.3	1
17600469	17614297	1503.3	1
17614297	17639061	1501.1	1
17639061	17646379	1500.7	1
17646379	17664694	1502.7	1
17664694	17679058	1503.7	1
17679058	17693403	1506.5	1
17693403	17712237	1506.3	1
17712237	17720645	1504.7	1
17720645	17737631	1503.3	1
17737631	17749812	1502.5	1
17749812	17763549	1503.3	1
17763549	17787730	1503.9	1
17787730	17801142	1504.9	1
17801142	17815996	1502.7	1
17815996	17830166	1503.7	1
17830166	17844920	1506.1	1
17844920	17859749	1505.7	1
17859749	17870664	1504.1	1
17870664	17885393	1501.7	1
17885393	17904216	1500.1	1
17904216	17913305	1502.5	1
17913305	17932459	1501.1	1
17932459	17945967	1502.7	1
17945967	17963884	1503.1	1
17963884	17978020	1504.1	1
17978020	17988123	1505.3	1
17988123	18005499	1502.3	1
18005499	18019686	1501.7	1
18019686	18034540	1502.5	1
18034540	18044976	1501.9	1
18044976	18058422	1499.7	1
18058422	18080512	1500.3	1
18080512	18096621	1504.5	1
18096621	18110288	1505.7	1
18110288	18121882	1504.7	1
18121882	18135485	1504.3	1
18135485	18160889	1502.3	1
18160889	18167043	1497.1	1
18167043	18181622	1494.3	1
18181622	18196298	1502.1	1
18196298	18216572	1503.3	1
18216572	18234733	1501.7	1
18234733	18247323	1498.9	1
18247323	18255583	1501.1	1
18255583	18273216	1503.3	1
18273216	18288728	1503.3	1
18288728	18310943	1501.5	1
18310943	18317054	1500.1	1
18317054	18335347	1502.9	1
18335347	18350378	1499.9	1
18350378	18360688	1504.1	1
18360688	18384529	1504.3	1
18384529	18396148	1504.7	1
18396148	18412812	1506.1	1
18412812	18427404	1504.9	1
18427404	18441316	1502.9	1
18441316	18460063	1498.3	1
18460063	18471363	1501.1	1
18471363	18486497	1499.7	1
18486497	18499259	1498.3	1
18499259	18512027	1506.7	1
18512027	18532002	1505.3	1
18532002	18545765	1501.7	1
18545765	18554838	1502.9	1
18554838	18569046	1503.7	1
18569046	18583700	1505.7	1
18583700	18606227	1504.1	1
18606227	18615329	1502.5	1
18615329	18629224	1503.5	1
18629224	18648372	1503.7	1
18648372	18663016	1502.3	1
18663016	18684934	1503.3	1
18684934	18692133	1504.5	1
18692133	18706570	1504.7	1
18706570	18735666	1505.1	1
18735666	18762987	1502.5	1
18762987	18772453	1501.7	1
18772453	18787178	1503.1	1
18787178	18794932	1502.1	1
18794932	18815434	1501.5	1
18815434	18834582	1503.5	1
18834582	18843471	1504.5	1
18843471	18860527	1505.3	1
18860527	18872047	1504.7	1
18872047	18886256	1503.9	1
18886256	18902641	1504.9	1
18902641	18923014	1505.5	1
18923014	18931693	1492.9	1
18931693	18950728	1490.2	1
18950728	18960725	1490.7	1
18960725	18978346	1500.5	1
18978346	18989512	1502.5	1
18989512	19003888	1494.9	1
19003888	19018281	1496.5	1
19018281	19032728	1501.7	1
19032728	19060281	1501.1	1
19060281	19068821	1499.3	1
19068821	19083296	1500.7	1
19083296	19100651	1497.1	1
19100651	19115603	1498.5	1
19115603	19132648	1499.3	1
19132648	19148264	1502.3	1
19148264	19162732	1502.1	1
19162732	19176961	1503.1	1
19176961	19189001	1503.1	1
19189001	19208197	1505.1	1
19208197	19216965	1504.3	1
19216965	19234567	1504.5	1
19234567	19248502	1503.7	1
19248502	19259702	1501.9	1
19259702	19284273	1503.7	1
19284273	19294227	1503.9	1
19294227	19305610	1505.1	1
19305610	19319920	1504.9	1
19319920	19334274	1503.5	1
19334274	19353395	1503.9	1
19353395	19370192	1503.7	1
19370192	19384461	1504.9	1
19384461	19398506	1505.1	1
19398506	19413013	1506.7	1
19413013	19431755	1506.3	1
19431755	19440473	1505.5	1
19440473	19455494	1504.7	1
19455494	19472893	1504.7	1
19472893	19487260	1504.9	1
19487260	19502652	1505.3	1
19502652	19518862	1505.5	1
19518862	19533703	1506.5	1
19533703	19547130	1505.5	1
19547130	19556330	1506.5	1
19556330	19575655	1507.5	1
19575655	19587739	1507.1	1
19587739	19606432	1506.5	1
19606432	19614836	1506.9	1
19614836	19629164	1507.5	1
19629164	19649608	1506.5	1
19649608	19663215	1506.1	1
19663215	19681142	1505.9	1
19681142	19691693	1506.3	1
19691693	19710983	1506.7	1
19710983	19728748	1505.9	1
19728748	19735910	1505.1	1
19735910	19756590	1502.9	1
19756590	19770888	1504.9	1
19770888	19785101	1505.9	1
19785101	19799779	1504.5	1
19799779	19815756	1504.7	1
19815756	19829199	1505.1	1
19829199	19840118	1504.5	1
19840118	19858011	1505.7	1
19858011	19873758	1506.3	1
19873758	19890655	1506.1	1
19890655	19904688	1505.3	1
19904688	19915396	1505.7	1
19915396	19952998	1505.7	1
19952998	19965347	1504.9	1
19965347	19976566	1505.1	1
19976566	19989777	1505.9	1
19989777	99999999	1505.9	1
