#Processing Run 48230 for polarization tables
#The run table thinks this was a DPARAL2 run
#Corresponding AMO file is :/home/clasg8/rootbeer2.1/dat/pol/amo_tesc_48217.dat
#Coherent Edge positions for TESC events follow:
#Event	Coh Edge	PolPlane(PARA=0,PERP=1,AMO=2,CHANGING=3)
#WARNING: table and EPICS differ on the radiator
Using value from table#WARNING: table and EPICS differ on the Plane
Using	x	 0.0	0
0	166	1278.0	0
166	11007	1275.4	0
11007	27788	1272.2	0
27788	44820	1268.0	0
44820	57113	1271.2	0
57113	71513	1271.6	0
71513	94213	1268.4	0
94213	104611	1265.6	0
104611	125874	1267.6	0
125874	140972	1261.4	0
140972	160998	1263.2	0
160998	177855	1257.0	0
177855	210302	1262.0	0
210302	225151	1268.8	0
225151	241052	1276.0	0
241052	256980	1272.6	0
256980	276624	1283.8	0
276624	292870	1283.0	0
292870	311851	1288.6	0
311851	323396	1279.2	0
323396	339825	1279.6	0
339825	355675	1278.8	0
355675	374155	1279.6	0
374155	394721	1277.8	0
394721	411880	1282.2	0
411880	422598	1283.4	0
422598	439243	1276.2	0
439243	462680	1275.4	0
462680	468211	1274.4	0
468211	484082	1273.4	0
484082	499434	1275.6	0
499434	515674	1273.4	0
515674	541483	1271.2	0
541483	561186	1268.8	0
561186	579308	1267.0	0
579308	588639	1272.2	0
588639	605247	1264.4	0
605247	625050	1271.0	0
625050	648375	1267.8	0
648375	657497	1270.8	0
657497	672324	1270.2	0
672324	687694	1268.6	0
687694	710663	1268.6	0
710663	730850	1265.6	0
730850	741130	1263.4	0
741130	757105	1266.4	0
757105	777658	1267.4	0
777658	798570	1266.0	0
798570	814374	1260.2	0
814374	823972	1259.6	0
823972	840939	1263.4	0
840939	859252	1264.6	0
859252	880138	1263.4	0
880138	890778	1264.4	0
890778	907655	1266.6	0
907655	918039	1266.0	0
918039	932441	1266.8	0
932441	963512	1264.2	0
963512	978507	1261.2	0
978507	998609	1272.2	0
998609	1010498	1271.0	0
1010498	1025114	1271.0	0
1025114	1050700	1266.4	0
1050700	1065848	1264.8	0
1065848	1083376	1265.2	0
1083376	1094078	1266.8	0
1094078	1113855	1267.0	0
1113855	1131310	1267.6	0
1131310	1145241	1267.0	0
1145241	1160753	1263.2	0
1160753	1176168	1264.8	0
1176168	1201383	1264.2	0
1201383	1216171	1263.0	0
1216171	1236619	1259.2	0
1236619	1247248	1257.6	0
1247248	1262376	1254.4	0
1262376	1278723	1251.6	0
1278723	1298954	1251.6	0
1298954	1320214	1248.4	0
1320214	1332965	1247.6	0
1332965	1354208	1245.5	0
1354208	1370456	1245.1	0
1370456	1389705	1247.2	0
1389705	1402958	1248.6	0
1402958	1422650	1249.6	0
1422650	1433129	1252.0	0
1433129	1450387	1248.4	0
1450387	1469628	1252.2	0
1469628	1481255	1257.6	0
1481255	1497425	1253.0	0
1497425	1520107	1252.6	0
1520107	1529620	1252.0	0
1529620	1555752	1251.8	0
1555752	1571042	1250.0	0
1571042	1593588	1251.8	0
1593588	1603524	1250.2	0
1603524	1621694	1251.0	0
1621694	1641158	1252.4	0
1641158	1658175	1251.8	0
1658175	1673966	1256.0	0
1673966	1690356	1254.8	0
1690356	1712028	1251.8	0
1712028	1729701	1254.0	0
1729701	1748302	1245.3	0
1748302	1759553	1244.3	0
1759553	1775422	1243.5	0
1775422	1790660	1248.4	0
1790660	1822181	1249.2	0
1822181	1830980	1243.7	0
1830980	1843993	1243.1	0
1843993	1863083	1239.5	0
1863083	1883630	1244.9	0
1883630	1906921	1250.0	0
1906921	1915610	1249.8	0
1915610	1931043	1245.1	0
1931043	1952419	1241.5	0
1952419	1963960	1244.3	0
1963960	1978596	1243.1	0
1978596	1991663	1248.6	0
1991663	2000089	1249.4	0
2000089	2005755	1254.2	0
2005755	2022198	1250.4	0
2022198	2031397	1249.2	0
2031397	2038877	1232.1	0
2038877	2057337	1225.7	0
2057337	2072090	1224.7	0
2072090	2094783	-1.0	0
2094783	2105458	-1.0	0
2105458	2124268	-1.0	0
2124268	2142085	-1.0	0
2142085	2157396	1223.7	0
2157396	2172298	1225.1	0
2172298	2189086	1224.7	0
2189086	2212862	-1.0	0
2212862	2231141	-1.0	0
2231141	2244491	-1.0	0
2244491	2261426	1224.3	0
2261426	2277670	1227.9	0
2277670	2300006	1224.5	0
2300006	2323290	1227.3	0
2323290	2334788	-1.0	0
2334788	2351115	-1.0	0
2351115	2374512	-1.0	0
2374512	2384937	-1.0	0
2384937	2405992	-1.0	0
2405992	2422102	-1.0	0
2422102	2440103	-1.0	0
2440103	2463021	-1.0	0
2463021	2473177	-1.0	0
2473177	2495098	-1.0	0
2495098	2516846	-1.0	0
2516846	2528410	-1.0	0
2528410	2544248	-1.0	0
2544248	2561100	-1.0	0
2561100	2582413	-1.0	0
2582413	2596316	1227.5	0
2596316	2614237	1228.5	0
2614237	2638162	1227.5	0
2638162	2653842	1226.5	0
2653842	2677620	1226.9	0
2677620	2688274	-1.0	0
2688274	2704123	-1.0	0
2704123	2720052	-1.0	0
2720052	2735897	1221.9	0
2735897	2756399	-1.0	0
2756399	2775603	-1.0	0
2775603	2791819	-1.0	0
2791819	2807242	1222.9	0
2807242	2823843	1225.7	0
2823843	2845565	-1.0	0
2845565	2865878	-1.0	0
2865878	2883403	-1.0	0
2883403	2898495	-1.0	0
2898495	2915930	-1.0	0
2915930	2933935	-1.0	0
2933935	2953434	-1.0	0
2953434	2963547	1221.7	0
2963547	2986749	1224.7	0
2986749	3023321	1227.7	0
3023321	3035748	1228.9	0
3035748	3051666	1230.9	0
3051666	3068695	1234.3	0
3068695	3090193	1241.1	0
3090193	3111818	1240.3	0
3111818	3121631	1242.3	0
3121631	3142660	1237.7	0
3142660	3155560	1240.1	0
3155560	3177146	1239.5	0
3177146	3195310	1240.7	0
3195310	3206059	1237.9	0
3206059	3223825	1234.1	0
3223825	3244975	1233.9	0
3244975	3256949	1229.9	0
3256949	3281673	1230.7	0
3281673	3297366	1228.5	0
3297366	3311602	1228.3	0
3311602	3327397	1228.1	0
3327397	3344818	1221.9	0
3344818	3369717	1226.7	0
3369717	3381251	1228.5	0
3381251	3397132	1227.9	0
3397132	3422165	1228.7	0
3422165	3430950	1234.5	0
3430950	3452281	1237.3	0
3452281	3466961	1239.1	0
3466961	3485616	1240.5	0
3485616	3500236	1235.3	0
3500236	3521738	1234.1	0
3521738	3545598	1239.7	0
3545598	3559679	1243.5	0
3559679	3577495	1243.3	0
3577495	3588978	1233.7	0
3588978	3603266	1230.5	0
3603266	3625527	1234.7	0
3625527	3641077	1245.7	0
3641077	3660278	1258.0	0
3660278	3677351	1268.8	0
3677351	3687697	1264.4	0
3687697	3710703	1264.4	0
3710703	3730590	1262.8	0
3730590	3741437	1264.4	0
3741437	3762865	1254.8	0
3762865	3772157	1273.4	0
3772157	3793697	1272.8	0
3793697	3807837	1264.8	0
3807837	3826554	1266.6	0
3826554	3840106	1268.8	0
3840106	3858107	1268.8	0
3858107	3877470	1262.8	0
3877470	3890212	1258.2	0
3890212	3910017	1259.8	0
3910017	3922001	1266.0	0
3922001	3938119	1256.0	0
3938119	3963976	1252.2	0
3963976	3979784	1241.5	0
3979784	3999517	1237.7	0
3999517	4011209	1241.3	0
4011209	4027290	1241.5	0
4027290	4045861	1233.5	0
4045861	4059042	1231.5	0
4059042	4075748	1231.3	0
4075748	4090259	1230.1	0
4090259	4109629	1238.3	0
4109629	4133089	1239.1	0
4133089	4151334	1242.5	0
4151334	4163275	1234.1	0
4163275	4179204	1237.7	0
4179204	4195133	1242.7	0
4195133	4225239	1239.3	0
4225239	4234649	1244.7	0
4234649	4251659	1243.9	0
4251659	4274278	1243.1	0
4274278	4286184	1245.1	0
4286184	4305979	1241.1	0
4305979	4318132	1243.3	0
4318132	4339623	1243.5	0
4339623	4356266	1238.5	0
4356266	4367919	1241.1	0
4367919	4393099	1238.5	0
4393099	4412966	1241.1	0
4412966	4430493	1243.7	0
4430493	4446226	1232.9	0
4446226	4457316	1234.9	0
4457316	4485377	1233.1	0
4485377	4499441	1233.9	0
4499441	4515742	1238.1	0
4515742	4528043	1235.3	0
4528043	4543882	1235.1	0
4543882	4570278	1233.9	0
4570278	4579910	1224.7	0
4579910	4596952	1228.7	0
4596952	4613988	1230.1	0
4613988	4631045	1232.9	0
4631045	4650698	1234.9	0
4650698	4668815	1233.3	0
4668815	4689105	1231.9	0
4689105	4707798	1229.1	0
4707798	4716834	1229.9	0
4716834	4737916	1232.5	0
4737916	4758212	1233.1	0
4758212	4777292	1230.1	0
4777292	4788931	1224.7	0
4788931	4803715	1223.2	0
4803715	4824994	1221.7	0
4824994	4841196	1228.1	0
4841196	4857522	1229.9	0
4857522	4873836	-1.0	0
4873836	4891634	-1.0	0
4891634	4911932	-1.0	0
4911932	4934574	-1.0	0
4934574	4946052	-1.0	0
4946052	4963620	-1.0	0
4963620	4980637	-1.0	0
4980637	5003272	-1.0	0
5003272	5018603	-1.0	0
5018603	5036354	-1.0	0
5036354	5052340	-1.0	0
5052340	5073655	-1.0	0
5073655	5095117	-1.0	0
5095117	5108702	-1.0	0
5108702	5125436	-1.0	0
5125436	5150315	-1.0	0
5150315	5158974	-1.0	0
5158974	5185225	-1.0	0
5185225	5193221	-1.0	0
5193221	5211162	-1.0	0
5211162	5227020	-1.0	0
5227020	5243310	-1.0	0
5243310	5271064	-1.0	0
5271064	5286485	-1.0	0
5286485	5304758	-1.0	0
5304758	5321067	-1.0	0
5321067	5338005	-1.0	0
5338005	5361837	-1.0	0
5361837	5376597	-1.0	0
5376597	5398276	-1.0	0
5398276	5409611	-1.0	0
5409611	5433158	-1.0	0
5433158	5456979	-1.0	0
5456979	5464888	-1.0	0
5464888	5481573	-1.0	0
5481573	5499006	-1.0	0
5499006	5515290	-1.0	0
5515290	5536270	-1.0	0
5536270	5550593	-1.0	0
5550593	5566375	-1.0	0
5566375	5582606	-1.0	0
5582606	5600304	-1.0	0
5600304	5626410	-1.0	0
5626410	5644529	-1.0	0
5644529	5655497	1224.3	0
5655497	5674530	1232.9	0
5674530	5694156	1236.9	0
5694156	5711916	1242.3	0
5711916	5731667	1235.3	0
5731667	5741391	1232.9	0
5741391	5757193	1234.5	0
5757193	5779337	1237.3	0
5779337	5800293	1238.7	0
5800293	5813447	1233.5	0
5813447	5831750	1235.1	0
5831750	5848538	1247.4	0
5848538	5865596	1256.8	0
5865596	5884163	1248.2	0
5884163	5902400	1240.7	0
5902400	5919040	1239.7	0
5919040	5930825	1239.1	0
5930825	5946519	1238.3	0
5946519	5978096	1234.3	0
5978096	5981909	1238.5	0
5981909	6001589	1231.5	0
6001589	6017684	1229.7	0
6017684	6034350	1227.3	0
6034350	6058421	1223.3	0
6058421	6074370	1234.1	0
6074370	6096857	1231.9	0
6096857	6112592	1229.9	0
6112592	6130414	1229.9	0
6130414	6148457	-1.0	0
6148457	6163949	-1.0	0
6163949	6181101	-1.0	0
6181101	6196456	-1.0	0
6196456	6217784	-1.0	0
6217784	6237278	-1.0	0
6237278	6251203	-1.0	0
6251203	6272167	-1.0	0
6272167	6290046	-1.0	0
6290046	6301847	-1.0	0
6301847	6322452	-1.0	0
6322452	6342618	-1.0	0
6342618	6356034	-1.0	0
6356034	6378599	-1.0	0
6378599	6392046	-1.0	0
6392046	6417826	-1.0	0
6417826	6433674	-1.0	0
6433674	6444315	-1.0	0
6444315	6460226	-1.0	0
6460226	6484064	-1.0	0
6484064	6502275	-1.0	0
6502275	6514509	1222.1	0
6514509	6530583	1222.3	0
6530583	6544918	-1.0	0
6544918	6571055	-1.0	0
6571055	6587781	-1.0	0
6587781	6602576	-1.0	0
6602576	6626380	-1.0	0
6626380	6636714	-1.0	0
6636714	6658720	-1.0	0
6658720	6678096	-1.0	0
6678096	6693493	-1.0	0
6693493	6709443	-1.0	0
6709443	6726786	-1.0	0
6726786	6749169	-1.0	0
6749169	6767859	-1.0	0
6767859	6781363	-1.0	0
6781363	6803536	-1.0	0
6803536	6819464	-1.0	0
6819464	6836167	-1.0	0
6836167	6859774	-1.0	0
6859774	6870505	-1.0	0
6870505	6890925	-1.0	0
6890925	6903839	-1.0	0
6903839	6925945	-1.0	0
6925945	6944615	-1.0	0
6944615	6957598	-1.0	0
6957598	6979413	-1.0	0
6979413	6995741	-1.0	0
6995741	7007631	-1.0	0
7007631	7037533	-1.0	0
7037533	7052498	-1.0	0
7052498	7064839	-1.0	0
7064839	7078735	-1.0	0
7078735	7102195	-1.0	0
7102195	7123039	-1.0	0
7123039	7136421	-1.0	0
7136421	7152636	-1.0	0
7152636	7170788	-1.0	0
7170788	7184807	-1.0	0
7184807	7211812	1223.3	0
7211812	7229022	-1.0	0
7229022	7246170	-1.0	0
7246170	7262866	-1.0	0
7262866	7278970	-1.0	0
7278970	7297019	-1.0	0
7297019	7317978	1222.9	0
7317978	7328747	1223.9	0
7328747	7344887	1227.7	0
7344887	7361117	1224.9	0
7361117	7384168	1228.3	0
7384168	7398393	1230.1	0
7398393	7414860	1232.5	0
7414860	7431234	1232.1	0
7431234	7454673	1231.1	0
7454673	7471600	1232.3	0
7471600	7484122	1231.1	0
7484122	7500733	1231.5	0
7500733	7518509	1231.7	0
7518509	7540621	1232.7	0
7540621	7558828	1231.7	0
7558828	7573899	1233.3	0
7573899	7586985	1234.5	0
7586985	7604877	1233.7	0
7604877	7621835	1233.5	0
7621835	7641925	1231.1	0
7641925	7661059	1224.9	0
7661059	7677512	1231.3	0
7677512	7692493	1228.5	0
7692493	7710443	1229.3	0
7710443	7729585	1227.3	0
7729585	7750397	1231.1	0
7750397	7768662	1227.3	0
7768662	7783926	1227.9	0
7783926	7795486	1229.7	0
7795486	7820649	1221.9	0
7820649	7831156	1225.5	0
7831156	7850006	1229.1	0
7850006	7866897	1222.5	0
7866897	7882059	1230.3	0
7882059	7908001	1227.7	0
7908001	7919491	1232.9	0
7919491	7937736	-1.0	0
7937736	7953170	-1.0	0
7953170	7975246	-1.0	0
7975246	7998084	-1.0	0
7998084	8007277	-1.0	0
8007277	8025042	-1.0	0
8025042	8041144	-1.0	0
8041144	8063929	-1.0	0
8063929	8085855	-1.0	0
8085855	8095452	-1.0	0
8095452	8117453	1222.3	0
8117453	8127230	1222.7	0
8127230	8143881	1222.5	0
8143881	8167554	1227.1	0
8167554	8183077	1224.3	0
8183077	8204573	1224.5	0
8204573	8221013	1222.5	0
8221013	8231119	1223.1	0
8231119	8254405	1223.7	0
8254405	8276658	1223.9	0
8276658	8286085	1224.7	0
8286085	8304021	1222.1	0
8304021	8318216	1229.9	0
8318216	8341577	1229.9	0
8341577	8357411	-1.0	0
8357411	8379151	-1.0	0
8379151	8389825	-1.0	0
8389825	8412824	-1.0	0
8412824	8436674	-1.0	0
8436674	8444439	1224.7	0
8444439	8459425	1224.5	0
8459425	8483876	1228.3	0
8483876	8500089	1227.1	0
8500089	8519124	1228.3	0
8519124	8531731	1232.1	0
8531731	8553915	1232.1	0
8553915	8570322	1233.1	0
8570322	8580339	1228.7	0
8580339	8603322	1224.7	0
8603322	8617676	1228.3	0
8617676	8635180	1228.7	0
8635180	8651964	1228.5	0
8651964	8668579	1228.9	0
8668579	8696476	1229.3	0
8696476	8705623	1227.3	0
8705623	8722514	1227.9	0
8722514	8738909	1224.3	0
8738909	8756783	1222.9	0
8756783	8776853	-1.0	0
8776853	8789925	-1.0	0
8789925	8812076	-1.0	0
8812076	8822623	-1.0	0
8822623	8839849	-1.0	0
8839849	8871685	-1.0	0
8871685	8881763	-1.0	0
8881763	8899264	-1.0	0
8899264	8911260	-1.0	0
8911260	8934390	-1.0	0
8934390	8958903	-1.0	0
8958903	8966501	-1.0	0
8966501	8982722	-1.0	0
8982722	9000158	-1.0	0
9000158	9021720	-1.0	0
9021720	9042760	-1.0	0
9042760	9058050	-1.0	0
9058050	9080126	1222.7	0
9080126	9091589	1229.1	0
9091589	9114413	1231.5	0
9114413	9132804	1227.3	0
9132804	9146145	1224.7	0
9146145	9164443	1228.1	0
9164443	9180251	1228.1	0
9180251	9202685	1224.3	0
9202685	9219710	1230.9	0
9219710	9238308	1233.5	0
9238308	9251188	1235.3	0
9251188	9271583	1238.1	0
9271583	9289576	1230.7	0
9289576	9310424	1230.1	0
9310424	9320046	1222.1	0
9320046	9342579	1229.5	0
9342579	9354120	1230.7	0
9354120	9373471	1228.9	0
9373471	9393645	1224.7	0
9393645	9413117	1227.7	0
9413117	9425346	-1.0	0
9425346	9441176	-1.0	0
9441176	9458316	-1.0	0
9458316	9479887	-1.0	0
9479887	9494517	-1.0	0
9494517	9511313	1222.1	0
9511313	9528496	1227.7	0
9528496	9551141	1222.5	0
9551141	9568136	1228.3	0
9568136	9588505	1224.1	0
9588505	9604634	1228.3	0
9604634	9615668	1224.3	0
9615668	9632756	1227.3	0
9632756	9652167	1226.9	0
9652167	9664824	1229.1	0
9664824	9683063	1228.9	0
9683063	9706461	1232.3	0
9706461	9719939	1230.1	0
9719939	9739861	1230.9	0
9739861	9752136	1231.3	0
9752136	9770443	1234.5	0
9770443	9790992	1232.5	0
9790992	9802082	1232.9	0
9802082	9831733	1228.9	0
9831733	9849153	1222.9	0
9849153	9859637	1222.9	0
9859637	9882504	1227.5	0
9882504	9893169	1230.1	0
9893169	9918145	1232.7	0
9918145	9925711	1231.7	0
9925711	9949460	-1.0	0
9949460	9964510	-1.0	0
9964510	9977500	-1.0	0
9977500	10002392	-1.0	0
10002392	10020045	1226.1	0
10020045	10033985	-1.0	0
10033985	10051835	-1.0	0
10051835	10067773	-1.0	0
10067773	10088758	-1.0	0
10088758	10105746	-1.0	0
10105746	10127573	-1.0	0
10127573	10139001	1223.5	0
10139001	10156429	1223.9	0
10156429	10175749	1228.5	0
10175749	10186825	1231.9	0
10186825	10204056	1232.9	0
10204056	10226226	1233.3	0
10226226	10236877	1233.9	0
10236877	10261886	1237.3	0
10261886	10275289	1234.7	0
10275289	10291173	1234.1	0
10291173	10313237	1231.3	0
10313237	10323538	1232.3	0
10323538	10351824	1233.5	0
10351824	10365810	1232.3	0
10365810	10387981	1237.5	0
10387981	10399512	1231.9	0
10399512	10416153	1232.9	0
10416153	10436264	1231.7	0
10436264	10452809	1234.5	0
10452809	10474862	1238.3	0
10474862	10485554	1238.9	0
10485554	10501720	1234.7	0
10501720	10522966	1232.5	0
10522966	10534724	1228.9	0
10534724	10550119	1221.7	0
10550119	10567500	-1.0	0
10567500	10589636	-1.0	0
10589636	10618274	-1.0	0
10618274	10622476	-1.0	0
10622476	10644947	-1.0	0
10644947	10656031	-1.0	0
10656031	10678215	-1.0	0
10678215	10698626	-1.0	0
10698626	10712848	-1.0	0
10712848	10732865	1222.1	0
10732865	10746363	1221.7	0
10746363	10764954	1222.9	0
10764954	10789973	1222.3	0
10789973	10808907	-1.0	0
10808907	10819104	-1.0	0
10819104	10834109	-1.0	0
10834109	10853463	-1.0	0
10853463	10873025	-1.0	0
10873025	10886308	-1.0	0
10886308	10903681	-1.0	0
10903681	10919091	-1.0	0
10919091	10937648	-1.0	0
10937648	10967897	-1.0	0
10967897	10979735	-1.0	0
10979735	10995088	-1.0	0
10995088	11012136	-1.0	0
11012136	11029628	-1.0	0
11029628	11056383	-1.0	0
11056383	11063805	-1.0	0
11063805	11077738	-1.0	0
11077738	11095942	-1.0	0
11095942	11112217	-1.0	0
11112217	11144758	-1.0	0
11144758	11151434	-1.0	0
11151434	11167721	-1.0	0
11167721	11185638	-1.0	0
11185638	11206895	-1.0	0
11206895	11232552	-1.0	0
11232552	11249621	-1.0	0
11249621	11266590	-1.0	0
11266590	11283891	-1.0	0
11283891	11298571	-1.0	0
11298571	11317645	-1.0	0
11317645	11332128	-1.0	0
11332128	11349024	-1.0	0
11349024	11365011	-1.0	0
11365011	11380250	-1.0	0
11380250	11406919	-1.0	0
11406919	11419038	-1.0	0
11419038	11442443	-1.0	0
11442443	11459408	-1.0	0
11459408	11468804	-1.0	0
11468804	11491300	-1.0	0
11491300	11507549	-1.0	0
11507549	11530814	-1.0	0
11530814	11546587	-1.0	0
11546587	11558387	-1.0	0
11558387	11584538	-1.0	0
11584538	11595032	-1.0	0
11595032	11612399	-1.0	0
11612399	11628480	-1.0	0
11628480	11645860	-1.0	0
11645860	11672806	-1.0	0
11672806	11686319	-1.0	0
11686319	11702588	-1.0	0
11702588	11719184	-1.0	0
11719184	11736175	-1.0	0
11736175	11755588	-1.0	0
11755588	11773339	-1.0	0
11773339	11779453	-1.0	0
11779453	11791278	-1.0	0
11791278	11799612	-1.0	0
11799612	11810342	-1.0	0
11810342	11822930	-1.0	0
11822930	11845648	-1.0	0
11845648	11866447	-1.0	0
11866447	11883814	-1.0	0
11883814	11907127	-1.0	0
11907127	11919122	-1.0	0
11919122	11937930	1222.7	0
11937930	11949983	-1.0	0
11949983	11971720	-1.0	0
11971720	11983604	-1.0	0
11983604	12001682	1231.3	0
12001682	12026081	1233.9	0
12026081	12040314	1226.9	0
12040314	12056982	1222.9	0
12056982	12074789	1227.3	0
12074789	12097577	1233.7	0
12097577	12120209	1230.9	0
12120209	12133317	1229.9	0
12133317	12143952	1227.3	0
12143952	12159838	1231.5	0
12159838	12176533	1233.3	0
12176533	12199806	1231.7	0
12199806	12214345	1229.1	0
12214345	12231007	-1.0	0
12231007	12246818	-1.0	0
12246818	12270485	-1.0	0
12270485	12288367	-1.0	0
12288367	12302106	-1.0	0
12302106	12325766	-1.0	0
12325766	12336431	-1.0	0
12336431	12355356	-1.0	0
12355356	12373138	-1.0	0
12373138	12387824	-1.0	0
12387824	12409473	-1.0	0
12409473	12420394	-1.0	0
12420394	12437785	-1.0	0
12437785	12462612	1222.7	0
12462612	12482519	-1.0	0
12482519	12495061	-1.0	0
12495061	12510820	-1.0	0
12510820	12534485	-1.0	0
12534485	12550128	-1.0	0
12550128	12567254	-1.0	0
12567254	12582357	-1.0	0
12582357	12601602	-1.0	0
12601602	12623670	-1.0	0
12623670	12646158	-1.0	0
12646158	12655277	-1.0	0
12655277	12677866	-1.0	0
12677866	12688817	-1.0	0
12688817	12705245	-1.0	0
12705245	12732354	-1.0	0
12732354	12745006	-1.0	0
12745006	12755087	-1.0	0
12755087	12781450	-1.0	0
12781450	12789353	-1.0	0
12789353	12822146	-1.0	0
12822146	12833825	-1.0	0
12833825	12845866	-1.0	0
12845866	12867237	-1.0	0
12867237	12878608	-1.0	0
12878608	12908960	-1.0	0
12908960	12919337	-1.0	0
12919337	12936365	-1.0	0
12936365	12953309	-1.0	0
12953309	12970607	-1.0	0
12970607	12993087	-1.0	0
12993087	13004544	-1.0	0
13004544	13027285	-1.0	0
13027285	13031215	-1.0	0
13031215	13047522	-1.0	0
13047522	13057174	-1.0	0
13057174	13080579	-1.0	0
13080579	13105234	-1.0	0
13105234	13112978	-1.0	0
13112978	13129684	-1.0	0
13129684	13153559	-1.0	0
13153559	13164912	-1.0	0
13164912	13190881	-1.0	0
13190881	13206435	-1.0	0
13206435	13228746	-1.0	0
13228746	13239990	-1.0	0
13239990	13255282	-1.0	0
13255282	13284691	-1.0	0
13284691	13296442	-1.0	0
13296442	13313953	-1.0	0
13313953	13336076	-1.0	0
13336076	13353900	-1.0	0
13353900	13369877	-1.0	0
13369877	13403871	-1.0	0
13403871	13412462	-1.0	0
13412462	13429241	-1.0	0
13429241	13433814	-1.0	0
13433814	13448586	-1.0	0
13448586	13467163	-1.0	0
13467163	13483195	-1.0	0
13483195	13505511	-1.0	0
13505511	13526043	-1.0	0
13526043	13544353	-1.0	0
13544353	13553726	1227.3	0
13553726	13571164	-1.0	0
13571164	13593985	-1.0	0
13593985	13609935	-1.0	0
13609935	13625756	-1.0	0
13625756	13645332	-1.0	0
13645332	13664795	-1.0	0
13664795	13680864	-1.0	0
13680864	13702064	-1.0	0
13702064	13714760	-1.0	0
13714760	13732146	-1.0	0
13732146	13756229	-1.0	0
13756229	13776148	-1.0	0
13776148	13800147	-1.0	0
13800147	13814145	-1.0	0
13814145	13832009	-1.0	0
13832009	13849550	-1.0	0
13849550	13873270	-1.0	0
13873270	13891835	-1.0	0
13891835	13913020	-1.0	0
13913020	13935817	-1.0	0
13935817	13954407	-1.0	0
13954407	13979515	-1.0	0
13979515	13995892	-1.0	0
13995892	14013597	-1.0	0
14013597	14025997	-1.0	0
14025997	14044934	-1.0	0
14044934	14072235	-1.0	0
14072235	14089697	1249.2	0
14089697	14100964	1252.4	0
14100964	14121883	1250.8	0
14121883	14132860	1243.1	0
14132860	14152022	1241.5	0
14152022	14169696	1248.0	0
14169696	14185500	1251.0	0
14185500	14201069	1253.2	0
14201069	14219793	1249.2	0
14219793	14243510	1241.1	0
14243510	14248711	1244.1	0
14248711	14264792	1243.7	0
14264792	14287508	1244.1	0
14287508	14298818	1248.2	0
14298818	14323327	1243.3	0
14323327	14338411	1241.1	0
14338411	14354222	1242.9	0
14354222	14370069	1241.7	0
14370069	14391113	1241.7	0
14391113	14409543	1235.5	0
14409543	14425360	1234.9	0
14425360	14441924	1235.3	0
14441924	14458123	1232.1	0
14458123	14481278	1234.3	0
14481278	14499435	1233.5	0
14499435	14512065	1233.7	0
14512065	14528245	1235.1	0
14528245	14545713	1233.3	0
14545713	14567909	1231.7	0
14567909	14586839	1230.1	0
14586839	14599035	1232.9	0
14599035	14622080	1233.5	0
14622080	14638759	1231.3	0
14638759	14647866	1230.1	0
14647866	14670446	1229.1	0
14670446	14690384	1232.9	0
14690384	14702207	1239.1	0
14702207	14717998	1235.1	0
14717998	14740899	1232.7	0
14740899	14762536	1229.1	0
14762536	14777623	1231.5	0
14777623	14793509	1237.5	0
14793509	14805381	1237.7	0
14805381	14821176	1239.3	0
14821176	14849077	1237.5	0
14849077	14864673	1234.5	0
14864673	14876437	1235.1	0
14876437	14892604	1233.3	0
14892604	14907926	1229.5	0
14907926	14926963	1229.1	0
14926963	14940186	1229.5	0
14940186	14962662	1231.9	0
14962662	14978743	1229.5	0
14978743	14992220	1223.3	0
14992220	15031995	1221.9	0
15031995	15048997	1234.5	0
15048997	15069908	1241.9	0
15069908	15081215	1239.7	0
15081215	15106499	1235.3	0
15106499	15117843	1241.3	0
15117843	15133471	1242.3	0
15133471	15150830	1238.9	0
15150830	15165815	1242.1	0
15165815	15191833	1233.3	0
15191833	15202102	1239.9	0
15202102	15223792	1237.7	0
15223792	15239598	1235.1	0
15239598	15250714	1230.7	0
15250714	15270808	1238.3	0
15270808	15285138	1234.9	0
15285138	15302087	1230.1	0
15302087	15324275	1231.9	0
15324275	15364844	1229.5	0
15364844	15374743	1238.7	0
15374743	15393783	1239.9	0
15393783	15409398	1242.9	0
15409398	15424869	1242.5	0
15424869	15445677	1239.1	0
15445677	15460512	1239.5	0
15460512	15484203	1238.7	0
15484203	15493046	1238.7	0
15493046	15516632	1240.3	0
15516632	15538684	1239.9	0
15538684	15552179	1235.3	0
15552179	15569331	1241.9	0
15569331	15586642	1235.1	0
15586642	15602526	1237.3	0
15602526	15618184	1230.7	0
15618184	15640915	1234.5	0
15640915	15649813	1239.7	0
15649813	15665619	1241.5	0
15665619	15683048	1241.7	0
15683048	15706682	1243.5	0
15706682	15718356	1244.1	0
15718356	15734584	1246.3	0
15734584	15748837	1241.3	0
15748837	15767235	1234.3	0
15767235	15789718	1237.3	0
15789718	15803541	1237.1	0
15803541	15826360	1231.9	0
15826360	15838995	1233.5	0
15838995	15853427	1231.1	0
15853427	15877414	1228.7	0
15877414	15890856	1230.9	0
15890856	15923220	1230.1	0
15923220	15940411	1234.1	0
15940411	15965520	1233.7	0
15965520	15978024	1233.1	0
15978024	15995105	1231.7	0
15995105	16011289	1237.5	0
16011289	16021108	1238.1	0
16021108	16045629	1242.7	0
16045629	16065677	1238.1	0
16065677	16076167	1237.7	0
16076167	16099626	1234.3	0
16099626	16113817	1230.5	0
16113817	16134658	1222.5	0
16134658	16148857	1228.3	0
16148857	16166060	1230.3	0
16166060	16187629	1235.1	0
16187629	16203127	1240.3	0
16203127	16219735	1238.5	0
16219735	16234336	1243.3	0
16234336	16256802	1246.1	0
16256802	16267917	1248.6	0
16267917	16289383	1255.0	0
16289383	16313336	1250.0	0
16313336	16321248	1252.4	0
16321248	16341960	1248.6	0
16341960	16352996	1256.2	0
16352996	16375214	1240.3	0
16375214	16393782	1240.1	0
16393782	16405679	1238.5	0
16405679	16427427	1241.1	0
16427427	16440090	1240.1	0
16440090	16459480	1234.5	0
16459480	16477255	1235.5	0
16477255	16509218	1233.3	0
16509218	16523253	1238.3	0
16523253	16546171	1239.5	0
16546171	16570368	1231.9	0
16570368	16578737	1234.5	0
16578737	16594532	1233.5	0
16594532	16611450	1239.5	0
16611450	16633064	1238.1	0
16633064	16648451	1241.9	0
16648451	16669119	1239.7	0
16669119	16685511	1239.7	0
16685511	16696664	1232.9	0
16696664	16714895	1233.5	0
16714895	16732296	1231.9	0
16732296	16745357	1234.5	0
16745357	16762725	1237.9	0
16762725	16778983	1239.3	0
16778983	16795837	1234.1	0
16795837	16822272	1239.3	0
16822272	16842932	1239.1	0
16842932	16853255	1239.3	0
16853255	16868709	1239.3	0
16868709	16884580	1239.3	0
16884580	16917935	1234.1	0
16917935	16933714	1237.3	0
16933714	16956965	1235.5	0
16956965	16971316	1233.5	0
16971316	16993405	1232.1	0
16993405	17006881	1238.3	0
17006881	17025009	1234.1	0
17025009	17040765	1233.5	0
17040765	17057365	1231.9	0
17057365	17078584	1230.3	0
17078584	17096171	1224.9	0
17096171	17105689	1224.9	0
17105689	17123968	-1.0	0
17123968	17138889	-1.0	0
17138889	17166215	-1.0	0
17166215	17176900	-1.0	0
17176900	17198998	-1.0	0
17198998	17209731	-1.0	0
17209731	17231057	1226.9	0
17231057	17250772	1228.1	0
17250772	17269062	1230.7	0
17269062	17281961	1228.7	0
17281961	17296506	-1.0	0
17296506	17313932	-1.0	0
17313932	17340805	-1.0	0
17340805	17356247	1221.7	0
17356247	17370640	1221.9	0
17370640	17394310	1222.9	0
17394310	17405391	1223.9	0
17405391	17429628	1230.9	0
17429628	17441946	1235.3	0
17441946	17458646	1234.7	0
17458646	17480753	1244.7	0
17480753	17491004	1249.8	0
17491004	17510270	1244.1	0
17510270	17531493	1248.0	0
17531493	17542656	1244.5	0
17542656	17565079	1251.0	0
17565079	17574917	1254.6	0
17574917	17595154	1257.6	0
17595154	17610022	1257.8	0
17610022	17626244	1256.2	0
17626244	17649048	1253.6	0
17649048	17657957	1248.8	0
17657957	17677713	1241.1	0
17677713	17697123	1242.3	0
17697123	17712640	1238.9	0
17712640	17728764	1233.9	0
17728764	17744457	1231.3	0
17744457	17761912	1229.9	0
17761912	17776487	1229.9	0
17776487	17798943	1228.1	0
17798943	17814778	1223.7	0
17814778	17827980	1231.5	0
17827980	17842388	1246.0	0
17842388	17853590	1243.9	0
17853590	17864601	1237.3	0
17864601	17877305	1242.3	0
17877305	17890014	1235.3	0
17890014	17910575	1231.5	0
17910575	17935969	1222.5	0
17935969	17943469	1231.1	0
17943469	17961462	1229.9	0
17961462	17978092	1234.3	0
17978092	17998762	1228.4	0
17998762	18017341	1222.5	0
18017341	18028970	1223.7	0
18028970	18047330	1230.9	0
18047330	18064147	1229.5	0
18064147	18080210	1234.9	0
18080210	18099842	1230.5	0
18099842	18112399	1229.7	0
18112399	18128992	1229.1	0
18128992	18144990	1232.3	0
18144990	18163026	1232.1	0
18163026	18192144	1234.5	0
18192144	18201739	1230.3	0
18201739	18219001	1242.1	0
18219001	18241055	1240.5	0
18241055	18251060	1238.9	0
18251060	18275468	1240.9	0
18275468	18289044	1241.3	0
18289044	18305032	1241.7	0
18305032	18320952	1239.7	0
18320952	18341772	1239.9	0
18341772	18363723	1237.5	0
18363723	18380954	1239.9	0
18380954	18388768	1242.5	0
18388768	18405770	1245.9	0
18405770	18426601	1247.8	0
18426601	18446144	1257.0	0
18446144	18464726	1253.0	0
18464726	18480363	1253.6	0
18480363	18488332	1251.6	0
18488332	18504100	1245.9	0
18504100	18527954	1255.6	0
18527954	18539665	1261.0	0
18539665	18555963	1257.2	0
18555963	18576619	1261.2	0
18576619	18587382	1255.0	0
18587382	18611319	1248.0	0
18611319	18624437	1248.4	0
18624437	18643133	1248.8	0
18643133	18659380	1254.4	0
18659380	18679236	1248.4	0
18679236	18702748	1257.4	0
18702748	18710937	1255.6	0
18710937	18732288	1259.4	0
18732288	18749234	1261.8	0
18749234	18764305	1262.8	0
18764305	18781801	1262.6	0
18781801	18795317	1263.4	0
18795317	18814953	1257.2	0
18814953	18826109	1258.0	0
18826109	18842046	1252.6	0
18842046	18862420	1249.4	0
18862420	18877927	1254.8	0
18877927	18901377	1255.0	0
18901377	18917242	1256.8	0
18917242	18927285	1258.0	0
18927285	18952661	1260.8	0
18952661	18959387	1260.2	0
18959387	18975274	1257.4	0
18975274	18991524	1249.6	0
18991524	19007805	1251.8	0
19007805	19033159	1248.8	0
19033159	19052831	1245.3	0
19052831	19065329	1248.8	0
19065329	19080454	1242.9	0
19080454	19099335	1240.9	0
19099335	19117117	1241.9	0
19117117	19130302	1250.6	0
19130302	19153997	1251.8	0
19153997	19163012	1251.6	0
19163012	19178427	1252.4	0
19178427	19202521	1252.4	0
19202521	19215474	1254.8	0
19215474	19231614	1257.2	0
19231614	19249429	1255.4	0
19249429	19264279	1249.6	0
19264279	19288070	1249.6	0
19288070	19303776	1250.4	0
19303776	19315589	1249.2	0
19315589	19334701	1252.4	0
19334701	19350510	1256.6	0
19350510	19378539	1248.8	0
19378539	19390428	1242.9	0
19390428	19407131	1243.5	0
19407131	19423355	1241.1	0
19423355	19440314	1237.9	0
19440314	19461597	1233.1	0
19461597	19481451	1237.9	0
19481451	19492635	1260.2	0
19492635	19513335	1269.6	0
19513335	19524919	1271.4	0
19524919	19550567	1278.0	0
19550567	19558866	1284.0	0
19558866	19576007	1265.6	0
19576007	19593769	1254.4	0
19593769	19610087	1250.6	0
19610087	19629774	1253.8	0
19629774	19643656	1257.0	0
19643656	19657901	1254.6	0
19657901	19679629	1254.6	0
19679629	19694491	1255.8	0
19694491	19714683	1254.2	0
19714683	19727632	1258.4	0
19727632	19744022	1260.6	0
19744022	19762935	1259.4	0
19762935	19774519	1258.2	0
19774519	19799770	1254.8	0
19799770	19815003	1252.0	0
19815003	19832449	1237.5	0
19832449	19847899	1242.1	0
19847899	19863651	1244.7	0
19863651	19884263	1250.0	0
19884263	19899260	1252.6	0
19899260	19917517	1252.4	0
19917517	19938515	1250.6	0
19938515	19948034	1263.4	0
19948034	19970402	1249.0	0
19970402	19980697	1252.0	0
19980697	19996620	1252.4	0
19996620	20012808	1257.6	0
20012808	20028358	1250.4	0
20028358	20052011	1248.4	0
20052011	20065478	1256.8	0
20065478	20080587	1256.0	0
20080587	20096530	1260.6	0
20096530	20119500	1263.6	0
20119500	20136895	1257.8	0
20136895	20153714	1249.6	0
20153714	20175251	1251.8	0
20175251	20185833	1262.0	0
20185833	20202061	1258.4	0
20202061	20223464	1257.4	0
20223464	20239328	1257.8	0
20239328	20255228	1258.6	0
20255228	20271515	1258.8	0
20271515	20287051	1260.0	0
20287051	20308928	1260.8	0
20308928	20324087	1257.0	0
20324087	20347140	1256.0	0
20347140	20360832	1252.4	0
20360832	20372050	1257.2	0
20372050	20391702	1259.6	0
20391702	20411062	1258.8	0
20411062	20421216	1259.2	0
20421216	20437590	1257.2	0
20437590	20457907	1252.4	0
20457907	20482612	1250.0	0
20482612	20493259	1242.1	0
20493259	20516801	1243.3	0
20516801	20525015	1249.0	0
20525015	20546522	1244.3	0
20546522	20570051	1242.9	0
20570051	20578389	1243.1	0
20578389	20596659	1245.3	0
20596659	20612111	1242.5	0
20612111	20627260	1240.9	0
20627260	20647523	1238.7	0
20647523	20660212	1241.1	0
20660212	20683628	1238.7	0
20683628	20698940	1243.1	0
20698940	20708229	1244.9	0
20708229	20735600	1245.1	0
20735600	20748291	1242.1	0
20748291	20770891	1242.5	0
20770891	20782000	1240.9	0
20782000	20797943	1241.3	0
20797943	20819418	1238.1	0
20819418	20835185	1245.5	0
20835185	20850363	1247.6	0
20850363	20874287	1248.8	0
20874287	20889853	1242.7	0
20889853	20908026	1241.3	0
20908026	20921149	1256.2	0
20921149	20941775	1249.0	0
20941775	20953732	1252.6	0
20953732	20969563	1253.0	0
20969563	20990635	1248.6	0
20990635	21011731	1247.8	0
21011731	21022041	1251.4	0
21022041	21038377	1253.2	0
21038377	21053481	1242.5	0
21053481	21072928	1240.9	0
21072928	21088791	1230.9	0
21088791	21104646	1233.1	0
21104646	21120058	1239.3	0
21120058	21135917	1239.5	0
21135917	21160209	1239.7	0
21160209	21177691	1241.9	0
21177691	21192488	1238.1	0
21192488	21208883	1238.9	0
21208883	21227641	1234.9	0
21227641	21247137	1246.1	0
21247137	21268136	1244.3	0
21268136	21279265	1241.3	0
21279265	21301306	1239.5	0
21301306	21313534	1238.5	0
21313534	21334511	1242.9	0
21334511	21352782	1327.4	0
21352782	21362374	1330.2	0
21362374	21382133	1325.8	0
21382133	21393824	1329.0	0
21393824	21411326	1321.2	0
21411326	21429036	1296.7	0
21429036	21439735	1279.6	0
21439735	21456383	1267.2	0
21456383	21472660	1263.0	0
21472660	21500062	1255.6	0
21500062	21510895	1250.8	0
21510895	21529212	1239.1	0
21529212	21545850	1243.3	0
21545850	21562150	1234.9	0
21562150	21582921	1233.1	0
21582921	21597427	1235.3	0
21597427	21614989	1238.9	0
21614989	21632297	1237.5	0
21632297	21649133	1239.5	0
21649133	21668765	1242.3	0
21668765	21680961	1241.5	0
21680961	21697205	1241.5	0
21697205	21715989	1240.5	0
21715989	21760033	1240.9	0
21760033	21765995	1239.7	0
21765995	21782813	1237.1	0
21782813	21800114	1233.9	0
21800114	21816026	1238.7	0
21816026	21839943	1235.1	0
21839943	21855844	1244.3	0
21855844	21872060	1249.2	0
21872060	21894328	1243.1	0
21894328	21903400	1242.5	0
21903400	21925986	1234.9	0
21925986	21942465	1234.7	0
21942465	21958002	1234.3	0
21958002	21973906	1231.9	0
21973906	21989862	1237.5	0
21989862	22010953	1238.7	0
22010953	22026351	1241.5	0
22026351	22042486	1233.9	0
22042486	22061219	1233.5	0
22061219	22076511	1233.5	0
22076511	22102244	1238.5	0
22102244	22112234	1240.7	0
22112234	22128607	1239.3	0
22128607	22150478	1237.3	0
22150478	22166048	1234.3	0
22166048	22185205	1234.3	0
22185205	22204026	1232.3	0
22204026	22220768	1233.5	0
22220768	22237889	1231.1	0
22237889	22253816	1229.9	0
22253816	22276181	1238.9	0
22276181	22284524	1238.1	0
22284524	22301473	1239.9	0
22301473	22317387	1239.3	0
22317387	22340528	1240.3	0
22340528	22357607	1237.9	0
22357607	22371223	1233.7	0
22371223	22387936	1233.7	0
22387936	22404858	1230.3	0
22404858	22420845	1232.9	0
22420845	22441435	1232.5	0
22441435	22461999	1232.5	0
22461999	22473163	1239.5	0
22473163	22488753	1255.6	0
22488753	22505954	1261.8	0
22505954	22530422	1252.8	0
22530422	22539834	1255.6	0
22539834	22553325	1260.8	0
22553325	22577898	1241.9	0
22577898	22587780	1228.7	0
22587780	22618775	-1.0	0
22618775	22629734	-1.0	0
22629734	22647793	-1.0	0
22647793	22667919	-1.0	0
22667919	22685359	-1.0	0
22685359	22710991	1252.2	0
22710991	22719966	1325.4	0
22719966	22738601	-1.0	0
22738601	22748675	-1.0	0
22748675	22762929	-1.0	0
22762929	22780658	-1.0	0
22780658	22797695	1308.5	0
22797695	22812682	1246.5	0
22812682	22831165	1242.9	0
22831165	22845113	-1.0	0
22845113	22865924	-1.0	0
22865924	22880075	-1.0	0
22880075	22893689	-1.0	0
22893689	22907249	-1.0	0
22907249	22920109	-1.0	0
22920109	22937079	-1.0	0
22937079	22950166	-1.0	0
22950166	22963740	-1.0	0
22963740	22984133	-1.0	0
22984133	22998636	-1.0	0
22998636	23019036	-1.0	0
23019036	23024884	-1.0	0
23024884	23038750	-1.0	0
23038750	23043262	-1.0	0
23043262	23055843	-1.0	0
23055843	23068284	-1.0	0
23068284	23078044	-1.0	0
23078044	23094545	-1.0	0
23094545	23109474	-1.0	0
23109474	23120422	-1.0	0
23120422	23140133	-1.0	0
23140133	23153897	-1.0	0
23153897	23171192	-1.0	0
23171192	23181849	-1.0	0
23181849	23194323	-1.0	0
23194323	23217316	-1.0	0
23217316	23231480	-1.0	0
23231480	23240930	-1.0	0
23240930	23258903	-1.0	0
23258903	23269224	-1.0	0
23269224	23287816	-1.0	0
23287816	23306802	-1.0	0
23306802	23317419	-1.0	0
23317419	23336113	-1.0	0
23336113	23350494	1376.8	0
23350494	23369364	1377.8	0
23369364	23379202	1378.5	0
23379202	23398512	-1.0	0
23398512	23412681	-1.0	0
23412681	23427152	-1.0	0
23427152	23444356	1355.3	0
23444356	23461190	1355.9	0
23461190	23469498	1347.7	0
23469498	23484198	1340.1	0
23484198	23506559	1345.7	0
23506559	23524121	1295.9	0
23524121	23541650	1287.8	0
23541650	23557375	1283.0	0
23557375	23573332	1270.8	0
23573332	23585279	1233.3	0
23585279	23614454	1251.5	0
23614454	23625220	1269.8	0
23625220	23641348	1251.6	0
23641348	23652170	1241.3	0
23652170	23660009	-1.0	0
23660009	23679966	-1.0	0
23679966	23697420	-1.0	0
23697420	23722078	-1.0	0
23722078	23732193	-1.0	0
23732193	23749498	-1.0	0
23749498	23773236	-1.0	0
23773236	23787360	-1.0	0
23787360	23805029	-1.0	0
23805029	23826478	1222.7	0
23826478	23844708	1232.7	0
23844708	23860584	1242.3	0
23860584	23877678	1243.1	0
23877678	23890033	1248.8	0
23890033	23906936	1239.3	0
23906936	23922208	1243.9	0
23922208	23947575	1258.2	0
23947575	23956871	1263.0	0
23956871	23978776	1250.0	0
23978776	23995337	1248.4	0
23995337	24007742	1238.5	0
24007742	24022593	1240.7	0
24022593	24031584	1237.3	0
24031584	24041322	-1.0	0
24041322	24057697	-1.0	0
24057697	24072268	-1.0	0
24072268	24090336	-1.0	0
24090336	24111560	-1.0	0
24111560	24121218	1224.5	0
24121218	24143578	1242.3	0
24143578	24159186	1244.1	0
24159186	24181797	1254.2	0
24181797	24200095	1244.3	0
24200095	24218457	1243.9	0
24218457	24229952	1271.0	0
24229952	24245191	1266.2	0
24245191	24262493	1269.0	0
24262493	24284272	1274.4	0
24284272	24293716	1280.2	0
24293716	24311063	1292.9	0
24311063	24331011	1301.5	0
24331011	24353950	1307.7	0
24353950	24360605	1300.5	0
24360605	24380543	1295.3	0
24380543	24396198	1296.7	0
24396198	24407623	1295.7	0
24407623	24434581	1295.5	0
24434581	24442201	1295.7	0
24442201	24455809	1296.9	0
24455809	24472480	1303.5	0
24472480	24488629	1308.1	0
24488629	24527060	1313.8	0
24527060	24536812	1318.2	0
24536812	24551955	1316.0	0
24551955	24567398	1317.2	0
24567398	24595532	1307.9	0
24595532	24605216	1272.0	0
24605216	24624263	1277.0	0
24624263	24640087	1277.2	0
24640087	24652089	1275.6	0
24652089	24670730	1267.8	0
24670730	24691945	1268.4	0
24691945	24708559	1261.4	0
24708559	24720534	1258.8	0
24720534	99999999	1260.4	0
