#Processing Run 48359 for polarization tables
#The run table thinks this was a DPARAL2 run
#Corresponding AMO file is :/home/clasg8/rootbeer2.1/dat/pol/amo_tesc_48355.dat
#Coherent Edge positions for TESC events follow:
#Event	Coh Edge	PolPlane(PARA=0,PERP=1,AMO=2,CHANGING=3)
0	6660	2089.8	0
6660	22633	2089.6	0
22633	33519	2089.6	0
33519	52149	2089.2	0
52149	60161	2089.2	0
60161	73150	2089.0	0
73150	92895	2088.2	0
92895	111512	2089.6	0
111512	124804	2088.4	0
124804	135309	2086.6	0
135309	148578	2087.2	0
148578	165339	2087.6	0
165339	174619	2087.0	0
174619	186394	2086.6	0
186394	199748	2084.3	0
199748	214020	2087.8	0
214020	233282	2088.2	0
233282	251085	2089.0	0
251085	257752	2086.6	0
257752	273658	2101.1	0
273658	283897	2106.7	0
283897	302132	2106.3	0
302132	314503	2097.5	0
314503	325949	2097.5	0
325949	338910	2096.1	0
338910	352280	2093.3	0
352280	371427	2091.6	0
371427	382341	2097.3	0
382341	399224	2093.7	0
399224	412472	2091.6	0
412472	425817	2090.2	0
425817	446158	2090.4	0
446158	452898	2090.2	0
452898	465201	2088.4	0
465201	479083	2088.8	0
479083	494253	2089.6	0
494253	512664	2089.8	0
512664	522523	2091.6	0
522523	539385	2090.4	0
539385	553040	2090.0	0
553040	560174	2090.4	0
560174	586760	2089.0	0
586760	595915	2088.6	0
595915	607357	2088.0	0
607357	620406	2089.2	0
620406	630998	2089.4	0
630998	654327	2088.2	0
654327	661123	2087.6	0
661123	678269	2089.2	0
678269	690562	2088.2	0
690562	700104	2087.2	0
700104	716507	2089.8	0
716507	733964	2097.7	0
733964	743394	2099.3	0
743394	761445	2100.1	0
761445	774162	2100.9	0
774162	788070	2099.9	0
788070	799149	2096.7	0
799149	813407	2094.3	0
813407	828470	2094.1	0
828470	840888	2094.1	0
840888	855695	2094.7	0
855695	868213	2090.8	0
868213	887368	2091.4	0
887368	895113	2091.0	0
895113	913819	2090.6	0
913819	929257	2090.6	0
929257	940016	2090.4	0
940016	950577	2090.2	0
950577	968406	2091.4	0
968406	979164	2093.5	0
979164	995200	2106.1	0
995200	1011611	2101.3	0
1011611	1021084	2106.5	0
1021084	1034926	2107.1	0
1034926	1047753	2105.1	0
1047753	1064507	2107.9	0
1064507	1074753	2108.5	0
1074753	1093849	2109.3	0
1093849	1102832	2108.9	0
1102832	1114308	2113.6	0
1114308	1133490	2108.3	0
1133490	1145876	2108.7	0
1145876	1157938	2115.2	0
1157938	1171187	2115.2	0
1171187	1184697	2119.0	0
1184697	1201420	2119.2	0
1201420	1213497	2118.8	0
1213497	1226711	2118.8	0
1226711	1243792	2118.8	0
1243792	1253202	2122.3	0
1253202	1272205	2121.5	0
1272205	1281049	2116.0	0
1281049	1294321	2117.0	0
1294321	1308404	2115.4	0
1308404	1325879	2108.5	0
1325879	1342616	2104.9	0
1342616	1353854	2088.2	0
1353854	1365720	2083.9	0
1365720	1379228	2086.0	0
1379228	1390821	2083.7	0
1390821	1408391	2083.7	0
1408391	1418699	2086.8	0
1418699	1438665	2087.0	0
1438665	1450248	2087.8	0
1450248	1464725	2082.7	0
1464725	1479045	2087.4	0
1479045	1488462	2101.1	0
1488462	1500866	2099.9	0
1500866	1514213	2090.0	0
1514213	1532638	2088.0	0
1532638	1546174	2083.3	0
1546174	1559525	2084.1	0
1559525	1571327	2082.5	0
1571327	1584714	2091.2	0
1584714	1599981	2090.0	0
1599981	1613756	2082.3	0
1613756	1633663	2080.1	0
1633663	1644706	2079.7	0
1644706	1656194	2080.5	0
1656194	1667326	2080.3	0
1667326	1693399	2080.1	0
1693399	1698829	2083.3	0
1698829	1714549	2080.1	0
1714549	1725938	2080.1	0
1725938	1739675	2081.5	0
1739675	1760616	2079.7	0
1760616	1767864	2083.3	0
1767864	1784394	2080.3	0
1784394	1794352	2076.5	0
1794352	1807942	2080.3	0
1807942	1825606	2080.3	0
1825606	1841124	2080.3	0
1841124	1850170	2088.6	0
1850170	1863805	2087.2	0
1863805	1874680	2087.2	0
1874680	1900007	2083.5	0
1900007	1906261	2082.9	0
1906261	1919522	2087.4	0
1919522	1937789	2083.7	0
1937789	1946467	2081.7	0
1946467	1969029	2082.5	0
1969029	1974796	2083.1	0
1974796	1993961	2082.9	0
1993961	2001490	2082.5	0
2001490	2014941	2082.1	0
2014941	2038394	2082.3	0
2038394	2045879	2082.5	0
2045879	2060290	2081.5	0
2060290	2074003	2082.9	0
2074003	2086834	2083.1	0
2086834	2102181	2083.9	0
2102181	2118701	2086.6	0
2118701	2127643	2089.8	0
2127643	2142216	2087.8	0
2142216	2155704	2086.4	0
2155704	2174360	2086.4	0
2174360	2187892	2086.2	0
2187892	2199243	2089.8	0
2199243	134	2099.1	0
134	2223238	2093.3	0
2223238	2241610	2088.0	0
2241610	2256035	2088.0	0
2256035	2269106	2087.8	0
2269106	2282323	2087.8	0
2282323	2294466	2088.2	0
2294466	2315700	2087.4	0
2315700	2322448	2088.4	0
2322448	2335638	2087.6	0
2335638	2349339	2087.0	0
2349339	2362524	2087.2	0
2362524	2382664	2088.6	0
2382664	2394881	2087.6	0
2394881	2406653	2088.6	0
2406653	2419315	2088.6	0
2419315	2436285	2088.2	0
2436285	2459162	2089.0	0
2459162	2466604	2089.2	0
2466604	2480844	2089.0	0
2480844	2491787	2089.6	0
2491787	2523480	2089.8	0
2523480	2532555	2089.0	0
2532555	2549666	2089.2	0
2549666	2556364	2089.2	0
2556364	2576181	2090.2	0
2576181	2596559	2089.4	0
2596559	2606885	2088.0	0
2606885	2614980	2087.6	0
2614980	2628485	2089.6	0
2628485	2641473	2089.0	0
2641473	2658693	2089.0	0
2658693	2669611	2089.2	0
2669611	2682811	2087.8	0
2682811	2702949	2089.4	0
2702949	2709675	2095.3	0
2709675	2728565	2100.3	0
2728565	2743295	2104.7	0
2743295	2751852	2104.5	0
2751852	2765149	2104.5	0
2765149	2780034	2104.7	0
2780034	2795605	2106.3	0
2795605	2808901	2104.3	0
2808901	2817913	2104.3	0
2817913	2831469	2105.7	0
2831469	2844214	2105.3	0
2844214	2868254	2114.6	0
2868254	2881218	2110.3	0
2881218	2891205	2110.3	0
2891205	2904010	2108.5	0
2904010	2917544	2099.9	0
2917544	2935994	2090.6	0
2935994	2949856	2088.0	0
2949856	2960117	2086.2	0
2960117	2975085	2088.2	0
2975085	2987701	2084.3	0
2987701	3008187	2087.8	0
3008187	3022144	2094.7	0
3022144	3036784	2107.1	0
3036784	3048945	2109.7	0
3048945	3057686	2107.5	0
3057686	3076292	2108.5	0
3076292	3086242	2108.7	0
3086242	3102272	2106.7	0
3102272	3117211	2107.9	0
3117211	3128485	2104.1	0
3128485	3147378	2108.9	0
3147378	3156217	2109.3	0
3156217	3171743	2114.8	0
3171743	3184053	2114.0	0
3184053	3198285	2118.0	0
3198285	3212339	2124.1	0
3212339	3223151	2119.0	0
3223151	3236052	2115.4	0
3236052	3253823	2116.8	0
3253823	3266743	2116.0	0
3266743	3281495	2119.6	0
3281495	3291128	2119.2	0
3291128	3321520	2114.2	0
3321520	3335217	2098.5	0
3335217	3352334	2091.0	0
3352334	3361903	2089.8	0
3361903	3379428	2093.3	0
3379428	3393301	2093.9	0
3393301	3402381	2101.1	0
3402381	3425893	2099.7	0
3425893	3433294	2105.3	0
3433294	3448191	2107.1	0
3448191	3462806	2105.9	0
3462806	3471891	2104.9	0
3471891	3489787	2094.5	0
3489787	3503412	2086.4	0
3503412	3521236	2081.3	0
3521236	3532539	2081.5	0
3532539	3543743	2081.1	0
3543743	3564648	2080.9	0
3564648	3574095	2079.7	0
3574095	3586420	2076.3	0
3586420	3599899	2075.9	0
3599899	3613052	2097.9	0
3613052	3632294	2096.7	0
3632294	3643732	2091.6	0
3643732	3659817	2081.3	0
3659817	3670909	2080.1	0
3670909	3687023	2075.9	0
3687023	3705958	2075.5	0
3705958	3716852	2075.9	0
3716852	3726079	2079.7	0
3726079	3743443	2074.3	0
3743443	3752219	2073.1	0
3752219	3776802	2073.9	0
3776802	3786144	2073.5	0
3786144	3799704	2073.1	0
3799704	3813324	2074.5	0
3813324	3824422	2080.7	0
3824422	3844711	2074.1	0
3844711	3854366	2076.3	0
3854366	3866373	2074.7	0
3866373	3881662	2075.9	0
3881662	3895335	2076.5	0
3895335	3915852	2076.3	0
3915852	3922686	2081.7	0
3922686	3942367	2080.5	0
3942367	3955885	2079.7	0
3955885	3963621	2081.5	0
3963621	3984059	2081.9	0
3984059	3995031	2080.7	0
3995031	4009563	2081.5	0
4009563	4023017	2082.1	0
4023017	4036258	2080.7	0
4036258	4058530	2080.5	0
4058530	4065247	2080.7	0
4065247	4082215	2081.9	0
4082215	4092132	2081.3	0
4092132	4105698	2089.8	0
4105698	4124499	2109.7	0
4124499	4134705	2113.4	0
4134705	4147516	2115.0	0
4147516	4163830	2113.6	0
4163830	4178503	2107.3	0
4178503	4191644	2106.9	0
4191644	4203440	2106.9	0
4203440	4218045	2106.1	0
4218045	4231473	2090.6	0
4231473	4244856	2087.0	0
4244856	4265069	2084.1	0
4265069	4271546	2082.1	0
4271546	4291760	2081.5	0
4291760	4303808	2081.5	0
4303808	4313774	2082.5	0
4313774	4336570	2082.7	0
4336570	4342191	2081.1	0
4342191	4355654	2080.5	0
4355654	4372338	2081.7	0
4372338	4382681	2081.1	0
4382681	4399066	2082.9	0
4399066	4408024	2084.5	0
4408024	4427224	2084.3	0
4427224	4436623	2084.3	0
4436623	4449529	2083.7	0
4449529	4473452	2084.1	0
4473452	4482179	2084.3	0
4482179	4494760	2083.3	0
4494760	4513613	2083.9	0
4513613	4520117	2086.2	0
4520117	4543053	2084.3	0
4543053	4550867	2086.2	0
4550867	4568311	2086.2	0
4568311	4579874	2086.6	0
4579874	4595767	2083.9	0
4595767	4610964	2084.1	0
4610964	4627276	2083.3	0
4627276	4638559	2084.3	0
4638559	4648661	2085.8	0
4648661	4662139	2086.8	0
4662139	4680633	2086.4	0
4680633	4692768	2086.8	0
4692768	4706016	2086.8	0
4706016	4719552	2086.6	0
4719552	4736285	2086.6	0
4736285	4749845	2086.2	0
4749845	4761356	2087.4	0
4761356	4780186	2087.2	0
4780186	4788955	2086.8	0
4788955	4803606	2086.8	0
4803606	4819233	2087.6	0
4819233	4835716	2088.0	0
4835716	4849499	2086.8	0
4849499	4863271	2087.8	0
4863271	4875063	2088.4	0
4875063	4889853	2083.7	0
4889853	4901676	2083.5	0
4901676	4917178	2086.2	0
4917178	4930532	2087.8	0
4930532	4939180	2088.4	0
4939180	4956267	2087.6	0
4956267	4975562	2086.6	0
4975562	4989409	2087.2	0
4989409	5002843	2083.9	0
5002843	5009531	2082.9	0
5009531	5029611	2082.7	0
5029611	5038925	2084.3	0
5038925	5055956	2086.6	0
5055956	5063855	2086.8	0
5063855	5082732	2086.4	0
5082732	5102773	2086.6	0
5102773	5109931	2083.9	0
5109931	5127090	2083.1	0
5127090	5135402	2083.9	0
5135402	5149093	2083.5	0
5149093	5165148	2086.6	0
5165148	5184777	2083.9	0
5184777	5194612	2086.8	0
5194612	5205098	2088.2	0
5205098	5218595	2087.6	0
5218595	5239034	2084.5	0
5239034	5251358	2088.2	0
5251358	5265122	2088.6	0
5265122	5280111	2089.0	0
5280111	5289681	2087.6	0
5289681	5313413	2087.2	0
5313413	5321122	2086.8	0
5321122	5334740	2086.8	0
5334740	5348046	2088.0	0
5348046	5364745	2088.2	0
5364745	5382214	2088.4	0
5382214	5391919	2088.0	0
5391919	5409090	2088.0	0
5409090	5416235	2086.6	0
5416235	5430038	2086.8	0
5430038	5454720	2086.6	0
5454720	5465618	2087.6	0
5465618	5476080	2086.2	0
5476080	5487021	2086.6	0
5487021	5502545	2086.8	0
5502545	5522684	2084.1	0
5522684	5534195	2083.1	0
5534195	5542938	2083.1	0
5542938	5556822	2095.5	0
5556822	5570232	2095.1	0
5570232	5588692	2090.8	0
5588692	5597419	2090.0	0
5597419	5609899	2090.6	0
5609899	5624377	2091.0	0
5624377	5641451	2089.8	0
5641451	5664037	2089.8	0
5664037	5676517	2088.0	0
5676517	5684158	2089.2	0
5684158	5700338	2089.6	0
5700338	5710610	2089.2	0
5710610	5729350	2089.8	0
5729350	5743585	2089.6	0
5743585	5750867	2088.6	0
5750867	5764306	2088.6	0
5764306	5784666	2088.8	0
5784666	5801394	2089.2	0
5801394	5811670	2089.4	0
5811670	5824028	2089.0	0
5824028	5837715	2088.6	0
5837715	5851289	2089.4	0
5851289	5873345	2089.6	0
5873345	5879274	2089.8	0
5879274	5892495	2088.4	0
5892495	5912420	2088.2	0
5912420	5919590	2088.6	0
5919590	5939978	2089.2	0
5939978	5950037	2089.6	0
5950037	5963537	2089.0	0
5963537	5981433	2084.5	0
5981433	5995088	2087.0	0
5995088	6008793	2087.8	0
6008793	6021067	2088.2	0
6021067	6034529	2088.6	0
6034529	6048152	2089.2	0
6048152	6061154	2087.6	0
6061154	6081941	2088.0	0
6081941	6089022	2088.4	0
6089022	6108935	2088.0	0
6108935	6118014	2088.2	0
6118014	6136124	2090.0	0
6136124	6149753	2090.0	0
6149753	6162183	2089.0	0
6162183	6175717	2088.0	0
6175717	6188363	2089.4	0
6188363	6202417	2088.2	0
6202417	6221409	2087.8	0
6221409	6235969	2087.6	0
6235969	6245477	2090.2	0
6245477	6258592	2089.0	0
6258592	6272306	2088.4	0
6272306	6293228	2090.0	0
6293228	6301116	2090.0	0
6301116	6314764	2088.8	0
6314764	6331947	2088.6	0
6331947	6345791	2089.0	0
6345791	6358665	2089.4	0
6358665	6375021	2088.0	0
6375021	6385079	2089.0	0
6385079	6398725	2089.4	0
6398725	6412346	2089.8	0
6412346	6430122	2089.2	0
6430122	6442088	2089.8	0
6442088	6455759	2088.0	0
6455759	6469307	2088.8	0
6469307	6483424	2088.4	0
6483424	6500294	2088.6	0
6500294	6513188	2088.0	0
6513188	6524808	2088.6	0
6524808	6541445	2089.0	0
6541445	6553038	2088.6	0
6553038	6575255	2088.0	0
6575255	6582374	2087.8	0
6582374	6595872	2087.8	0
6595872	6608902	2087.4	0
6608902	6622435	2087.2	0
6622435	6640860	2091.2	0
6640860	6651997	2098.7	0
6651997	6665323	2094.7	0
6665323	6682624	2091.6	0
6682624	6692912	2089.8	0
6692912	6709559	2089.4	0
6709559	6723065	2089.4	0
6723065	6736485	2093.3	0
6736485	6749937	2091.4	0
6749937	6763438	2089.6	0
6763438	6771016	2088.0	0
6771016	6780531	2082.3	0
6780531	6796005	2075.5	0
6796005	6813605	2080.1	0
6813605	6826481	2080.3	0
6826481	6847434	2081.5	0
6847434	6854127	2083.3	0
6854127	6867252	2083.3	0
6867252	6880461	2082.7	0
6880461	6893397	2083.7	0
6893397	6908122	2083.3	0
6908122	6919954	2086.6	0
6919954	6939648	2086.6	0
6939648	6946516	2087.6	0
6946516	6962292	2086.6	0
6962292	6980640	2087.2	0
6980640	6993744	2088.4	0
6993744	7006592	2087.6	0
7006592	7019802	2088.2	0
7019802	7035724	2089.0	0
7035724	7051790	2088.8	0
7051790	7061770	2088.6	0
7061770	7080801	2088.4	0
7080801	7094490	2087.0	0
7094490	7103168	2087.4	0
7103168	7119612	2088.2	0
7119612	7136068	2088.6	0
7136068	7145382	2088.2	0
7145382	7158563	2088.0	0
7158563	7175439	2089.6	0
7175439	7190177	2088.6	0
7190177	7201717	2088.6	0
7201717	7214837	2088.8	0
7214837	7228068	2089.2	0
7228068	7240368	2089.0	0
7240368	7258369	2088.4	0
7258369	7274236	2089.6	0
7274236	7284479	2089.2	0
7284479	7302562	2089.6	0
7302562	7309571	2088.2	0
7309571	7333494	2088.8	0
7333494	7341928	2088.0	0
7341928	7357979	2089.4	0
7357979	7367601	2089.0	0
7367601	7380250	2089.2	0
7380250	7398227	2089.0	0
7398227	7412807	2089.4	0
7412807	7427019	2090.0	0
7427019	7444999	2088.6	0
7444999	7451662	2089.2	0
7451662	7473486	2089.0	0
7473486	7481852	2088.4	0
7481852	7495486	2088.0	0
7495486	7508680	2087.4	0
7508680	7525852	2087.4	0
7525852	7540684	2087.4	0
7540684	7553128	2088.0	0
7553128	7566077	2089.2	0
7566077	7580789	2088.0	0
7580789	7591946	2088.0	0
7591946	7613530	2087.4	0
7613530	7620685	2087.8	0
7620685	7639301	2088.0	0
7639301	7648141	2087.6	0
7648141	7660683	2088.4	0
7660683	7688690	2089.2	0
7688690	7695022	2097.5	0
7695022	7708045	2099.7	0
7708045	7728110	2104.7	0
7728110	7748452	2107.9	0
7748452	7761784	2114.8	0
7761784	7775289	2117.2	0
7775289	7788622	2118.0	0
7788622	7801417	2118.0	0
7801417	7816918	2119.0	0
7816918	7830641	2118.8	0
7830641	7843921	2121.7	0
7843921	7861964	2119.4	0
7861964	7870592	2119.6	0
7870592	7891434	2119.4	0
7891434	7901970	2119.2	0
7901970	7915266	2119.2	0
7915266	7931407	2118.2	0
7931407	7942060	2119.4	0
7942060	7963379	2122.7	0
7963379	7968957	2119.4	0
7968957	7988767	2119.6	0
7988767	7995386	2118.8	0
7995386	8008567	2118.8	0
8008567	8030265	2123.1	0
8030265	8038638	2122.5	0
8038638	8051740	2123.1	0
8051740	8063880	2122.5	0
8063880	8081724	2122.9	0
8081724	8095011	2123.3	0
8095011	8121657	2122.1	0
8121657	8134029	2119.4	0
8134029	8146944	2118.2	0
8146944	8163796	2116.8	0
8163796	8176492	2116.2	0
8176492	8195349	2116.2	0
8195349	8208489	2117.2	0
8208489	8216381	2116.4	0
8216381	8237909	2115.2	0
8237909	8245354	2115.8	0
8245354	8260747	2114.2	0
8260747	8270018	2105.5	0
8270018	8284885	2098.7	0
8284885	8305951	2101.1	0
8305951	8320226	2105.7	0
8320226	8328928	2107.1	0
8328928	8346191	2108.1	0
8346191	8359103	2109.3	0
8359103	8373789	2109.7	0
8373789	8384982	2108.5	0
8384982	8397870	2109.3	0
8397870	8410886	2109.1	0
8410886	8423731	2109.1	0
8423731	8438221	2109.9	0
8438221	8450291	2110.7	0
8450291	8464922	2109.9	0
8464922	8478394	2108.7	0
8478394	8491622	2109.7	0
8491622	8510035	2108.3	0
8510035	8520820	2107.7	0
8520820	8534218	2108.5	0
8534218	8548429	2108.9	0
8548429	8561389	2107.7	0
8561389	8577878	2107.7	0
8577878	8595265	2108.1	0
8595265	8608104	2108.5	0
8608104	8622893	2108.5	0
8622893	8631976	2107.5	0
8631976	8652265	2107.3	0
8652265	8658607	2107.9	0
8658607	8671788	2108.7	0
8671788	8687273	2108.3	0
8687273	8699033	2108.3	0
8699033	8726527	2107.3	0
8726527	8731270	2107.3	0
8731270	8745978	2106.3	0
8745978	8758961	2106.9	0
8758961	8774703	2107.7	0
8774703	8790957	2106.1	0
8790957	8800506	2107.7	0
8800506	8814000	2107.7	0
8814000	8830986	2106.9	0
8830986	8846712	2107.7	0
8846712	8860683	2108.1	0
8860683	8870322	2107.9	0
8870322	8884200	2107.3	0
8884200	8897096	2108.1	0
8897096	8911299	2107.3	0
8911299	8928396	2107.3	0
8928396	8941360	2107.3	0
8941360	8954708	2108.7	0
8954708	8969007	2107.1	0
8969007	8986092	2106.9	0
8986092	8998573	2106.5	0
8998573	9008900	2107.9	0
9008900	9027878	2107.9	0
9027878	9043609	2107.5	0
9043609	9050827	2106.7	0
9050827	9067681	2106.9	0
9067681	9081364	2107.7	0
9081364	9091753	2107.1	0
9091753	9106203	2107.5	0
9106203	9119405	2107.7	0
9119405	9135909	2107.1	0
9135909	9151658	2106.1	0
9151658	9161485	2106.5	0
9161485	9175247	2106.7	0
9175247	9188166	2106.7	0
9188166	9206156	2106.5	0
9206156	9217877	2107.3	0
9217877	9232327	2107.5	0
9232327	9245043	2107.1	0
9245043	9263272	2106.1	0
9263272	9276696	2106.3	0
9276696	9290372	2107.9	0
9290372	9302371	2107.1	0
9302371	9315853	2107.1	0
9315853	9328625	2107.3	0
9328625	9351586	2107.7	0
9351586	9358358	2106.1	0
9358358	9384468	2107.1	0
9384468	9397897	2108.7	0
9397897	9418159	2107.1	0
9418159	9430639	2107.7	0
9430639	9442238	2106.5	0
9442238	9454997	2106.9	0
9454997	9469411	2107.3	0
9469411	9492388	2108.5	0
9492388	9499046	2108.1	0
9499046	9512436	2108.7	0
9512436	9526030	2108.5	0
9526030	9539376	2107.1	0
9539376	9556474	2107.3	0
9556474	9572157	2107.5	0
9572157	9582899	2107.3	0
9582899	9593274	2107.1	0
9593274	9606774	2108.1	0
9606774	9631809	2107.5	0
9631809	9639492	2107.7	0
9639492	9648458	2107.7	0
9648458	9660403	2107.3	0
9660403	9678412	2108.1	0
9678412	9694312	2108.5	0
9694312	9708137	2107.1	0
9708137	9722666	2105.7	0
9722666	9734721	2105.3	0
9734721	9743954	2108.7	0
9743954	9766705	2107.7	0
9766705	9778901	2108.3	0
9778901	9792363	2107.7	0
9792363	9799647	2107.5	0
9799647	9818821	2107.7	0
9818821	9833030	2107.5	0
9833030	9846719	2106.5	0
9846719	9864675	2105.7	0
9864675	9872810	2105.1	0
9872810	9885902	2106.9	0
9885902	9904068	2108.3	0
9904068	9914221	2107.1	0
9914221	9928313	2107.7	0
9928313	9947100	2107.3	0
9947100	9959607	2105.7	0
9959607	9974198	2107.1	0
9974198	9984960	2106.3	0
9984960	9998043	2107.1	0
9998043	10010882	2107.7	0
10010882	10023462	2107.5	0
10023462	10054723	2107.5	0
10054723	10071748	2106.9	0
10071748	10081078	2106.7	0
10081078	10095019	2106.9	0
10095019	10113064	2106.7	0
10113064	10124214	2106.7	0
10124214	10141892	2107.1	0
10141892	10154813	2107.9	0
10154813	10167462	2107.7	0
10167462	10184349	2107.3	0
10184349	10195773	2106.5	0
10195773	10207726	2105.5	0
10207726	10221276	2105.5	0
10221276	10234779	2105.1	0
10234779	10250680	2105.7	0
10250680	10263179	2105.7	0
10263179	10281574	2106.7	0
10281574	10297328	2107.3	0
10297328	10310096	2107.5	0
10310096	10326789	2107.9	0
10326789	10336359	2108.9	0
10336359	10351280	2108.5	0
10351280	10361218	2109.7	0
10361218	10378260	2108.9	0
10378260	10395842	2108.7	0
10395842	10405261	2108.9	0
10405261	10418775	2108.9	0
10418775	10430857	2108.7	0
10430857	10448071	2109.1	0
10448071	10464472	2107.5	0
10464472	10475457	2106.9	0
10475457	10488263	2107.7	0
10488263	10499750	2107.7	0
10499750	10513464	2107.5	0
10513464	10533763	2107.3	0
10533763	10545643	2108.3	0
10545643	10563441	2107.7	0
10563441	10572686	2107.9	0
10572686	10585569	2107.3	0
10585569	10601478	2107.9	0
10601478	10613438	2107.3	0
10613438	10626340	2106.7	0
10626340	10639376	2106.5	0
10639376	10652507	2106.5	0
10652507	10672539	2105.1	0
10672539	10684480	2106.9	0
10684480	10695793	2106.7	0
10695793	10712034	2106.7	0
10712034	10722399	2106.3	0
10722399	10745433	2105.5	0
10745433	10751658	2105.5	0
10751658	10767341	2105.5	0
10767341	10780441	2104.9	0
10780441	10791680	2101.1	0
10791680	10811478	2104.5	0
10811478	10824805	2105.1	0
10824805	10834795	2106.9	0
10834795	10851899	2107.3	0
10851899	10865613	2106.7	0
10865613	10880488	2106.9	0
10880488	10890296	2107.1	0
10890296	10906261	2107.7	0
10906261	10920888	2107.9	0
10920888	10934303	2106.7	0
10934303	10954675	2107.9	0
10954675	10966540	2107.9	0
10966540	10979001	2107.1	0
10979001	10988658	2107.9	0
10988658	11001474	2107.7	0
11001474	11017113	2106.9	0
11017113	11029416	2107.7	0
11029416	11047655	2107.7	0
11047655	11058626	2107.3	0
11058626	11071986	2107.5	0
11071986	11093514	2107.1	0
11093514	11103815	2106.9	0
11103815	11114824	2107.3	0
11114824	11128645	2107.3	0
11128645	11145857	2106.1	0
11145857	11161664	2104.9	0
11161664	11175699	2106.5	0
11175699	11183589	2107.1	0
11183589	11201690	2106.7	0
11201690	11210246	2105.5	0
11210246	11228576	2107.1	0
11228576	11245655	2106.9	0
11245655	11259042	2106.7	0
11259042	11267725	2106.7	0
11267725	11281708	2106.7	0
11281708	11299295	2107.3	0
11299295	11311128	2107.1	0
11311128	11327608	2107.5	0
11327608	11338039	2108.1	0
11338039	11351449	2108.7	0
11351449	11373679	2108.7	0
11373679	11385115	2108.9	0
11385115	11393441	2108.5	0
11393441	11412322	2108.5	0
11412322	11425636	2107.9	0
11425636	11439406	2107.9	0
11439406	11459206	2107.7	0
11459206	11464717	2109.1	0
11464717	11482302	2108.1	0
11482302	11495048	2108.5	0
11495048	11510963	2109.3	0
11510963	11525299	2106.3	0
11525299	11531854	2106.9	0
11531854	11544781	2106.7	0
11544781	11557868	2105.5	0
11557868	11579068	2104.7	0
11579068	11587612	2104.7	0
11587612	11600621	2104.7	0
11600621	11617811	2104.9	0
11617811	11627547	2105.9	0
11627547	11648262	2106.1	0
11648262	11656748	2105.7	0
11656748	11670382	2105.9	0
11670382	11683849	2106.5	0
11683849	11701961	2105.5	0
11701961	11717666	2106.3	0
11717666	11725311	2106.7	0
11725311	11744913	2106.1	0
11744913	11752496	2104.1	0
11752496	11766056	2104.1	0
11766056	11784485	2104.5	0
11784485	11796565	2104.1	0
11796565	11809995	2105.7	0
11809995	11822479	2105.3	0
11822479	11840402	2104.7	0
11840402	11856387	2103.9	0
11856387	11865894	2100.7	0
11865894	11884298	2104.3	0
11884298	11899907	2105.3	0
11899907	11910950	2106.7	0
11910950	11926869	2106.9	0
11926869	11936069	2105.9	0
11936069	11949115	2106.9	0
11949115	11967353	2106.5	0
11967353	11977372	2107.9	0
11977372	12000411	2106.1	0
12000411	12007881	2106.3	0
12007881	12021440	2105.5	0
12021440	12033817	2106.1	0
12033817	12047283	2107.3	0
12047283	12067119	2107.1	0
12067119	12076232	2106.5	0
12076232	12094610	2106.7	0
12094610	12103414	2105.7	0
12103414	12116700	2106.3	0
12116700	12138665	2107.5	0
12138665	12149389	2107.5	0
12149389	12160299	2107.5	0
12160299	12174531	2108.5	0
12174531	12188527	2105.9	0
12188527	12201500	2106.9	0
12201500	12214624	2105.3	0
12214624	12227662	2105.9	0
12227662	12243957	2106.1	0
12243957	12253565	2105.1	0
12253565	12271048	2103.9	0
12271048	12282471	2104.5	0
12282471	12295517	2104.3	0
12295517	12312127	2103.9	0
12312127	12324892	2105.3	0
12324892	12345455	2104.3	0
12345455	12351453	2104.3	0
12351453	12364596	2105.7	0
12364596	12378149	2104.7	0
12378149	12389459	2105.1	0
12389459	12406723	2105.1	0
12406723	12422751	2100.9	0
12422751	12433014	2104.3	0
12433014	12443592	2105.3	0
12443592	12457157	2105.7	0
12457157	12475644	2104.5	0
12475644	12489727	2101.1	0
12489727	12499268	2101.3	0
12499268	12516306	2104.3	0
12516306	12529832	2105.7	0
12529832	12547161	2104.3	0
12547161	12557307	2101.1	0
12557307	12570406	2100.3	0
12570406	12583941	2100.9	0
12583941	12596981	2101.3	0
12596981	12613773	2105.1	0
12613773	12624745	2105.5	0
12624745	12637760	2105.3	0
12637760	12653610	2104.9	0
12653610	12664402	2100.7	0
12664402	12691799	2100.7	0
12691799	12698599	2104.9	0
12698599	12713564	2105.9	0
12713564	12723646	2106.5	0
12723646	12738074	2106.5	0
12738074	12755376	2106.5	0
12755376	12769359	2105.5	0
12769359	12784069	2105.3	0
12784069	12791679	2105.5	0
12791679	12805228	2106.3	0
12805228	12822690	2106.3	0
12822690	12834355	2106.5	0
12834355	12847226	2106.3	0
12847226	12863015	2105.9	0
12863015	12875570	2106.1	0
12875570	12890718	2105.9	0
12890718	12903659	2105.3	0
12903659	12916843	2104.5	0
12916843	12930418	2105.3	0
12930418	12946307	2105.1	0
12946307	12961785	2104.1	0
12961785	12971970	2105.1	0
12971970	12988855	2104.7	0
12988855	12998715	2106.3	0
12998715	13015500	2101.3	0
13015500	13029717	2105.5	0
13029717	13045447	2106.5	0
13045447	13054871	2106.9	0
13054871	13071240	2107.3	0
13071240	13101159	2106.5	0
13101159	13108144	2105.3	0
13108144	13121255	2107.1	0
13121255	13134148	2105.9	0
13134148	13146754	2104.5	0
13146754	13165595	2104.1	0
13165595	13179228	2105.1	0
13179228	13189664	2103.9	0
13189664	13202289	2100.9	0
13202289	13215570	2101.1	0
13215570	13235014	2104.5	0
13235014	13245637	2101.3	0
13245637	13263197	2101.1	0
13263197	13272567	2104.7	0
13272567	13288062	2101.3	0
13288062	13303649	2100.9	0
13303649	13316177	2101.1	0
13316177	13327628	2101.1	0
13327628	13345747	2105.1	0
13345747	13353381	2106.7	0
13353381	13373553	2107.7	0
13373553	13387079	2107.3	0
13387079	13399433	2108.5	0
13399433	13412006	2107.9	0
13412006	13430661	2107.7	0
13430661	13445582	2108.3	0
13445582	13454419	2108.3	0
13454419	13467918	2107.9	0
13467918	13481805	2107.5	0
13481805	13501041	2106.9	0
13501041	13513182	2105.9	0
13513182	13526364	2106.9	0
13526364	13538766	2106.7	0
13538766	13556231	2107.3	0
13556231	13565397	2106.9	0
13565397	13590181	2107.9	0
13590181	13595748	2107.1	0
13595748	13609261	2106.5	0
13609261	13622696	2107.3	0
13622696	13636153	2107.3	0
13636153	13659467	2106.1	0
13659467	13669837	2107.7	0
13669837	13683233	2107.1	0
13683233	13696382	2107.9	0
13696382	13703468	2106.3	0
13703468	13729580	2106.1	0
13729580	13737732	2105.7	0
13737732	13747575	2105.1	0
13747575	13764068	2105.5	0
13764068	13775390	2105.9	0
13775390	13791053	2106.3	0
13791053	13802545	2106.7	0
13802545	13814939	2106.9	0
13814939	13831426	2107.1	0
13831426	13841660	2106.5	0
13841660	13869929	2105.9	0
13869929	13873969	2104.9	0
13873969	13887403	2104.7	0
13887403	13904707	2101.3	0
13904707	13914499	2104.7	0
13914499	13930677	2106.7	0
13930677	13942389	2105.9	0
13942389	13956294	2105.5	0
13956294	13969872	2106.7	0
13969872	13987323	2105.7	0
13987323	14006430	2105.1	0
14006430	14010352	2104.1	0
14010352	14023009	2105.1	0
14023009	14038891	2105.3	0
14038891	14049735	2105.7	0
14049735	14068591	2105.3	0
14068591	14080402	2103.9	0
14080402	14094539	2104.5	0
14094539	14108864	2100.5	0
14108864	14123785	2100.7	0
14123785	14140877	2101.1	0
14140877	14149958	2100.9	0
14149958	14163427	2100.9	0
14163427	14176688	2104.5	0
14176688	14189810	2104.9	0
14189810	14207630	2105.1	0
14207630	14220166	2100.7	0
14220166	14234722	2104.3	0
14234722	14246633	2104.5	0
14246633	14263308	2100.7	0
14263308	14278725	2100.7	0
14278725	14295376	2104.1	0
14295376	14305095	2104.1	0
14305095	14323010	2104.1	0
14323010	14333780	2100.7	0
14333780	14349615	2104.3	0
14349615	14362013	2101.3	0
14362013	14378760	2100.7	0
14378760	14392356	2100.5	0
14392356	14403077	2100.5	0
14403077	14424061	2104.5	0
14424061	14434991	2100.5	0
14434991	14448151	2101.3	0
14448151	14460813	2104.3	0
14460813	14472406	2104.9	0
14472406	14489607	2104.7	0
14489607	14501994	2100.1	0
14501994	14515312	2100.3	0
14515312	14534982	2099.7	0
14534982	14542455	2099.7	0
14542455	14563613	2100.1	0
14563613	14571930	2100.9	0
14571930	14589315	2098.9	0
14589315	14598899	2099.5	0
14598899	14615521	2099.7	0
14615521	14634893	2098.1	0
14634893	14643324	2099.3	0
14643324	14656839	2101.1	0
14656839	14668862	2100.1	0
14668862	14687874	2104.3	0
14687874	14702091	2101.3	0
14702091	14717981	2104.3	0
14717981	14725266	2105.5	0
14725266	14742041	2101.5	0
14742041	14753618	2101.1	0
14753618	14771581	2100.5	0
14771581	14783815	2100.1	0
14783815	14800274	2099.7	0
14800274	14813680	2100.1	0
14813680	14825610	2099.3	0
14825610	14846467	2099.1	0
14846467	14853683	2101.1	0
14853683	14867210	2104.7	0
14867210	14885408	2099.7	0
14885408	14893849	2099.3	0
14893849	14912752	2099.5	0
14912752	14923334	2099.9	0
14923334	14943109	2100.7	0
14943109	14954474	2101.1	0
14954474	14964449	2100.1	0
14964449	14981738	2104.1	0
14981738	14994050	2104.1	0
14994050	15008205	2100.1	0
15008205	15026235	2100.3	0
15026235	15035551	2100.3	0
15035551	15051889	2101.1	0
15051889	15068500	2100.5	0
15068500	15075697	2099.9	0
15075697	15089141	2100.5	0
15089141	15102568	2100.3	0
15102568	15124444	2101.1	0
15124444	15136397	2100.9	0
15136397	15149168	2100.1	0
15149168	15161343	2104.9	0
15161343	15173313	2100.7	0
15173313	15194197	2100.7	0
15194197	15205010	2104.3	0
15205010	15214977	2104.5	0
15214977	15228028	2101.5	0
15228028	15240813	2101.1	0
15240813	15260118	2099.3	0
15260118	15274983	2099.7	0
15274983	15283052	2099.1	0
15283052	15296131	2099.9	0
15296131	15308346	2100.1	0
15308346	15328802	2100.7	0
15328802	15343082	2101.1	0
15343082	15353327	2100.5	0
15353327	15366511	2100.9	0
15366511	15378339	2100.5	0
15378339	15396695	2101.1	0
15396695	15405284	2100.5	0
15405284	15418213	2100.3	0
15418213	15432121	2100.3	0
15432121	15449401	2100.1	0
15449401	15467800	2100.1	0
15467800	15479956	2100.7	0
15479956	15492974	2101.3	0
15492974	15506496	2104.1	0
15506496	15520084	2104.5	0
15520084	15537546	2104.1	0
15537546	15550327	2104.3	0
15550327	15563769	2104.5	0
15563769	15578244	2104.3	0
15578244	15589922	2104.9	0
15589922	15610549	2100.7	0
15610549	15623661	2104.5	0
15623661	15638610	2105.1	0
15638610	15646758	2101.1	0
15646758	15659864	2100.7	0
15659864	15678753	2104.1	0
15678753	15689269	2105.1	0
15689269	15707095	2104.7	0
15707095	15720162	2104.7	0
15720162	15729733	2100.7	0
15729733	15747290	2101.3	0
15747290	15759188	2100.9	0
15759188	15774509	2099.7	0
15774509	15788041	2100.1	0
15788041	15803484	2104.3	0
15803484	15820747	2101.1	0
15820747	15830845	2099.9	0
15830845	15844809	2100.3	0
15844809	15858455	2104.3	0
15858455	15869136	2099.7	0
15869136	15889537	2104.3	0
15889537	15901539	2100.7	0
15901539	15915876	2104.3	0
15915876	15932913	2104.3	0
15932913	15940262	2100.5	0
15940262	15958781	2101.3	0
15958781	15969375	2100.7	0
15969375	15989784	2100.7	0
15989784	15996890	2101.1	0
15996890	16013894	2099.7	0
16013894	16029605	2099.1	0
16029605	16040375	2100.1	0
16040375	16056610	2101.1	0
16056610	16068964	2100.7	0
16068964	16084144	2100.5	0
16084144	16097533	2104.5	0
16097533	16113773	2106.1	0
16113773	16124204	2100.7	0
16124204	16137995	2099.7	0
16137995	16153635	2099.1	0
16153635	16169326	2098.7	0
16169326	16183414	2100.5	0
16183414	16194552	2100.1	0
16194552	16212060	2100.7	0
16212060	16219484	2100.7	0
16219484	16238224	2100.9	0
16238224	16252811	2104.3	0
16252811	16262936	2104.1	0
16262936	16278037	2100.1	0
16278037	16289149	2099.9	0
16289149	16311839	2098.9	0
16311839	16319348	2098.7	0
16319348	16338550	2098.9	0
16338550	16345717	2098.9	0
16345717	16359136	2099.1	0
16359136	16378082	2099.3	0
16378082	16392805	2100.1	0
16392805	16405428	2099.1	0
16405428	16421048	2099.9	0
16421048	16431763	2099.5	0
16431763	16446779	2099.9	0
16446779	16460039	2100.9	0
16460039	16477242	2100.9	0
16477242	16487041	2099.7	0
16487041	16499572	2100.1	0
16499572	16517009	2099.9	0
16517009	16530886	2099.9	0
16530886	16546261	2104.1	0
16546261	16557008	2100.5	0
16557008	16568524	2104.3	0
16568524	16592237	2100.5	0
16592237	16599998	2101.1	0
16599998	16618429	2100.5	0
16618429	16628062	2100.5	0
16628062	16642398	2099.9	0
16642398	16656224	2099.9	0
16656224	16675980	2099.3	0
16675980	16682740	2098.7	0
16682740	16695712	2098.7	0
16695712	16709460	2098.9	0
16709460	16729573	2098.7	0
16729573	16743083	2098.9	0
16743083	16753338	2099.5	0
16753338	16765963	2098.7	0
16765963	16779152	2099.5	0
16779152	16802679	2098.9	0
16802679	16814089	2099.3	0
16814089	16824045	2100.3	0
16824045	16841107	2099.9	0
16841107	16854930	2099.7	0
16854930	16868365	2099.7	0
16868365	16877819	2098.5	0
16877819	16891239	2100.3	0
16891239	16904622	2100.1	0
16904622	16920845	2099.5	0
16920845	16938442	2099.9	0
16938442	16949989	2099.9	0
16949989	16963509	2100.1	0
16963509	16979085	2099.5	0
16979085	16990673	2099.3	0
16990673	17005983	2099.5	0
17005983	17015951	2099.3	0
17015951	17034707	2099.5	0
17034707	17047045	2099.3	0
17047045	17058537	2099.5	0
17058537	17081998	2099.7	0
17081998	17093740	2099.7	0
17093740	17107320	2100.3	0
17107320	17120965	2100.3	0
17120965	17129912	2099.7	0
17129912	17147853	2100.1	0
17147853	17162421	2099.5	0
17162421	17172894	2099.3	0
17172894	17186837	2100.1	0
17186837	17199586	2099.3	0
17199586	17218772	2099.9	0
17218772	17228203	2099.3	0
17228203	17247441	2100.3	0
17247441	17254925	2099.3	0
17254925	17268325	2100.3	0
17268325	17288406	2099.5	0
17288406	17301828	2099.9	0
17301828	17312734	2100.9	0
17312734	17325145	2100.3	0
17325145	17339755	2099.3	0
17339755	17360792	2100.1	0
17360792	17368685	2099.7	0
17368685	17382121	2099.5	0
17382121	17398772	2099.9	0
17398772	17411755	2099.9	0
17411755	17427163	2098.7	0
17427163	17437995	2099.7	0
17437995	17450774	2099.5	0
17450774	17464142	2099.9	0
17464142	17481555	2100.7	0
17481555	17494568	2098.9	0
17494568	17506626	2099.3	0
17506626	17519025	2099.3	0
17519025	17537691	2099.9	0
17537691	17546399	2099.7	0
17546399	17563856	2098.7	0
17563856	17575142	2098.9	0
17575142	17588591	2099.9	0
17588591	17602112	2100.5	0
17602112	17615447	2099.9	0
17615447	17635593	2100.3	0
17635593	17646883	2098.7	0
17646883	17660409	2097.7	0
17660409	17676943	2097.9	0
17676943	17688817	2098.9	0
17688817	17705777	2099.7	0
17705777	17717456	2098.9	0
17717456	17735822	2098.7	0
17735822	17742853	2098.3	0
17742853	17757278	2098.7	0
17757278	17776238	2098.1	0
17776238	17790402	2097.5	0
17790402	17798610	2098.3	0
17798610	17811885	2098.7	0
17811885	17825142	2098.7	0
17825142	17847747	2097.9	0
17847747	17855059	2096.9	0
17855059	17870210	2097.9	0
17870210	17881695	2099.3	0
17881695	17896827	2099.3	0
17896827	17911266	2099.1	0
17911266	17928573	2099.3	0
17928573	17936460	2098.7	0
17936460	17949693	2099.1	0
17949693	17969024	2099.5	0
17969024	17982968	2098.9	0
17982968	17994752	2099.5	0
17994752	18009425	2097.9	0
18009425	18022826	2098.1	0
18022826	18032080	2097.9	0
18032080	18049316	2098.1	0
18049316	18061716	2097.5	0
18061716	18074845	2097.9	0
18074845	18089245	2096.3	0
18089245	18105517	2096.9	0
18105517	18124750	2096.3	0
18124750	18136245	2098.3	0
18136245	18144620	2098.5	0
18144620	18162802	2097.9	0
18162802	18176541	2100.3	0
18176541	18189874	2106.9	0
18189874	18203125	2105.5	0
18203125	18214473	2101.3	0
18214473	18227357	2099.1	0
18227357	18243412	2098.7	0
18243412	18258692	2099.7	0
18258692	18273890	2100.1	0
18273890	18283174	2099.9	0
18283174	18301012	2099.9	0
18301012	18309799	2104.3	0
18309799	18330015	2100.9	0
18330015	18343323	2099.7	0
18343323	18356430	2100.3	0
18356430	18365126	2099.9	0
18365126	18382812	2100.7	0
18382812	18400349	2100.9	0
18400349	18409270	2099.9	0
18409270	18424685	2097.1	0
18424685	18436059	2095.7	0
18436059	18451808	2096.7	0
18451808	18467174	2095.3	0
18467174	18478444	2096.3	0
18478444	18495871	2096.5	0
18495871	18502676	2096.3	0
18502676	18517769	2097.1	0
18517769	18536095	2098.5	0
18536095	18549454	2097.1	0
18549454	18562847	2098.3	0
18562847	18573438	2096.9	0
18573438	18589612	2098.5	0
18589612	18607407	2097.9	0
18607407	18616662	2098.1	0
18616662	18629998	2096.5	0
18629998	18643587	2095.9	0
18643587	18663577	2095.7	0
18663577	18682566	2097.1	0
18682566	18688447	2096.9	0
18688447	18699384	2097.7	0
18699384	18717459	2098.3	0
18717459	18728161	2098.5	0
18728161	18747130	2098.1	0
18747130	18756675	2098.7	0
18756675	18772846	2097.3	0
18772846	18784241	2097.5	0
18784241	18800178	2097.9	0
18800178	18816133	2097.9	0
18816133	18826655	2098.5	0
18826655	18838034	2098.5	0
18838034	18851546	2096.9	0
18851546	18871537	2096.7	0
18871537	18884951	2093.9	0
18884951	18898456	2088.8	0
18898456	18911707	2086.4	0
18911707	18922512	2087.2	0
18922512	18935524	2086.2	0
18935524	18952549	2088.4	0
18952549	18965695	2087.6	0
18965695	18979075	2095.7	0
18979075	18992335	2104.5	0
18992335	19005667	2109.7	0
19005667	19023025	2110.3	0
19023025	19051537	2110.1	0
19051537	19062081	2101.3	0
19062081	19074958	2100.9	0
19074958	19091088	2098.7	0
19091088	19102680	2098.1	0
19102680	19117411	2097.9	0
19117411	19130822	2098.5	0
19130822	19147052	2106.3	0
19147052	19162914	2108.3	0
19162914	19172650	2105.9	0
19172650	19186386	2104.5	0
19186386	19199964	2100.7	0
19199964	19214056	2105.7	0
19214056	19232689	2103.9	0
19232689	19246232	2105.3	0
19246232	19259807	2105.5	0
19259807	19274777	2101.1	0
19274777	19284909	2106.1	0
19284909	19300699	2106.3	0
19300699	19313567	2106.1	0
19313567	19327236	2106.5	0
19327236	19345441	2108.5	0
19345441	19359116	2106.3	0
19359116	19371939	2105.9	0
19371939	19389926	2099.3	0
19389926	19396559	2086.2	0
19396559	19413391	2081.5	0
19413391	19424529	2081.1	0
19424529	19446983	2084.1	0
19446983	19454660	2083.9	0
19454660	19466102	2083.7	0
19466102	19479368	2087.4	0
19479368	19493832	2081.9	0
19493832	19510974	2080.9	0
19510974	19526335	2080.3	0
19526335	19536756	2075.7	0
19536756	19553543	2076.3	0
19553543	19562962	2079.9	0
19562962	19581239	2081.1	0
19581239	19595146	2090.0	0
19595146	19606016	2094.5	0
19606016	19619861	2100.5	0
19619861	19633093	2105.3	0
19633093	19649332	2113.6	0
19649332	19662675	2115.0	0
19662675	19676273	2118.8	0
19676273	19689628	2117.0	0
19689628	19703066	2121.5	0
19703066	19723174	2123.7	0
19723174	19736265	2126.1	0
19736265	19744509	2134.0	0
19744509	19758873	2138.7	0
19758873	19774236	2136.0	0
19774236	19795340	2135.4	0
19795340	19803234	2141.3	0
19803234	19814678	2143.1	0
19814678	19829029	2142.9	0
19829029	19840535	2142.3	0
19840535	19857532	2142.5	0
19857532	19873235	2141.9	0
19873235	19887815	2144.1	0
19887815	19894463	2146.9	0
19894463	19907295	2150.7	0
19907295	99999999	2150.1	0
