#Processing Run 48315 for polarization tables
#The run table thinks this was a DPARAL2 run
#Corresponding AMO file is :/home/clasg8/rootbeer2.1/dat/pol/amo_tesc_48308.dat
#Coherent Edge positions for TESC events follow:
#Event	Coh Edge	PolPlane(PARA=0,PERP=1,AMO=2,CHANGING=3)
0	6938	1274.0	0
6938	18464	1274.0	0
18464	33934	1274.8	0
33934	40737	1274.6	0
40737	54331	1273.6	0
54331	74039	1272.8	0
74039	85564	1273.4	0
85564	101085	1275.6	0
101085	114922	1277.2	0
114922	123288	1274.0	0
123288	146710	1273.4	0
146710	155116	1276.6	0
155116	171208	1278.0	0
171208	185279	1277.6	0
185279	195614	1275.8	0
195614	213160	1273.4	0
213160	224763	1273.8	0
224763	242734	1273.8	0
242734	249481	1274.4	0
249481	269741	1273.8	0
269741	283304	1273.2	0
283304	296787	1274.4	0
296787	323395	1273.4	0
323395	337181	1273.8	0
337181	355854	1272.4	0
355854	364803	1272.6	0
364803	377885	1276.8	0
377885	396813	1275.2	0
396813	411478	1274.8	0
411478	431542	1277.4	0
431542	438287	1278.0	0
438287	451819	1278.4	0
451819	465181	1279.0	0
465181	494345	1277.0	0
494345	506060	1276.6	0
506060	522809	1276.6	0
522809	533097	1276.0	0
533097	549109	1276.8	0
549109	562546	1276.4	0
562546	580467	1278.8	0
580467	589235	1276.0	0
589235	602719	1278.0	0
602719	621004	1277.0	0
621004	641372	1277.4	0
641372	646178	1276.0	0
646178	659622	1274.6	0
659622	676736	1275.8	0
676736	686243	1276.0	0
686243	709095	1275.6	0
709095	715831	1276.4	0
715831	729423	1277.2	0
729423	743147	1276.4	0
743147	756610	1276.0	0
756610	776487	1273.6	0
776487	789942	1275.0	0
789942	799080	1275.2	0
799080	817019	1275.8	0
817019	825493	1276.0	0
825493	845951	1276.6	0
845951	857257	1278.8	0
857257	870552	1279.0	0
870552	884226	1275.4	0
884226	897277	1277.2	0
897277	917980	1277.8	0
917980	930946	1277.0	0
930946	939757	1278.2	0
939757	953147	1277.8	0
953147	971038	1277.4	0
971038	988155	1277.8	0
988155	999926	1275.4	0
999926	1016566	1277.2	0
1016566	1030573	1277.6	0
1030573	1058653	1275.8	0
1058653	1065525	1277.2	0
1065525	1083825	1280.4	0
1083825	1096693	1273.0	0
1096693	1105415	1284.2	0
1105415	1123762	1284.2	0
1123762	1134575	1274.4	0
1134575	1152877	1275.4	0
1152877	1166168	1269.2	0
1166168	1179655	1272.8	0
1179655	1199765	1275.4	0
1199765	1213340	1277.0	0
1213340	1226779	1276.6	0
1226779	1234373	1277.8	0
1234373	1267836	1278.4	0
1267836	1275704	1282.8	0
1275704	1293922	1279.6	0
1293922	1306105	1283.0	0
1306105	1319443	1278.4	0
1319443	1340726	1278.8	0
1340726	1347979	1279.4	0
1347979	1357507	1280.0	0
1357507	1372568	1279.8	0
1372568	1388382	1282.0	0
1388382	1401942	1279.8	0
1401942	1414473	1285.6	0
1414473	1431662	1279.6	0
1431662	1441301	1280.0	0
1441301	1459215	1283.2	0
1459215	1480455	1286.0	0
1480455	1486746	1284.8	0
1486746	1496910	1285.2	0
1496910	1510358	1287.0	0
1510358	1528731	1286.2	0
1528731	1542275	1285.0	0
1542275	1557791	1282.8	0
1557791	1569132	1285.4	0
1569132	1588205	1283.4	0
1588205	1594828	1286.2	0
1594828	1610637	1286.2	0
1610637	1627318	1283.8	0
1627318	1634527	1287.2	0
1634527	1649947	1285.6	0
1649947	1663349	1284.6	0
1663349	1681521	1288.0	0
1681521	1693077	1285.4	0
1693077	1704971	1284.6	0
1704971	1718475	1280.2	0
1718475	1731789	1280.6	0
1731789	1748968	1280.8	0
1748968	1761922	1283.8	0
1761922	1774967	1285.6	0
1774967	1788420	1280.4	0
1788420	1801495	1282.2	0
1801495	1818338	1282.0	0
1818338	1828834	1282.6	0
1828834	1844531	1280.2	0
1844531	1858672	1283.6	0
1858672	1868767	1282.4	0
1868767	1887934	1279.8	0
1887934	1900224	1278.2	0
1900224	1913323	1278.2	0
1913323	1927517	1278.4	0
1927517	1940835	1279.2	0
1940835	1961026	1280.4	0
1961026	1967287	1282.0	0
1967287	1981746	1277.2	0
1981746	1995819	1276.6	0
1995819	2008623	1282.8	0
2008623	2028482	1283.2	0
2028482	2041341	1283.6	0
2041341	2051500	1278.6	0
2051500	2064789	1280.2	0
2064789	2082186	1282.2	0
2082186	2101047	1282.4	0
2101047	2112549	1278.2	0
2112549	2125973	1280.4	0
2125973	2134979	1282.6	0
2134979	2150908	1282.4	0
2150908	2169636	1280.4	0
2169636	2186215	1283.2	0
2186215	2196603	1279.8	0
2196603	2209862	1282.0	0
2209862	2237329	1279.6	0
2237329	2248154	1278.4	0
2248154	2264468	1278.6	0
2264468	2276312	1279.4	0
2276312	2289981	1279.0	0
2289981	2305291	1280.6	0
2305291	2318404	1283.2	0
2318404	2331841	1280.6	0
2331841	2348527	1279.4	0
2348527	2357682	1282.8	0
2357682	2376476	1279.0	0
2376476	2389480	1282.0	0
2389480	2405980	1283.6	0
2405980	2419187	1278.0	0
2419187	2428783	1278.6	0
2428783	2446472	1278.6	0
2446472	2463180	1279.4	0
2463180	2472221	1282.4	0
2472221	2484276	1280.0	0
2484276	171	1280.4	0
171	2520512	1256.4	0
2520512	2537892	1250.6	0
2537892	2545829	1250.0	0
2545829	2565414	1254.2	0
2565414	2576799	1252.4	0
2576799	2593373	1258.0	0
2593373	2603967	1258.2	0
2603967	2624098	1261.8	0
2624098	2635697	1268.6	0
2635697	2647569	1274.8	0
2647569	2669013	1274.4	0
2669013	2675425	1275.2	0
2675425	2692208	1279.8	0
2692208	2701684	1279.8	0
2701684	2718691	1282.8	0
2718691	2734649	1279.8	0
2734649	2744864	1282.6	0
2744864	2757635	1284.0	0
2757635	2775258	1285.6	0
2775258	2783279	1286.0	0
2783279	2803240	1285.8	0
2803240	2813946	1287.2	0
2813946	2832083	1287.6	0
2832083	2845282	1286.2	0
2845282	2855497	1284.6	0
2855497	2871588	1286.4	0
2871588	2888689	1287.2	0
2888689	2897637	1288.0	0
2897637	2906036	1286.2	0
2906036	2922799	1284.4	0
2922799	2938406	1284.6	0
2938406	2953396	1286.2	0
2953396	2961680	1283.0	0
2961680	2977922	1283.6	0
2977922	2990435	1286.4	0
2990435	3007773	1284.8	0
3007773	3022482	1283.4	0
3022482	3033151	1285.6	0
3033151	3047358	1284.8	0
3047358	3059650	1285.0	0
3059650	3094040	1283.2	0
3094040	3100723	1283.2	0
3100723	3114269	1279.6	0
3114269	3127620	1281.8	0
3127620	3147991	1283.4	0
3147991	3161536	1285.4	0
3161536	3174268	1283.6	0
3174268	3188512	1283.4	0
3188512	3201283	1283.4	0
3201283	3216618	1284.0	0
3216618	3228830	1282.2	0
3228830	3246584	1282.4	0
3246584	3260306	1280.0	0
3260306	3275900	1282.8	0
3275900	3294287	1279.2	0
3294287	3302754	1283.0	0
3302754	3315908	1285.4	0
3315908	3329326	1283.8	0
3329326	3355621	1284.8	0
3355621	3369572	1277.2	0
3369572	3381761	1279.8	0
3381761	3398742	1279.0	0
3398742	3414512	1279.4	0
3414512	3430431	1279.0	0
3430431	3442359	1275.2	0
3442359	3459394	1276.8	0
3459394	3469006	1277.4	0
3469006	3497264	1282.4	0
3497264	3509009	1275.6	0
3509009	3525361	1277.8	0
3525361	3535527	1273.0	0
3535527	3552004	1276.2	0
3552004	3567696	1278.0	0
3567696	3579239	1275.4	0
3579239	3592674	1278.0	0
3592674	3607844	1276.2	0
3607844	3619650	1277.6	0
3619650	3639842	1277.8	0
3639842	3650969	1273.2	0
3650969	3664189	1272.4	0
3664189	3680494	1274.2	0
3680494	3688589	1272.0	0
3688589	3707849	1274.8	0
3707849	3719694	1274.0	0
3719694	3738268	1272.8	0
3738268	3748558	1273.8	0
3748558	3763215	1274.8	0
3763215	3777252	1273.0	0
3777252	3794091	1274.0	0
3794091	3804226	1273.4	0
3804226	3822577	1272.2	0
3822577	3829108	1274.2	0
3829108	3849323	1274.2	0
3849323	3862088	1272.6	0
3862088	3873359	1273.2	0
3873359	3890443	1267.4	0
3890443	3905614	1273.6	0
3905614	3926094	1270.4	0
3926094	3938012	1270.8	0
3938012	3949560	1274.0	0
3949560	3965059	1265.4	0
3965059	3986921	1266.6	0
3986921	4000110	1271.6	0
4000110	4019293	1272.2	0
4019293	4032969	1269.8	0
4032969	4042362	1269.8	0
4042362	4065226	1267.6	0
4065226	4073954	1267.8	0
4073954	4086196	1267.0	0
4086196	4101186	1265.2	0
4101186	4115016	1265.8	0
4115016	4132360	1263.8	0
4132360	4789966	1259.6	0
4789966	4808319	1260.6	0
4808319	4825029	1259.6	0
4825029	4842325	1260.4	0
4842325	4849747	1260.8	0
4849747	4863008	1263.4	0
4863008	4890829	1261.2	0
4890829	4905348	1238.9	0
4905348	4919891	1238.9	0
4919891	4941395	1239.1	0
4941395	4951584	1243.3	0
4951584	4965556	1244.1	0
4965556	4979495	1247.0	0
4979495	5003063	1247.2	0
5003063	5018835	1240.9	0
5018835	5039152	1232.5	0
5039152	5047498	1239.9	0
5047498	5060943	1242.9	0
5060943	5089946	1249.0	0
5089946	5101570	1249.4	0
5101570	5114548	1245.9	0
5114548	5127328	1245.7	0
5127328	5140557	1245.1	0
5140557	5159632	1246.3	0
5159632	5172820	1244.7	0
5172820	5188236	1242.5	0
5188236	5202066	1243.9	0
5202066	5211642	1244.5	0
5211642	5235699	1243.5	0
5235699	5244497	1242.9	0
5244497	5257883	1243.9	0
5257883	5272172	1245.3	0
5272172	5289667	1243.7	0
5289667	5306927	-1.0	0
5306927	5318307	-1.0	0
5318307	5330186	-1.0	0
5330186	5345023	-1.0	0
5345023	5360674	-1.0	0
5360674	5380055	-1.0	0
5380055	5397504	-1.0	0
5397504	5409513	-1.0	0
5409513	5424821	-1.0	0
5424821	5440472	1224.3	0
5440472	5458109	1227.9	0
5458109	5468590	1234.5	0
5468590	5482746	1236.1	0
5482746	5496619	1233.3	0
5496619	5510527	1236.1	0
5510527	5530220	1237.7	0
5530220	5547564	1242.3	0
5547564	5554932	1241.5	0
5554932	5568776	1243.7	0
5568776	5589659	1239.9	0
5589659	5606160	1242.5	0
5606160	5622613	1239.9	0
5622613	5630722	1248.8	0
5630722	5644252	1247.8	0
5644252	5663950	1245.5	0
5663950	5679429	1245.7	0
5679429	5692252	1251.0	0
5692252	5704703	1253.2	0
5704703	5720390	1253.0	0
5720390	5735445	1248.8	0
5735445	5753505	1249.2	0
5753505	5769277	1257.4	0
5769277	5783832	1258.4	0
5783832	5790799	1243.5	0
5790799	5804757	1253.0	0
5804757	5825019	1253.4	0
5825019	5839460	1254.8	0
5839460	5850743	1252.8	0
5850743	5861771	1254.2	0
5861771	5881111	1255.0	0
5881111	5899823	1251.8	0
5899823	5906752	1259.6	0
5906752	5928502	1260.8	0
5928502	5935051	1261.2	0
5935051	5948921	1266.0	0
5948921	5970813	1261.8	0
5970813	5977581	1261.2	0
5977581	5992903	1265.2	0
5992903	6006261	1260.4	0
6006261	6017903	1264.6	0
6017903	6043882	1259.2	0
6043882	6052108	1258.2	0
6052108	6067670	1261.6	0
6067670	6078402	1259.0	0
6078402	6091012	1258.0	0
6091012	6111392	1260.8	0
6111392	6122884	1264.0	0
6122884	6136776	1260.6	0
6136776	6150570	1261.4	0
6150570	6163677	1258.8	0
6163677	6185142	1260.0	0
6185142	6193213	1264.2	0
6193213	6209295	1266.8	0
6209295	6222555	1264.2	0
6222555	6234358	1263.4	0
6234358	6257252	1260.2	0
6257252	6266415	1264.0	0
6266415	6283215	1262.8	0
6283215	6293834	1267.2	0
6293834	6308123	1266.2	0
6308123	6321921	1266.0	0
6321921	6333590	1266.6	0
6333590	6346571	1264.8	0
6346571	6362986	1268.0	0
6362986	6373888	1271.2	0
6373888	6394929	1265.8	0
6394929	6411997	1261.4	0
6411997	6424663	1259.6	0
6424663	6435591	1258.2	0
6435591	6449165	1258.8	0
6449165	6466220	1259.6	0
6466220	6481043	1258.4	0
6481043	6493908	1256.8	0
6493908	6512219	1259.4	0
6512219	6520248	1260.6	0
6520248	6542024	1260.4	0
6542024	6555047	1257.4	0
6555047	6564338	1258.8	0
6564338	6583410	1257.6	0
6583410	6595962	1265.6	0
6595962	6613266	1260.2	0
6613266	6622954	1260.4	0
6622954	6636623	1261.6	0
6636623	6654194	1261.0	0
6654194	6663986	1260.6	0
6663986	6682465	1262.8	0
6682465	6695437	1264.8	0
6695437	6709121	1261.4	0
6709121	6722298	1263.0	0
6722298	6739596	1266.2	0
6739596	6754412	1268.0	0
6754412	6766385	1266.0	0
6766385	6779655	1264.8	0
6779655	6793294	1265.4	0
6793294	6808216	1267.0	0
6808216	6827807	1264.4	0
6827807	6842460	1264.8	0
6842460	6856550	1266.2	0
6856550	6870262	1268.0	0
6870262	6888403	1268.2	0
6888403	6902372	1265.6	0
6902372	6915200	1266.0	0
6915200	6928672	1266.8	0
6928672	6944637	1263.8	0
6944637	6957196	1265.4	0
6957196	6972426	1261.2	0
6972426	6990994	1261.2	0
6990994	6999063	1263.4	0
6999063	7014280	1264.6	0
7014280	7032093	1264.6	0
7032093	7047696	1265.4	0
7047696	7061695	1267.0	0
7061695	7078548	1264.8	0
7078548	7085337	1269.4	0
7085337	7099406	1264.8	0
7099406	7118787	1266.4	0
7118787	7130009	1263.8	0
7130009	7147361	1265.8	0
7147361	7157231	1266.0	0
7157231	7174445	1265.4	0
7174445	7190770	1263.8	0
7190770	7201451	1269.2	0
7201451	7215337	1269.8	0
7215337	7228456	1266.6	0
7228456	7242114	1266.0	0
7242114	7266223	1267.2	0
7266223	7275239	1265.6	0
7275239	7286033	1267.4	0
7286033	7298438	1269.2	0
7298438	7313356	1266.0	0
7313356	7335528	1258.6	0
7335528	7349098	1240.3	0
7349098	7357053	1224.1	0
7357053	7372451	1226.1	0
7372451	7386148	1228.1	0
7386148	7404856	1223.9	0
7404856	7419592	1223.5	0
7419592	7434192	1223.1	0
7434192	7447956	1225.3	0
7447956	7462320	1224.7	0
7462320	7480616	1235.5	0
7480616	7500778	1241.9	0
7500778	7512014	1239.5	0
7512014	7519034	1242.5	0
7519034	7539552	1244.1	0
7539552	7553920	1249.8	0
7553920	7567740	1250.8	0
7567740	7579997	1254.2	0
7579997	7592492	1256.4	0
7592492	7609341	1260.0	0
7609341	7626519	1265.2	0
7626519	7647324	1264.4	0
7647324	7660738	1264.0	0
7660738	7667867	1264.0	0
7667867	7682157	1262.8	0
7682157	7711550	1273.6	0
7711550	7721906	1279.0	0
7721906	7735375	1276.4	0
7735375	7753073	1274.8	0
7753073	7762195	1277.6	0
7762195	7794771	1282.4	0
7794771	7811876	1277.6	0
7811876	7821453	1276.4	0
7821453	7833565	1279.6	0
7833565	7854268	1285.6	0
7854268	7862829	1287.6	0
7862829	7873460	1288.4	0
7873460	7893484	1293.9	0
7893484	7905565	1293.3	0
7905565	7926203	1296.7	0
7926203	7933542	1301.9	0
7933542	7947788	1300.1	0
7947788	7958934	1304.5	0
7958934	7969561	1308.9	0
7969561	7991784	1308.5	0
7991784	7998352	1308.9	0
7998352	8015059	1309.3	0
8015059	8030218	1306.7	0
8030218	8037698	1307.3	0
8037698	8055256	1301.1	0
8055256	8067369	1294.5	0
8067369	8080527	1295.9	0
8080527	8107188	1300.3	0
8107188	8123358	1301.3	0
8123358	8135500	1306.3	0
8135500	8149593	1306.3	0
8149593	8161462	1309.1	0
8161462	8174404	1309.7	0
8174404	8191886	1311.8	0
8191886	8214544	1313.6	0
8214544	8227222	1309.9	0
8227222	8240228	1314.2	0
8240228	8259859	1312.6	0
8259859	8273021	1312.6	0
8273021	8285115	1315.2	0
8285115	8300182	1318.0	0
8300182	8310380	1317.6	0
8310380	8328568	1317.8	0
8328568	8341611	1317.4	0
8341611	8350582	1314.8	0
8350582	8363509	1320.6	0
8363509	8376318	1318.8	0
8376318	8396521	1320.6	0
8396521	8403730	1320.2	0
8403730	8421703	1322.4	0
8421703	8434575	1326.4	0
8434575	8443342	1322.6	0
8443342	8460335	1326.6	0
8460335	8479580	1326.0	0
8479580	8486016	1325.0	0
8486016	8499737	1322.6	0
8499737	8511364	1321.8	0
8511364	8527787	1322.6	0
8527787	8543971	1320.8	0
8543971	8550473	1318.6	0
8550473	8563244	1325.4	0
8563244	8582119	1322.6	0
8582119	8597002	1320.6	0
8597002	8611661	1321.4	0
8611661	8633221	1319.0	0
8633221	8648936	1319.0	0
8648936	8663811	1321.2	0
8663811	8673545	1320.2	0
8673545	8693056	1322.2	0
8693056	8698281	1327.0	0
8698281	8713255	1327.0	0
8713255	8732240	1325.0	0
8732240	8742217	1325.6	0
8742217	8757272	1321.8	0
8757272	8772012	1326.0	0
8772012	8780361	1327.0	0
8780361	8794960	1326.2	0
8794960	8806202	1326.0	0
8806202	8819118	1328.8	0
8819118	8834500	1328.6	0
8834500	8849134	1326.0	0
8849134	8868823	1321.2	0
8868823	8874729	1319.6	0
8874729	8888141	1319.4	0
8888141	8903134	1320.2	0
8903134	8915868	1322.6	0
8915868	8935178	1321.2	0
8935178	8941642	1319.4	0
8941642	8961038	1317.4	0
8961038	8967347	1321.4	0
8967347	8980426	1320.0	0
8980426	8999773	1319.4	0
8999773	9007830	1319.4	0
9007830	9020740	1315.4	0
9020740	9038749	1315.6	0
9038749	9046861	1317.4	0
9046861	9064607	1319.8	0
9064607	9076396	1317.0	0
9076396	9091269	1319.4	0
9091269	9107051	1321.4	0
9107051	9119027	1323.8	0
9119027	9136121	1326.2	0
9136121	9144192	1322.0	0
9144192	9160134	1322.8	0
9160134	9184852	1320.0	0
9184852	9203402	1320.0	0
9203402	9210543	1329.8	0
9210543	9223248	1328.6	0
9223248	9236788	1324.8	0
9236788	9251654	1324.8	0
9251654	9266628	1328.2	0
9266628	9277470	1327.6	0
9277470	9290248	1328.8	0
9290248	9305610	1330.4	0
9305610	9318528	1329.8	0
9318528	9334390	1325.4	0
9334390	9348542	1328.6	0
9348542	9361514	1326.6	0
9361514	9369666	1322.0	0
9369666	9387240	1326.0	0
9387240	9402698	1322.8	0
9402698	9414762	1323.0	0
9414762	9427671	1327.8	0
9427671	9445179	1327.4	0
9445179	9465151	1324.8	0
9465151	9483162	1327.0	0
9483162	9490772	1325.6	0
9490772	9508071	1326.2	0
9508071	9516718	1322.6	0
9516718	9539102	1327.0	0
9539102	9549115	1322.6	0
9549115	9587287	1322.6	0
9587287	9606880	1321.6	0
9606880	9613190	1322.4	0
9613190	9631142	1324.4	0
9631142	9644498	1324.6	0
9644498	9651828	1319.4	0
9651828	9670102	1322.2	0
9670102	9683430	1320.6	0
9683430	9692558	1322.2	0
9692558	9710065	1322.8	0
9710065	9722791	1324.0	0
9722791	9742123	1321.4	0
9742123	9747321	1321.0	0
9747321	9759471	1320.4	0
9759471	9774235	1319.6	0
9774235	9811044	1325.2	0
9811044	9816134	1320.8	0
9816134	9832264	1325.0	0
9832264	9845296	1322.6	0
9845296	9855515	1320.8	0
9855515	9877853	1327.0	0
9877853	9886634	1325.8	0
9886634	9897695	1325.8	0
9897695	9913099	1321.6	0
9913099	9929685	1320.6	0
9929685	9944281	1319.6	0
9944281	9959302	1320.6	0
9959302	9974779	1322.2	0
9974779	9981350	1320.2	0
9981350	10013912	1325.4	0
10013912	10026708	1322.2	0
10026708	10039660	1321.8	0
10039660	10052558	1326.4	0
10052558	10064229	1325.4	0
10064229	10079024	1327.6	0
10079024	10091193	1331.2	0
10091193	10108781	1328.4	0
10108781	10118885	1327.6	0
10118885	10131424	1327.4	0
10131424	10149062	1326.0	0
10149062	10159450	1326.2	0
10159450	10174803	1329.6	0
10174803	10185242	1326.0	0
10185242	10199917	1327.2	0
10199917	10218898	1330.0	0
10218898	10228921	1327.2	0
10228921	10241148	1328.2	0
10241148	10251355	1322.4	0
10251355	10266764	1327.8	0
10266764	10287325	1324.6	0
10287325	10294565	1325.0	0
10294565	10309926	1321.0	0
10309926	10322820	1320.2	0
10322820	10330478	1321.4	0
10330478	10348690	1326.0	0
10348690	10361718	1329.6	0
10361718	10387482	1327.0	0
10387482	10398710	1330.0	0
10398710	10419396	1326.8	0
10419396	10439839	1327.2	0
10439839	10455098	1321.4	0
10455098	10469332	1327.2	0
10469332	10488615	1325.8	0
10488615	10494260	1328.8	0
10494260	10509065	1319.4	0
10509065	10523336	1321.8	0
10523336	10531091	1320.0	0
10531091	10549619	1319.2	0
10549619	10560675	1320.0	0
10560675	10578464	1319.4	0
10578464	10590421	1318.8	0
10590421	10599322	1318.2	0
10599322	10619028	1316.0	0
10619028	10627015	1319.2	0
10627015	10639613	1319.6	0
10639613	10652217	1322.8	0
10652217	10670830	1320.0	0
10670830	10690193	1319.6	0
10690193	10701921	1318.6	0
10701921	10709819	1317.6	0
10709819	10722732	1319.0	0
10722732	10754560	1320.8	0
10754560	10770426	1319.4	0
10770426	10779200	1322.4	0
10779200	10791358	1318.0	0
10791358	10819974	1322.4	0
10819974	10829517	1321.4	0
10829517	10843467	1321.6	0
10843467	10858640	1318.4	0
10858640	10874570	1319.8	0
10874570	10888279	1319.4	0
10888279	10899162	1318.6	0
10899162	10912576	1319.8	0
10912576	10929867	1325.8	0
10929867	10946945	1328.0	0
10946945	10962509	1312.4	0
10962509	10970484	1318.8	0
10970484	10983244	1320.6	0
10983244	11001635	1317.0	0
11001635	11009503	1320.6	0
11009503	11035957	1317.2	0
11035957	11051557	1320.6	0
11051557	11060263	1319.6	0
11060263	11077962	1317.8	0
11077962	11098428	1319.4	0
11098428	11106020	1322.2	0
11106020	11123722	1318.4	0
11123722	11135733	1318.8	0
11135733	11148793	1319.2	0
11148793	11173627	1318.4	0
11173627	11189059	1317.8	0
11189059	11202035	1321.8	0
11202035	11215095	1322.8	0
11215095	11234379	1322.0	0
11234379	11250081	1322.4	0
11250081	11273369	1325.8	0
11273369	11299324	1327.2	0
11299324	11306618	1323.6	0
11306618	11319979	1322.4	0
11319979	11338169	1321.4	0
11338169	11350851	1320.4	0
11350851	11364996	1320.4	0
11364996	11377590	1320.6	0
11377590	11390489	1323.8	0
11390489	11399802	1322.4	0
11399802	11414715	1321.8	0
11414715	11429892	1323.0	0
11429892	11440919	1316.6	0
11440919	11453955	1318.6	0
11453955	11469456	1320.6	0
11469456	11503230	1322.2	0
11503230	11527149	1320.2	0
11527149	11538122	1319.2	0
11538122	11550952	1318.2	0
11550952	11571169	1319.2	0
11571169	11579543	1318.2	0
11579543	11591004	1313.0	0
11591004	11609454	1312.2	0
11609454	11637561	1315.4	0
11637561	11649034	1316.4	0
11649034	11661292	1314.4	0
11661292	11680631	1319.6	0
11680631	11703043	1319.0	0
11703043	11713664	1319.2	0
11713664	11725913	1319.6	0
11725913	11744866	1320.2	0
11744866	11751113	1325.8	0
11751113	11771628	1326.6	0
11771628	11780611	1325.6	0
11780611	11791891	1326.8	0
11791891	11808814	1314.4	0
11808814	11817790	1319.4	0
11817790	11841387	1318.6	0
11841387	11851507	1320.2	0
11851507	11860508	1318.0	0
11860508	11879798	1318.4	0
11879798	11888103	1318.2	0
11888103	11907524	1319.8	0
11907524	11919295	1319.4	0
11919295	11934681	1319.4	0
11934681	11943206	1315.4	0
11943206	11979828	1320.2	0
11979828	11989141	1315.2	0
11989141	11998315	1321.2	0
11998315	12010686	1321.2	0
12010686	12023598	1319.6	0
12023598	12043498	1321.2	0
12043498	12052435	1316.8	0
12052435	12064729	1319.4	0
12064729	12079060	1318.0	0
12079060	12090876	1316.6	0
12090876	12113482	1318.2	0
12113482	12136414	1318.6	0
12136414	12161787	1319.6	0
12161787	12174252	1324.6	0
12174252	12190090	1325.8	0
12190090	12202120	1327.2	0
12202120	12209695	1331.2	0
12209695	12229186	1326.6	0
12229186	12244580	1322.4	0
12244580	12254988	1326.2	0
12254988	12271283	1322.2	0
12271283	12287256	1329.2	0
12287256	12310200	1320.6	0
12310200	12326183	1318.2	0
12326183	12335331	1317.6	0
12335331	12364994	1319.4	0
12364994	12384157	1322.0	0
12384157	12397072	1321.8	0
12397072	12403544	1322.8	0
12403544	12419278	1320.8	0
12419278	12429561	1319.6	0
12429561	12458352	1320.8	0
12458352	12470889	1322.8	0
12470889	12487017	1325.6	0
12487017	12515816	1326.2	0
12515816	12526043	1322.8	0
12526043	12545190	1325.0	0
12545190	12557247	1327.8	0
12557247	12579612	1327.4	0
12579612	12590444	1319.0	0
12590444	12609513	1319.0	0
12609513	12622525	1317.2	0
12622525	12629442	1317.6	0
12629442	12652423	1329.4	0
12652423	12661134	1325.4	0
12661134	12676038	1319.2	0
12676038	12690174	1315.8	0
12690174	12696973	1323.4	0
12696973	12742198	1320.2	0
12742198	12753699	1324.6	0
12753699	12763899	1325.2	0
12763899	12783268	1327.6	0
12783268	12792803	1325.2	0
12792803	12808914	1324.6	0
12808914	12816876	1326.4	0
12816876	12828855	1322.6	0
12828855	12851257	1323.2	0
12851257	12860409	1323.2	0
12860409	12873324	1328.0	0
12873324	12887489	1323.2	0
12887489	12922234	1325.4	0
12922234	12943867	1327.6	0
12943867	12957229	1327.2	0
12957229	12967807	1326.8	0
12967807	12986816	1328.0	0
12986816	12996334	1321.8	0
12996334	13015111	1331.2	0
13015111	13038705	1327.8	0
13038705	13057988	1329.4	0
13057988	13062907	1327.8	0
13062907	850	1326.2	0
850	13091013	1312.8	0
13091013	13098924	1313.6	0
13098924	13111024	1314.2	0
13111024	13131416	1320.6	0
13131416	13142331	1321.8	0
13142331	13160367	1320.6	0
13160367	13171044	1325.2	0
13171044	13179291	1326.4	0
13179291	13190358	1327.0	0
13190358	13201920	1329.2	0
13201920	13223741	1330.6	0
13223741	13234156	1329.2	0
13234156	13249547	1330.4	0
13249547	13260992	1330.4	0
13260992	13275059	1331.0	0
13275059	13293361	1332.0	0
13293361	13304616	1331.2	0
13304616	13317272	1330.8	0
13317272	13325594	1329.0	0
13325594	13337744	1329.4	0
13337744	13359206	1328.4	0
13359206	13373599	1332.4	0
13373599	13379904	1332.4	0
13379904	13392972	1333.0	0
13392972	13403239	1334.0	0
13403239	13426003	1331.8	0
13426003	13435752	1331.2	0
13435752	13447590	1330.4	0
13447590	13471904	1330.0	0
13471904	13492279	1330.6	0
13492279	13509342	1329.2	0
13509342	13518012	1331.6	0
13518012	13530842	1331.0	0
13530842	13544607	1332.4	0
13544607	13558011	1331.8	0
13558011	13575940	1333.4	0
13575940	13588355	1332.6	0
13588355	13596408	1332.0	0
13596408	13607600	1333.0	0
13607600	13623126	1332.8	0
13623126	13635172	1332.4	0
13635172	13652523	1331.0	0
13652523	13662060	1328.6	0
13662060	13674796	1328.2	0
13674796	13692186	1323.4	0
13692186	13706514	1325.4	0
13706514	13718442	1327.6	0
13718442	13730078	1329.6	0
13730078	13744749	1327.0	0
13744749	13760242	1327.6	0
13760242	13769366	1326.8	0
13769366	13788771	1326.8	0
13788771	13801681	1325.8	0
13801681	13813844	1326.8	0
13813844	13827352	1327.0	0
13827352	13844418	1325.4	0
13844418	13849858	1327.6	0
13849858	13865796	1324.8	0
13865796	13875877	1325.2	0
13875877	13894599	1327.0	0
13894599	13910693	1322.8	0
13910693	13924174	1325.4	0
13924174	13937023	1325.8	0
13937023	13943506	1327.0	0
13943506	13961986	1326.2	0
13961986	13975518	1329.0	0
13975518	13990537	1327.4	0
13990537	13996871	1330.6	0
13996871	14008545	1328.6	0
14008545	14026956	1330.0	0
14026956	14039401	1332.0	0
14039401	14051652	1331.4	0
14051652	14071978	1330.4	0
14071978	14082142	1331.2	0
14082142	14095614	1333.8	0
14095614	14111029	1330.6	0
14111029	14117474	1333.0	0
14117474	14136494	1333.6	0
14136494	14143251	1333.6	0
14143251	14162050	1336.6	0
14162050	14175187	1337.2	0
14175187	14190020	1333.8	0
14190020	14200851	1336.2	0
14200851	14212987	1333.8	0
14212987	14231420	1335.2	0
14231420	14239509	1332.8	0
14239509	14252159	1338.3	0
14252159	14267793	1339.9	0
14267793	14280520	1337.9	0
14280520	14299367	1335.8	0
14299367	14305350	1335.8	0
14305350	14318234	1335.4	0
14318234	14331342	1335.0	0
14331342	14341710	1339.7	0
14341710	14360191	1338.7	0
14360191	14371573	1336.2	0
14371573	14388160	1339.7	0
14388160	14397259	1338.3	0
14397259	14411642	1340.3	0
14411642	14430820	1339.7	0
14430820	14443675	1339.7	0
14443675	14468511	1336.2	0
14468511	14475386	1342.9	0
14475386	14494643	1336.0	0
14494643	14511585	1338.7	0
14511585	14534076	1339.3	0
14534076	14560333	1319.8	0
14560333	14568870	1322.2	0
14568870	14585617	1321.4	0
14585617	14603963	1325.2	0
14603963	14610187	1325.0	0
14610187	14625760	1326.2	0
14625760	14632741	1325.4	0
14632741	14650428	1327.8	0
14650428	14662879	1326.6	0
14662879	14676237	1324.2	0
14676237	14690407	1321.8	0
14690407	14704264	1327.6	0
14704264	14736574	1329.6	0
14736574	14743677	1329.0	0
14743677	14759020	1329.0	0
14759020	14769471	1328.0	0
14769471	14787694	1329.2	0
14787694	14801542	1330.4	0
14801542	14816568	1330.4	0
14816568	14827361	1329.8	0
14827361	14841816	1330.2	0
14841816	14869354	1326.4	0
14869354	14878871	1324.6	0
14878871	14891694	1326.0	0
14891694	14902426	1330.4	0
14902426	14915146	1325.4	0
14915146	14936196	1321.2	0
14936196	14942604	1322.0	0
14942604	14961770	1322.4	0
14961770	14970205	1327.2	0
14970205	14981046	1325.6	0
14981046	14998960	1320.2	0
14998960	15017229	1317.8	0
15017229	15026419	1326.8	0
15026419	15050608	1327.4	0
15050608	15065325	1319.6	0
15065325	15078420	1321.4	0
15078420	15091206	1328.2	0
15091206	15104238	1321.8	0
15104238	15119378	1323.4	0
15119378	15136341	1327.6	0
15136341	15145077	1330.2	0
15145077	15158234	1332.8	0
15158234	15174450	1331.4	0
15174450	15187742	1330.2	0
15187742	15204094	1330.2	0
15204094	15213540	1326.8	0
15213540	15232855	1327.6	0
15232855	15243723	1329.8	0
15243723	15280091	1329.6	0
15280091	15291221	1327.6	0
15291221	15303964	1328.2	0
15303964	15323427	1326.0	0
15323427	15342637	1325.4	0
15342637	15355842	1325.4	0
15355842	15362193	1326.0	0
15362193	15387998	1326.2	0
15387998	15407221	1323.0	0
15407221	15420561	1320.0	0
15420561	15429284	1323.6	0
15429284	15441542	1326.4	0
15441542	15491019	1328.6	0
15491019	15497526	1330.6	0
15497526	15516349	1329.6	0
15516349	15542431	1330.4	0
15542431	15551598	1328.8	0
15551598	15567893	1323.2	0
15567893	15579177	1319.0	0
15579177	15587533	1317.8	0
15587533	15604290	1321.8	0
15604290	15617783	1322.2	0
15617783	15632289	1325.4	0
15632289	15643280	1328.6	0
15643280	15654660	1328.6	0
15654660	15677668	1331.0	0
15677668	15689651	1327.0	0
15689651	15696743	1328.4	0
15696743	15709623	1327.0	0
15709623	15729105	1326.8	0
15729105	15742527	1326.4	0
15742527	15755067	1326.6	0
15755067	15766831	1322.2	0
15766831	15781058	1325.0	0
15781058	15808787	1324.8	0
15808787	15819534	1326.8	0
15819534	15832304	1324.8	0
15832304	15845173	1328.4	0
15845173	15851723	1328.8	0
15851723	15871118	1338.3	0
15871118	15889412	1332.8	0
15889412	15902645	1320.8	0
15902645	15912561	1322.0	0
15912561	15921725	1322.6	0
15921725	15939379	1327.6	0
15939379	15950003	1329.4	0
15950003	15963150	1330.2	0
15963150	15973927	1330.2	0
15973927	15986512	1332.2	0
15986512	16009601	1335.8	0
16009601	16020091	1329.2	0
16020091	16033810	1329.2	0
16033810	16054961	1329.2	0
16054961	16074395	1331.2	0
16074395	16081034	1333.2	0
16081034	16093376	1328.6	0
16093376	16112934	1327.6	0
16112934	16121067	1326.0	0
16121067	16138857	1324.4	0
16138857	16149633	1326.4	0
16149633	16161922	1327.0	0
16161922	16176586	1326.8	0
16176586	16186743	1322.6	0
16186743	16202833	1322.8	0
16202833	16215692	1325.6	0
16215692	16228525	1327.2	0
16228525	16247729	1326.4	0
16247729	16254262	1327.8	0
16254262	16273666	1328.0	0
16273666	16289257	1325.4	0
16289257	16299680	1322.0	0
16299680	16308906	1324.2	0
16308906	16324841	1321.8	0
16324841	16337723	1316.8	0
16337723	16351475	1318.0	0
16351475	16380046	1317.6	0
16380046	16389362	1319.6	0
16389362	16408687	1319.0	0
16408687	16421390	1318.4	0
16421390	16446988	1319.0	0
16446988	16459944	1326.6	0
16459944	16480011	1324.8	0
16480011	16485807	1326.6	0
16485807	16498495	1323.0	0
16498495	16510936	1328.4	0
16510936	16527276	1327.4	0
16527276	16542969	1328.2	0
16542969	16554216	1327.2	0
16554216	16564952	1323.0	0
16564952	16577633	1326.8	0
16577633	16594104	1332.8	0
16594104	16613244	1331.0	0
16613244	16621370	1323.4	0
16621370	16632364	1325.0	0
16632364	16645141	1321.8	0
16645141	16657593	1322.0	0
16657593	16679406	1321.2	0
16679406	16686147	1325.4	0
16686147	16702323	1326.8	0
16702323	16709361	1325.0	0
16709361	16726745	1322.0	0
16726745	16747534	1326.2	0
16747534	16753978	1325.6	0
16753978	16764783	1325.2	0
16764783	16776739	1323.4	0
16776739	16791439	1326.4	0
16791439	16806753	1329.4	0
16806753	16818954	1321.6	0
16818954	16837059	1322.6	0
16837059	16843399	1326.2	0
16843399	16862125	1327.2	0
16862125	16881489	1326.4	0
16881489	16890267	1330.8	0
16890267	16900542	1329.0	0
16900542	16913418	1326.2	0
16913418	16939209	1322.2	0
16939209	16953512	1327.2	0
16953512	16962667	1326.2	0
16962667	16978247	1324.4	0
16978247	16985126	1320.4	0
16985126	17011165	1322.4	0
17011165	17024637	1328.0	0
17024637	17038080	1326.4	0
17038080	17048981	1321.6	0
17048981	17061864	1324.8	0
17061864	17081205	1320.6	0
17081205	17094887	1323.0	0
17094887	17100497	1317.2	0
17100497	17113274	1320.6	0
17113274	17145092	1322.0	0
17145092	17151692	1326.6	0
17151692	17164623	1326.8	0
17164623	17181669	1330.4	0
17181669	17190988	1326.2	0
17190988	17211482	1325.4	0
17211482	17219494	1328.8	0
17219494	17236107	1331.2	0
17236107	17248114	1332.8	0
17248114	17256495	1331.6	0
17256495	17285353	1332.0	0
17285353	17302435	1331.4	0
17302435	17311943	1330.2	0
17311943	17326629	1331.2	0
17326629	17338825	1334.6	0
17338825	17350429	1334.6	0
17350429	17363220	1333.8	0
17363220	17376049	1332.8	0
17376049	17391692	1329.8	0
17391692	17407667	1330.4	0
17407667	17424197	1331.8	0
17424197	17432082	1333.8	0
17432082	17446420	1337.4	0
17446420	17457549	1335.2	0
17457549	17471709	1340.3	0
17471709	17484517	1338.7	0
17484517	17496998	1335.8	0
17496998	17509707	1340.1	0
17509707	17526588	1338.7	0
17526588	17542848	1338.1	0
17542848	17553923	1332.4	0
17553923	17566260	1340.1	0
17566260	17574184	1341.3	0
17574184	17586310	1334.0	0
17586310	17604561	1332.2	0
17604561	17620920	1332.2	0
17620920	17630165	1335.6	0
17630165	17644906	1334.4	0
17644906	17659475	1335.6	0
17659475	17674322	1336.6	0
17674322	17685052	1335.6	0
17685052	17697591	1333.6	0
17697591	17716215	1334.0	0
17716215	17723872	1333.6	0
17723872	17744033	1332.8	0
17744033	17755839	1334.8	0
17755839	17763242	1334.8	0
17763242	17775994	1337.9	0
17775994	17788661	1335.8	0
17788661	17807777	1334.4	0
17807777	17820406	1336.2	0
17820406	17833202	1336.0	0
17833202	17845800	1338.1	0
17845800	17877172	1339.3	0
17877172	17886036	1339.7	0
17886036	17902640	1339.5	0
17902640	17928242	1341.3	0
17928242	17942939	1335.8	0
17942939	17960294	1335.8	0
17960294	17966698	1337.5	0
17966698	17984514	1335.2	0
17984514	18011072	1335.8	0
18011072	18023790	1334.8	0
18023790	18030198	1339.3	0
18030198	18048130	1336.0	0
18048130	18055797	1333.0	0
18055797	18074954	1335.0	0
18074954	18088219	1336.0	0
18088219	18100210	1318.8	0
18100210	18111762	1320.8	0
18111762	18128758	1326.8	0
18128758	18158341	1327.8	0
18158341	18165092	1331.2	0
18165092	18181950	1332.4	0
18181950	18190134	1332.2	0
18190134	18223201	1334.2	0
18223201	18246986	1335.4	0
18246986	18259108	1334.2	0
18259108	18270903	1337.9	0
18270903	18297700	1338.5	0
18297700	18310365	1339.9	0
18310365	18325289	1338.5	0
18325289	18335568	1338.9	0
18335568	18356565	1339.5	0
18356565	18361962	1338.9	0
18361962	18375360	1339.5	0
18375360	18388604	1342.1	0
18388604	18400485	1341.7	0
18400485	18420784	1341.1	0
18420784	18429279	1336.2	0
18429279	18441620	1340.5	0
18441620	18457054	1341.9	0
18457054	18469124	1340.3	0
18469124	18483289	1340.9	0
18483289	18505951	1339.3	0
18505951	18524308	1338.9	0
18524308	18537867	1339.3	0
18537867	18556685	1339.7	0
18556685	18575443	1338.1	0
18575443	18594720	1338.5	0
18594720	18607506	1339.5	0
18607506	18620150	1340.7	0
18620150	18635002	1340.7	0
18635002	18651747	1335.2	0
18651747	18663223	1339.1	0
18663223	18674535	1340.3	0
18674535	18691336	1341.3	0
18691336	18701806	1340.3	0
18701806	18722823	1339.1	0
18722823	18741291	1333.6	0
18741291	18754556	1338.1	0
18754556	18765735	1338.7	0
18765735	18784665	1340.1	0
18784665	18798187	1340.9	0
18798187	18805285	1338.3	0
18805285	18822886	1336.2	0
18822886	18840209	1334.6	0
18840209	18846778	1338.9	0
18846778	18858639	1334.0	0
18858639	18871656	1333.6	0
18871656	18892381	1336.2	0
18892381	18904352	1338.3	0
18904352	18912075	1334.8	0
18912075	18931140	1339.1	0
18931140	18943838	1338.7	0
18943838	18960508	1337.9	0
18960508	18973130	1335.8	0
18973130	18981986	1336.6	0
18981986	18994683	1336.2	0
18994683	19008719	1334.4	0
19008719	19026256	1333.8	0
19026256	19032561	1330.2	0
19032561	19045416	1328.8	0
19045416	19064638	1331.2	0
19064638	19077292	1332.8	0
19077292	19096437	1333.4	0
19096437	19109448	1331.4	0
19109448	19115830	1328.4	0
19115830	19132509	1340.3	0
19132509	19160284	1334.4	0
19160284	19173159	1332.2	0
19173159	19183883	1333.0	0
19183883	19198965	1330.6	0
19198965	19208280	1329.4	0
19208280	19225955	1327.6	0
19225955	19232416	1325.8	0
19232416	19245170	1327.4	0
19245170	19263233	1330.0	0
19263233	19277204	1328.4	0
19277204	19302366	1328.2	0
19302366	19320659	1319.6	0
19320659	19327990	1319.8	0
19327990	19359261	1320.4	0
19359261	19372127	1320.4	0
19372127	19378478	1324.0	0
19378478	19395973	1326.2	0
19395973	19408525	1326.2	0
19408525	19435017	1325.2	0
19435017	19451129	1330.0	0
19451129	19458409	1329.4	0
19458409	19471279	1329.0	0
19471279	19487124	1328.4	0
19487124	19505242	1329.2	0
19505242	19512965	1323.2	0
19512965	19529762	1323.4	0
19529762	19538785	1319.8	0
19538785	19559615	1318.4	0
19559615	19571352	1306.1	0
19571352	19591627	1311.6	0
19591627	19606760	1311.8	0
19606760	19622782	1314.0	0
19622782	19631687	1316.4	0
19631687	19643335	1316.6	0
19643335	19661665	1316.0	0
19661665	19675119	1317.8	0
19675119	19688381	1321.2	0
19688381	19698392	1321.6	0
19698392	19713865	1322.4	0
19713865	19722969	1321.4	0
19722969	19746219	1325.4	0
19746219	19752808	1325.2	0
19752808	19769161	1320.6	0
19769161	1300	1317.2	0
1300	19790008	1303.9	0
19790008	19806539	1303.7	0
19806539	19812656	1304.7	0
19812656	19832169	1304.9	0
19832169	19844637	1308.1	0
19844637	19869472	1309.9	0
19869472	19876504	1312.6	0
19876504	19894335	1312.0	0
19894335	19907307	1309.7	0
19907307	19921282	1313.4	0
19921282	19935255	1312.2	0
19935255	19943540	1312.2	0
19943540	19960423	1309.1	0
19960423	19976897	1311.0	0
19976897	19988960	1314.8	0
19988960	19999036	1313.0	0
19999036	20011505	1315.6	0
20011505	20031177	1318.0	0
20031177	20037708	1315.4	0
20037708	20050770	1313.8	0
20050770	20065057	1312.2	0
20065057	20078118	1311.8	0
20078118	20103285	1314.8	0
20103285	20109620	1320.2	0
20109620	20127441	1316.6	0
20127441	20141079	1316.4	0
20141079	20148118	1321.0	0
20148118	99999999	1321.0	0
