#Processing Run 48131 for polarization tables
#The run table thinks this was a DSWAPL2 run
#Corresponding AMO file is :/home/clasg8/rootbeer2.1/dat/pol/amo_tesc_48112.dat
#Coherent Edge positions for TESC events follow:
#Event	Coh Edge	PolPlane(PARA=0,PERP=1,AMO=2,CHANGING=3)
0	132	1906.2	1
132	3538	1902.8	1
3538	14167	1902.2	1
14167	26435	1904.6	1
26435	46215	1902.4	1
46215	53607	1903.2	1
53607	70357	1896.8	1
70357	78788	1900.8	1
78788	95562	1901.6	1
95562	108539	1902.0	1
108539	115045	1900.2	1
115045	133116	1944.7	1
133116	140411	1902.8	1
140411	157478	1901.6	1
157478	164790	1901.6	1
164790	181930	1898.4	1
181930	192899	1903.2	1
192899	208860	1901.0	1
208860	218268	1900.2	1
218268	232201	1901.2	1
232201	245346	1900.2	1
245346	257343	1900.0	1
257343	273406	1899.4	1
273406	279486	1899.6	1
279486	297941	1898.6	1
297941	303754	1898.8	1
303754	319227	1899.0	1
319227	334411	1899.6	1
334411	349754	1898.2	1
349754	360475	1900.0	1
360475	372221	1899.6	1
372221	389590	1900.6	1
389590	395885	1899.0	1
395885	412183	1899.4	1
412183	425782	1899.0	1
425782	436363	1900.8	1
436363	448309	1901.4	1
448309	458817	1900.8	1
458817	470306	1901.0	1
470306	487957	1901.8	1
487957	493966	1900.2	1
493966	512516	1900.8	1
512516	525939	1901.4	1
525939	537344	1901.4	1
537344	545118	1899.6	1
545118	557375	1900.6	1
557375	579400	1901.2	1
579400	590855	1900.4	1
590855	597939	1900.4	1
597939	615408	1900.6	1
615408	628656	1897.2	1
628656	639936	1898.8	1
639936	652655	1899.6	1
652655	664445	1900.8	1
664445	676655	1902.2	1
676655	688862	1900.8	1
688862	701156	1901.8	1
701156	716332	1902.4	1
716332	724670	1902.6	1
724670	737435	1900.8	1
737435	749039	1896.4	1
749039	764148	1894.8	1
764148	782090	1898.6	1
782090	787757	1900.6	1
787757	806700	1900.4	1
806700	818786	1900.0	1
818786	831282	1899.2	1
831282	839517	1896.0	1
839517	854949	1902.4	1
854949	864665	1901.6	1
864665	881532	1901.4	1
881532	898064	1899.8	1
898064	903857	1899.4	1
903857	916942	1901.0	1
916942	928427	1899.4	1
928427	946503	1901.6	1
946503	955558	1900.6	1
955558	973403	1899.0	1
973403	986242	1901.6	1
986242	998465	1897.2	1
998465	1009021	1897.4	1
1009021	1021364	1895.0	1
1021364	1032410	1901.4	1
1032410	1045237	1897.8	1
1045237	1056923	1901.2	1
1056923	1074832	1901.6	1
1074832	1090230	1901.4	1
1090230	1102609	1901.0	1
1102609	1114072	1901.4	1
1114072	1121261	1901.8	1
1121261	1139629	1902.2	1
1139629	1158081	1902.0	1
1158081	1162338	1900.0	1
1162338	1174995	1902.6	1
1174995	1186532	1902.8	1
1186532	1200070	1902.8	1
1200070	1218341	1903.6	1
1218341	1225339	1904.4	1
1225339	1237537	1904.2	1
1237537	1254701	1904.4	1
1254701	1268273	1904.4	1
1268273	1279384	1903.4	1
1279384	1289255	1902.8	1
1289255	1306224	1903.0	1
1306224	1314365	1905.2	1
1314365	1329863	1905.0	1
1329863	1346966	1904.6	1
1346966	1352346	1903.4	1
1352346	1369747	1903.4	1
1369747	1384192	1904.4	1
1384192	1395297	1905.4	1
1395297	1410097	1906.0	1
1410097	1422508	1906.8	1
1422508	1433810	1907.2	1
1433810	1440678	1907.2	1
1440678	1452001	1906.6	1
1452001	1473474	1906.4	1
1473474	1479708	1906.4	1
1479708	1495820	1905.4	1
1495820	1508530	1907.2	1
1508530	1520764	1907.0	1
1520764	1537310	1905.8	1
1537310	1549887	1903.2	1
1549887	1555545	1903.6	1
1555545	1574812	1899.4	1
1574812	1580160	1899.0	1
1580160	1599419	1902.6	1
1599419	1607386	1899.6	1
1607386	1617849	1902.0	1
1617849	1636146	1902.2	1
1636146	1647762	1903.6	1
1647762	1665698	1903.2	1
1665698	1671076	1902.8	1
1671076	1683921	1899.2	1
1683921	1696591	1888.3	1
1696591	1708812	1884.6	1
1708812	1727983	1881.8	1
1727983	1733955	1880.4	1
1733955	1746147	1877.0	1
1746147	1764260	1879.6	1
1764260	1769359	1884.2	1
1769359	118	1890.5	1
118	1800553	1894.2	1
1800553	1808862	1891.0	1
1808862	1825602	1893.2	1
1825602	1838605	1900.2	1
1838605	1849689	1902.2	1
1849689	1865670	1899.0	1
1865670	1878453	1900.6	1
1878453	1884544	1901.4	1
1884544	1895683	1904.6	1
1895683	1915873	1904.2	1
1915873	1926766	1906.8	1
1926766	1932739	1907.0	1
1932739	1950803	1907.2	1
1950803	1959848	1906.2	1
1959848	1974659	1903.0	1
1974659	1984877	1906.0	1
1984877	1996245	1903.6	1
1996245	2011690	1905.8	1
2011690	2021813	1905.2	1
2021813	2039797	1903.2	1
2039797	2047288	1905.6	1
2047288	2064548	1906.6	1
2064548	2077577	1906.2	1
2077577	2089715	1907.4	1
2089715	2096546	1907.2	1
2096546	2107995	1909.6	1
2107995	2119485	1907.0	1
2119485	2137134	1907.0	1
2137134	2149624	1907.6	1
2149624	2162604	1906.2	1
2162604	2174781	1906.8	1
2174781	2191710	1907.4	1
2191710	2197707	1908.2	1
2197707	2209860	1909.0	1
2209860	2229529	1908.6	1
2229529	2241794	1905.0	1
2241794	2247989	1903.6	1
2247989	2266526	1908.4	1
2266526	2278811	1906.6	1
2278811	2297488	1907.6	1
2297488	2302687	1907.4	1
2302687	2314997	1906.8	1
2314997	2327361	1907.2	1
2327361	2337036	1903.8	1
2337036	2352918	1905.6	1
2352918	2370771	1906.0	1
2370771	2383087	1907.2	1
2383087	2388435	1907.8	1
2388435	2400474	1906.8	1
2400474	2415681	1908.0	1
2415681	2431213	1907.8	1
2431213	2438680	1905.2	1
2438680	2449877	1908.0	1
2449877	2467638	1907.2	1
2467638	2481743	1905.4	1
2481743	2492760	1906.2	1
2492760	2505142	1905.8	1
2505142	2522747	1904.6	1
2522747	2536136	1905.8	1
2536136	2546261	1907.6	1
2546261	2563798	1907.8	1
2563798	2574208	1907.4	1
2574208	2580394	1908.2	1
2580394	2594195	1908.8	1
2594195	2610875	1908.4	1
2610875	2624848	1906.2	1
2624848	2635629	1906.6	1
2635629	2648896	1906.2	1
2648896	2659236	1904.2	1
2659236	2672498	1905.6	1
2672498	2691314	1906.6	1
2691314	2704083	1906.6	1
2704083	2716672	1907.8	1
2716672	2721628	1901.0	1
2721628	2739838	1904.2	1
2739838	2749845	1905.0	1
2749845	2766748	1905.8	1
2766748	2779212	1908.0	1
2779212	2792879	1908.8	1
2792879	2804515	1908.8	1
2804515	2814360	1906.8	1
2814360	2831838	1906.2	1
2831838	2839676	1904.0	1
2839676	2856974	1906.2	1
2856974	2872544	1903.8	1
2872544	2884457	1904.6	1
2884457	2891166	1906.6	1
2891166	2909869	1906.2	1
2909869	2922351	1908.6	1
2922351	2932945	1906.0	1
2932945	2946275	1903.0	1
2946275	2961859	1901.0	1
2961859	2969959	1901.2	1
2969959	2981943	1903.2	1
2981943	2996762	1902.6	1
2996762	3003607	1906.6	1
3003607	3021514	1909.4	1
3021514	3028348	1908.2	1
3028348	3045190	1907.6	1
3045190	3062047	1900.4	1
3062047	3074744	1907.2	1
3074744	3087604	1899.2	1
3087604	3099550	1902.0	1
3099550	3105595	1905.2	1
3105595	3123847	1909.0	1
3123847	3137738	1908.8	1
3137738	3149766	1910.0	1
3149766	3158263	1907.2	1
3158263	3171067	1905.8	1
3171067	3185728	1908.8	1
3185728	3202722	1909.4	1
3202722	3214921	1909.0	1
3214921	3226092	1907.4	1
3226092	3239129	1908.8	1
3239129	3251815	1909.2	1
3251815	3264678	1904.8	1
3264678	3274001	1907.4	1
3274001	3290511	1909.4	1
3290511	3298978	1909.0	1
3298978	3318494	1907.6	1
3318494	3324823	1906.8	1
3324823	3337145	1908.2	1
3337145	3355890	1908.4	1
3355890	3367404	1908.8	1
3367404	3383273	1909.0	1
3383273	3394098	1906.6	1
3394098	3401823	1905.4	1
3401823	3418044	1907.4	1
3418044	3430002	1905.8	1
3430002	3443947	1907.4	1
3443947	3451908	1903.6	1
3451908	3464091	1903.0	1
3464091	3477165	1897.0	1
3477165	3488996	1894.2	1
3488996	3508722	1896.2	1
3508722	3520237	1904.8	1
3520237	3531898	1902.4	1
3531898	3539268	1895.6	1
3539268	3557750	1900.4	1
3557750	3570788	1904.0	1
3570788	3580491	1903.6	1
3580491	3595069	1903.0	1
3595069	3602695	1903.6	1
3602695	3621774	1905.0	1
3621774	3638796	1904.0	1
3638796	3645049	1906.6	1
3645049	3668602	1905.4	1
3668602	3682454	1900.0	0
3682454	3691760	1897.4	0
3691760	3703437	1899.0	0
3703437	3716049	1898.6	0
3716049	3728907	1901.2	0
3728907	3746939	1901.4	0
3746939	3763830	1901.0	0
3763830	3770202	1904.2	0
3770202	3782827	1906.8	0
3782827	3800473	1897.8	0
3800473	3815780	1905.2	0
3815780	3827720	1902.2	0
3827720	3835343	1901.4	0
3835343	3853636	1896.4	0
3853636	3866501	1907.4	0
3866501	3881360	1903.6	0
3881360	3905881	1904.2	0
3905881	3910349	1895.6	0
3910349	3927522	1895.0	0
3927522	3934042	1895.8	0
3934042	3946278	1896.0	0
3946278	3968558	1899.2	0
3968558	3977312	1900.2	0
3977312	3995515	1900.4	0
3995515	4008386	1902.2	0
4008386	4020396	1899.4	0
4020396	4036553	1901.8	0
4036553	4049093	1910.0	0
4049093	4061052	1908.0	0
4061052	4068075	1908.2	0
4068075	4085734	1909.2	0
4085734	4102983	1900.2	0
4102983	4114140	1901.4	0
4114140	4120626	1902.6	0
4120626	4133821	1904.8	0
4133821	4151474	1912.2	0
4151474	4168866	1910.4	0
4168866	4175027	1915.8	0
4175027	4188397	1910.2	0
4188397	4199173	1915.8	0
4199173	4215172	1906.6	0
4215172	4228588	1914.2	0
4228588	4245914	1912.2	0
4245914	4258412	1914.4	0
4258412	4270818	1907.8	0
4270818	4277113	1917.4	0
4277113	4296295	1943.5	0
4296295	4306568	1908.0	0
4306568	4319026	1943.9	0
4319026	4337440	1912.8	0
4337440	4350389	1896.2	0
4350389	4363322	1911.0	0
4363322	4376105	1902.8	0
4376105	4389003	1909.6	0
4389003	4406722	1903.4	0
4406722	4414292	1907.6	0
4414292	4426181	1897.0	0
4426181	4443566	1913.0	0
4443566	4454552	1910.8	0
4454552	4464537	1937.5	0
4464537	4482793	1913.2	0
4482793	4494494	1914.4	0
4494494	4507266	1906.8	0
4507266	4519566	1939.9	0
4519566	4535659	1897.8	0
4535659	4544085	1907.0	0
4544085	4554750	1909.0	0
4554750	4572933	1953.8	0
4572933	4588805	1906.8	0
4588805	4597646	1909.4	0
4597646	4614750	1937.5	0
4614750	4623130	1914.2	0
4623130	4635748	1939.3	0
4635748	4655539	1911.4	0
4655539	4668423	1900.6	0
4668423	4674677	1905.6	0
4674677	4687406	1907.0	0
4687406	4700173	1909.8	0
4700173	4719324	1899.0	0
4719324	4736416	1911.6	0
4736416	4748316	1911.4	0
4748316	4756419	1936.7	0
4756419	4769988	1910.6	0
4769988	4785753	1897.8	0
4785753	4802195	1912.4	0
4802195	4813965	1914.4	0
4813965	4825854	1919.4	0
4825854	4833705	1929.5	0
4833705	4854496	1903.8	0
4854496	4866238	1918.0	0
4866238	4878871	1919.0	0
4878871	4891601	1912.8	0
4891601	4904409	1902.0	0
4904409	4921625	1937.1	0
4921625	4928044	1936.3	0
4928044	4946759	1913.8	0
4946759	4960175	1917.6	0
4960175	4965783	1938.9	0
4965783	4984698	1943.5	0
4984698	4999696	1933.9	0
4999696	5005935	1922.2	0
5005935	5024829	1934.9	0
5024829	5037316	1932.5	0
5037316	5055403	1911.8	0
5055403	5062338	1908.0	0
5062338	5080051	1914.6	0
5080051	5083874	1937.9	0
5083874	5102580	1907.4	0
5102580	5113614	1910.4	0
5113614	5131524	1907.6	0
5131524	5138072	1946.3	0
5138072	5155472	1907.4	0
5155472	5168363	1904.2	0
5168363	5179679	1936.5	0
5179679	5194324	1905.2	0
5194324	5207989	1901.8	0
5207989	5215834	1942.1	0
5215834	5231678	1919.2	0
5231678	5244333	1901.6	0
5244333	5256560	1936.9	0
5256560	5266852	1939.3	0
5266852	5287826	1938.7	0
5287826	5296828	1908.8	0
5296828	5312830	1917.6	0
5312830	5316831	1906.4	0
5316831	5334429	1948.5	0
5334429	5346283	1953.5	0
5346283	5353666	1946.3	0
5353666	5375509	1915.6	0
5375509	5388029	1941.3	0
5388029	5396712	1937.7	0
5396712	5415659	1948.9	0
5415659	5428688	1943.7	0
5428688	5444917	1949.7	0
5444917	5459582	1909.2	0
5459582	5472148	1939.1	0
5472148	5483097	1946.7	0
5483097	5496449	1938.7	0
5496449	5509382	1877.2	0
5509382	5521808	1884.7	0
5521808	5541519	1892.2	0
5541519	5552695	1900.0	0
5552695	5561341	1907.8	0
5561341	5574930	1941.1	0
5574930	5584928	1933.3	0
5584928	5599485	1937.9	0
5599485	5610695	1939.5	0
5610695	5622681	1929.7	0
5622681	5643329	1938.1	0
5643329	5650318	1912.4	0
5650318	5668707	1913.6	0
5668707	5682000	1943.1	0
5682000	5688321	1934.5	0
5688321	5710396	1920.4	0
5710396	5720703	1931.7	0
5720703	5729448	1936.3	0
5729448	5748310	1941.7	0
5748310	5761900	1937.1	0
5761900	5779089	1927.3	0
5779089	5789582	1942.5	0
5789582	5796388	1940.7	0
5796388	5809024	1933.3	0
5809024	5827531	1910.8	0
5827531	5841133	1924.4	0
5841133	5854554	1929.5	0
5854554	5860180	1933.9	0
5860180	5879153	1932.1	0
5879153	5891975	1934.9	0
5891975	5909356	1937.7	0
5909356	5914656	1930.7	0
5914656	5932986	1926.9	0
5932986	5944800	1941.3	0
5944800	5956163	1937.5	0
5956163	5967934	1905.0	0
5967934	5986053	1915.6	0
5986053	5992269	1948.5	0
5992269	6005791	1938.1	0
6005791	6024864	1905.6	0
6024864	6039589	1958.2	0
6039589	6050354	1914.8	0
6050354	6063924	1924.8	0
6063924	6076059	1934.7	0
6076059	6089458	1938.1	0
6089458	6102488	1915.8	0
6102488	6113984	1929.5	0
6113984	6126173	1922.4	0
6126173	6136200	1906.4	0
6136200	6157569	1910.4	0
6157569	6176106	1914.4	0
6176106	6186136	1934.3	0
6186136	6208171	1938.5	0
6208171	6225599	1911.4	0
6225599	6235555	1928.1	0
6235555	6254079	1915.8	0
6254079	6266745	1950.3	0
6266745	6273089	1940.5	0
6273089	6285808	1906.4	0
6285808	6309552	1932.1	0
6309552	6317190	1910.6	0
6317190	6330110	1944.5	0
6330110	6342264	1951.8	0
6342264	6349996	1947.1	0
6349996	6367402	1915.8	0
6367402	6378275	1938.1	0
6378275	6392410	1955.0	0
6392410	6409225	1939.3	0
6409225	6423118	1932.9	0
6423118	6439301	1940.9	0
6439301	6445431	1936.1	0
6445431	6457265	1939.7	0
6457265	6474552	1940.9	0
6474552	6482425	1934.5	0
6482425	6503951	1932.1	0
6503951	6518423	1914.4	0
6518423	6525071	1907.4	0
6525071	6541051	1942.3	0
6541051	6553141	1941.5	0
6553141	6570126	1939.7	0
6570126	6576534	1920.8	0
6576534	6589296	1920.4	0
6589296	6602017	1918.6	0
6602017	6621207	1938.5	0
6621207	6633562	1897.6	0
6633562	6650633	1907.2	0
6650633	6659448	1938.5	0
6659448	6667824	1909.4	0
6667824	6680131	1935.5	0
6680131	6697388	1932.7	0
6697388	6711421	1910.6	0
6711421	6722312	1894.2	0
6722312	6742414	1884.4	0
6742414	6753552	1936.3	0
6753552	6767198	1917.2	0
6767198	6781951	1937.7	0
6781951	6794779	1941.9	0
6794779	6807637	1937.3	0
6807637	6820533	1934.9	0
6820533	6833172	1933.3	0
6833172	6843262	1914.4	0
6843262	6861636	1918.0	0
6861636	6875202	1941.9	0
6875202	6881594	1941.1	0
6881594	6899595	1933.5	0
6899595	6915982	1919.0	0
6915982	7093317	1906.8	0
7093317	7106256	1894.6	1
7106256	7118398	1897.4	1
7118398	7129773	1899.8	1
7129773	7141704	1900.0	1
7141704	7160973	1900.4	1
7160973	7167270	1900.0	1
7167270	7186364	1896.4	1
7186364	7199223	1898.4	1
7199223	7207160	1899.2	1
7207160	7225591	1899.8	1
7225591	7237920	1899.6	1
7237920	7245477	1897.2	1
7245477	7269224	1899.0	1
7269224	7275685	1897.4	1
7275685	7285950	1899.8	1
7285950	7300099	1899.2	1
7300099	7316534	1899.0	1
7316534	7327707	1898.6	1
7327707	7346054	1896.8	1
7346054	7358341	1898.2	1
7358341	7371121	1899.2	1
7371121	7390145	1898.8	1
7390145	7407929	1898.4	1
7407929	7416550	1897.6	1
7416550	7424157	1898.8	1
7424157	7441193	1898.0	1
7441193	7453983	1896.8	1
7453983	7472085	1893.2	1
7472085	7484653	1897.8	1
7484653	7490799	1893.5	1
7490799	7510075	1899.2	1
7510075	7515364	1889.2	1
7515364	7528017	1892.8	1
7528017	7546283	1894.4	1
7546283	7552906	1893.3	1
7552906	7565860	1894.2	1
7565860	7581283	1894.0	1
7581283	7595368	1896.2	1
7595368	7611193	1897.2	1
7611193	7623591	1898.8	1
7623591	7636187	1897.8	1
7636187	7648674	1897.4	1
7648674	7657584	1898.0	1
7657584	7674281	1895.2	1
7674281	7686634	1898.0	1
7686634	7691835	1897.8	1
7691835	7712306	1899.0	1
7712306	7725013	1899.2	1
7725013	7737758	1899.0	1
7737758	7749353	1896.6	1
7749353	7769238	1898.2	1
7769238	7775627	1897.0	1
7775627	7794992	1898.2	1
7794992	7809308	1898.8	1
7809308	7822800	1899.4	1
7822800	7833278	1895.4	1
7833278	7847525	1897.0	1
7847525	7858851	1898.0	1
7858851	7870006	1898.0	1
7870006	7881521	1897.6	1
7881521	7894616	1898.2	1
7894616	7908183	1898.6	1
7908183	7929068	1899.0	1
7929068	7941892	1899.2	1
7941892	7954871	1898.8	1
7954871	7967707	1892.4	1
7967707	7974233	1895.4	1
7974233	7988859	1897.4	1
7988859	8005697	1898.4	1
8005697	8012425	1898.6	1
8012425	8024798	1899.6	1
8024798	8037601	1899.6	1
8037601	8061214	1899.0	1
8061214	8074247	1898.6	1
8074247	8088379	1898.6	1
8088379	8099271	1899.0	1
8099271	8111187	1898.8	1
8111187	8128161	1900.2	1
8128161	8138760	1899.4	1
8138760	8152500	1899.6	1
8152500	8157654	1900.0	1
8157654	8177972	1899.2	1
8177972	8190448	1897.8	1
8190448	8201641	1899.8	1
8201641	8215008	1899.8	1
8215008	8232752	1897.0	1
8232752	8244835	1893.4	1
8244835	8256915	1896.2	1
8256915	8266701	1898.0	1
8266701	8280931	1896.2	1
8280931	8292372	1898.2	1
8292372	8306844	1898.4	1
8306844	8323234	1900.2	1
8323234	8337028	1900.4	1
8337028	8343377	1900.6	1
8343377	8361788	1900.2	1
8361788	8368993	1898.8	1
8368993	8394491	1900.2	1
8394491	8400908	1899.2	1
8400908	8418817	1898.0	1
8418817	8426571	1897.8	1
8426571	8444211	1899.8	1
8444211	8455939	1896.2	1
8455939	8471264	1898.0	1
8471264	8477621	1897.0	1
8477621	8496824	1895.2	1
8496824	8509650	1898.0	1
8509650	8522535	1898.0	1
8522535	8536849	1895.8	1
8536849	8549634	1891.6	1
8549634	8560664	1894.4	1
8560664	8570312	1897.6	1
8570312	8592583	1896.2	1
8592583	8605324	1888.1	1
8605324	8618178	1897.2	1
8618178	8630927	1897.6	1
8630927	8637351	1894.0	1
8637351	8655681	1898.0	1
8655681	8665850	1894.2	1
8665850	8681952	1896.0	1
8681952	8690782	1897.4	1
8690782	8709081	1897.0	1
8709081	8724021	1894.2	1
8724021	8738311	1898.0	1
8738311	8747863	1896.4	1
8747863	8760209	1895.8	1
8760209	8772940	1884.9	1
8772940	8792649	1892.2	1
8792649	8798524	1897.8	1
8798524	8814944	1898.2	1
8814944	8823696	1897.8	1
8823696	8840547	1898.8	1
8840547	8859015	1900.0	1
8859015	8872798	1898.6	1
8872798	8877239	1893.8	1
8877239	8890768	1899.2	1
8890768	8908748	1898.4	1
8908748	8923745	1893.2	1
8923745	8936815	1893.6	1
8936815	8949590	1895.2	1
8949590	8955925	1897.2	1
8955925	8975033	1898.2	1
8975033	8990826	1899.4	1
8990826	8997438	1901.4	1
8997438	9014477	1901.2	1
9014477	9027291	1901.6	1
9027291	9034699	1902.4	1
9034699	9051659	1902.2	1
9051659	9064978	1901.6	1
9064978	9078573	1901.4	1
9078573	9090184	1901.6	1
9090184	9102988	1902.2	1
9102988	9121899	1902.2	1
9121899	9136429	1902.0	1
9136429	9144413	1901.0	1
9144413	9154300	1901.4	1
9154300	9168608	1901.2	1
9168608	9192437	1901.6	1
9192437	9202865	1901.6	1
9202865	9211034	1901.0	1
9211034	9222972	1899.4	1
9222972	9241009	1898.6	1
9241009	9254186	1900.4	1
9254186	9269233	1901.2	1
9269233	9281891	1902.2	1
9281891	9294500	1902.6	1
9294500	9307367	1902.4	1
9307367	9316525	1903.6	1
9316525	9331702	1902.6	1
9331702	9345803	1902.0	1
9345803	9358659	1901.6	1
9358659	9371545	1901.4	1
9371545	9384445	1901.4	1
9384445	9398450	1901.8	1
9398450	9408122	1901.2	1
9408122	9417996	1896.6	1
9417996	9429184	1901.0	1
9429184	9450730	1900.0	1
9450730	9467501	1899.0	1
9467501	9480271	1899.8	1
9480271	9487000	1901.2	1
9487000	9505809	1901.8	1
9505809	9516654	1901.4	1
9516654	9533266	1899.8	1
9533266	9543360	1900.4	1
9543360	9555668	1902.2	1
9555668	9571700	1902.4	1
9571700	9582858	1902.4	1
9582858	9601141	1903.6	1
9601141	9613598	1901.6	1
9613598	9620933	1902.2	1
9620933	9633838	1902.4	1
9633838	9655666	1902.2	1
9655666	9668130	1901.0	1
9668130	9678374	1901.2	1
9678374	9685496	1901.6	1
9685496	9705504	1902.6	1
9705504	9719001	1900.4	1
9719001	9728059	1901.4	1
9728059	9740505	1902.4	1
9740505	9758713	1901.4	1
9758713	9773669	1902.4	1
9773669	9782834	1900.0	1
9782834	9792754	1902.2	1
9792754	9813439	1903.4	1
9813439	9818553	1895.4	1
9818553	9837711	1900.6	1
9837711	9856015	1893.8	1
9856015	9868023	1896.4	1
9868023	9878892	1898.0	1
9878892	9888365	1899.6	1
9888365	9904278	1899.8	1
9904278	9920747	1902.2	1
9920747	9927193	1902.6	1
9927193	9939985	1902.8	1
9939985	9959298	1902.4	1
9959298	9965651	1902.2	1
9965651	9984242	1902.8	1
9984242	9996807	1903.4	1
9996807	10006874	1903.0	1
10006874	10019959	1901.4	1
10019959	10032328	1902.6	1
10032328	10052335	1902.8	1
10052335	10061797	1901.8	1
10061797	10074589	1903.0	1
10074589	10092949	1901.6	1
10092949	10106468	1902.6	1
10106468	10119261	1903.4	1
10119261	10123661	1903.4	1
10123661	10137075	1901.0	1
10137075	10150236	1902.6	1
10150236	10160574	1902.8	1
10160574	10187926	1902.8	1
10187926	10199557	1902.4	1
10199557	10210438	1903.4	1
10210438	10219326	1903.4	1
10219326	10237679	1903.4	1
10237679	10251295	1903.2	1
10251295	10258677	1903.8	1
10258677	10275027	1903.0	1
10275027	10289353	1903.2	1
10289353	10295724	1903.4	1
10295724	10312882	1903.4	1
10312882	10328062	1901.2	1
10328062	10334452	1902.2	1
10334452	10347057	1902.8	1
10347057	10359647	1893.5	1
10359647	10378928	1903.4	1
10378928	10385295	1898.6	1
10385295	10398113	1900.4	1
10398113	10416595	1897.4	1
10416595	10430102	1900.4	1
10430102	10443919	1901.0	1
10443919	10462139	1903.0	1
10462139	10474904	1903.4	1
10474904	10486583	1902.8	1
10486583	10493768	1902.8	1
10493768	10513105	1902.6	1
10513105	10519149	1901.4	1
10519149	10537858	1903.8	1
10537858	10543780	1904.0	1
10543780	10563737	1929.8	1
10563737	10575641	1926.5	1
10575641	10588276	1919.7	1
10588276	10601199	1917.5	1
10601199	10614075	1911.4	1
10614075	10621120	1912.4	1
10621120	10633236	1912.0	1
10633236	10651553	1911.2	1
10651553	10665203	1909.6	1
10665203	10676804	1909.0	1
10676804	10691684	1907.4	1
10691684	10710654	1907.2	1
10710654	10722947	1906.4	1
10722947	10735106	1905.4	1
10735106	10749251	1905.0	1
10749251	10764412	1905.6	1
10764412	10775322	1904.6	1
10775322	10789341	1905.2	1
10789341	10800650	1905.2	1
10800650	10808237	1904.8	1
10808237	10831279	1900.6	1
10831279	10849403	1901.8	1
10849403	10992505	1903.8	1
10992505	11012864	1895.0	0
11012864	11024908	1901.2	0
11024908	11038772	1911.6	0
11038772	11056794	1902.3	0
11056794	11064970	1893.0	0
11064970	11085178	1899.8	0
11085178	11097830	1893.8	0
11097830	11110699	-1.0	0
11110699	11123575	-1.0	0
11123575	11136426	-1.0	0
11136426	11148916	1893.8	0
11148916	11161251	1895.5	0
11161251	11180565	1897.2	0
11180565	11193189	1898.4	0
11193189	11205871	1898.4	0
11205871	11218099	1898.4	0
11218099	11234123	1898.6	0
11234123	11240492	1898.8	0
11240492	11258420	1900.6	0
11258420	11266178	1902.4	0
11266178	11283159	1911.0	0
11283159	11298504	1917.2	0
11298504	11311297	1916.8	0
11311297	11324499	1903.8	0
11324499	11335939	1907.2	0
11335939	11353246	1955.8	0
11353246	11360964	1906.6	0
11360964	11379337	1905.6	0
11379337	11386576	1912.8	0
11386576	11399235	1910.4	0
11399235	11415589	1898.2	0
11415589	11424623	1904.0	0
11424623	11443639	1922.7	0
11443639	11449962	1941.3	0
11449962	11462734	1917.2	0
11462734	11483781	1913.4	0
11483781	11493227	1937.5	0
11493227	11505653	1916.8	0
11505653	11516803	1942.5	0
11516803	11535176	1917.2	0
11535176	11551584	1905.8	0
11551584	11564273	1912.4	0
11564273	11577133	1919.0	0
11577133	11583443	1942.1	0
11583443	11602557	1942.1	0
11602557	11613382	1954.6	0
11613382	11628572	1913.2	0
11628572	11640708	1905.2	0
11640708	11649161	1914.4	0
11649161	11660743	1935.7	0
11660743	11680145	1912.6	0
11680145	11697952	1914.0	0
11697952	11709559	1937.9	0
11709559	11722155	1909.8	0
11722155	11730100	1909.2	0
11730100	11750657	1936.7	0
11750657	11762686	1921.0	0
11762686	11775446	1905.2	0
11775446	11788146	1939.3	0
11788146	11792846	1905.0	0
11792846	11802501	1909.4	0
11802501	11815145	1908.2	0
11815145	11831008	1909.0	0
11831008	11850066	1916.8	0
11850066	11861890	1908.2	0
11861890	11869215	1915.2	0
11869215	11886080	1957.0	0
11886080	11900558	1906.4	0
11900558	11913269	1908.2	0
11913269	11926096	1908.4	0
11926096	11934599	1912.4	0
11934599	11953868	1899.0	0
11953868	11962295	1910.8	0
11962295	11977125	1909.8	0
11977125	11990352	1896.8	0
11990352	12003239	1914.8	0
12003239	12009630	1919.4	0
12009630	12028726	1942.5	0
12028726	12041637	1901.2	0
12041637	12054397	1914.2	0
12054397	12073597	1937.7	0
12073597	12086202	1906.0	0
12086202	12097884	1938.1	0
12097884	12108697	1913.2	0
12108697	12120659	1915.0	0
12120659	12138565	1915.0	0
12138565	12147801	1943.7	0
12147801	12162454	1948.7	0
12162454	12175158	1920.4	0
12175158	12193521	1941.9	0
12193521	12199302	1955.8	0
12199302	12219186	1958.0	0
12219186	12237104	1946.3	0
12237104	12244661	1946.1	0
12244661	12257441	1954.6	0
12257441	12270327	1939.1	0
12270327	12283089	1941.5	0
12283089	12295457	1904.8	0
12295457	12306910	1958.4	0
12306910	12320907	1957.2	0
12320907	12332924	1943.9	0
12332924	12345417	1940.9	0
12345417	12365768	1909.0	0
12365768	12378511	1943.3	0
12378511	12385753	1941.5	0
12385753	12398567	1915.8	0
12398567	12416247	1916.2	0
12416247	12426964	1918.8	0
12426964	12442886	1943.9	0
12442886	12455867	1940.1	0
12455867	12467445	1931.5	0
12467445	12475607	1914.2	0
12475607	12495004	1901.2	0
12495004	12512106	1944.9	0
12512106	12518471	1909.6	0
12518471	12532096	1907.0	0
12532096	12544825	1936.7	0
12544825	12566387	1945.3	0
12566387	12576841	1941.9	0
12576841	12589643	1917.4	0
12589643	12602280	1907.4	0
12602280	12614915	1915.8	0
12614915	12628438	1913.4	0
12628438	12634839	1935.7	0
12634839	12653720	1940.9	0
12653720	12660092	1938.3	0
12660092	12678151	1933.9	0
12678151	12709355	1944.3	0
12709355	12722630	1941.1	0
12722630	12729588	1940.1	0
12729588	12742362	1940.7	0
12742362	12759527	1941.1	0
12759527	12770271	1919.4	0
12770271	12783843	1911.2	0
12783843	12796999	1943.9	0
12796999	12814420	1940.3	0
12814420	12826662	1943.5	0
12826662	12844048	1941.9	0
12844048	12855913	1937.7	0
12855913	12862025	1914.2	0
12862025	12879937	1921.4	0
12879937	12894061	1937.1	0
12894061	12907781	1937.7	0
12907781	12914234	1910.0	0
12914234	12928377	1912.0	0
12928377	12946547	1914.0	0
12946547	12960781	1900.2	0
12960781	12971817	1942.9	0
12971817	12983206	1916.2	0
12983206	13001000	1916.2	0
13001000	13014153	1921.6	0
13014153	13028070	1937.7	0
13028070	13039226	1917.6	0
13039226	13048346	1941.1	0
13048346	13058491	1920.4	0
13058491	13073982	1915.8	0
13073982	13094237	1911.2	0
13094237	13107049	1934.7	0
13107049	13121583	1909.8	0
13121583	13132674	1915.2	0
13132674	13139897	1912.8	0
13139897	13164646	1908.2	0
13164646	13176756	1911.2	0
13176756	13188532	1921.6	0
13188532	13196718	1942.1	0
13196718	13209020	1909.6	0
13209020	13228720	1943.9	0
13228720	13240942	1910.4	0
13240942	13248026	1913.6	0
13248026	13260512	1939.1	0
13260512	13274736	1906.6	0
13274736	13295950	1918.8	0
13295950	13310341	1913.6	0
13310341	13322652	1920.4	0
13322652	13335238	1930.2	0
13335238	13342531	1939.9	0
13342531	13355581	1948.9	0
13355581	13374001	1918.4	0
13374001	13381167	1899.0	0
13381167	13393931	1935.5	0
13393931	13406699	1938.3	0
13406699	13422689	1946.3	0
13422689	13433107	1942.1	0
13433107	13445999	1941.9	0
13445999	13464428	1939.3	0
13464428	13477186	1939.5	0
13477186	13493238	1918.6	0
13493238	13508050	1908.6	0
13508050	13519270	1908.2	0
13519270	13531089	1944.1	0
13531089	13539954	1938.1	0
13539954	13560792	1911.4	0
13560792	13573478	1912.6	0
13573478	13586086	1943.5	0
13586086	13593381	1941.3	0
13593381	13611645	1940.7	0
13611645	13623281	1918.8	0
13623281	13630924	1937.5	0
13630924	13644429	1922.0	0
13644429	13656418	1913.8	0
13656418	13675819	1918.4	0
13675819	13695039	1939.7	0
13695039	13706154	1909.6	0
13706154	13719839	1916.0	0
13719839	13733632	1916.7	0
13733632	13740446	1917.4	0
13740446	13760165	1899.0	0
13760165	13766627	1938.7	0
13766627	13784900	1936.7	0
13784900	13797554	1914.6	0
13797554	13810202	1953.6	0
13810202	13823023	1946.7	0
13823023	13840210	1938.9	0
13840210	13848062	1917.4	0
13848062	13861128	1948.7	0
13861128	13873283	-1.0	0
13873283	13890766	-1.0	0
13890766	13906606	-1.0	0
13906606	13918983	-1.0	0
13918983	13932643	1943.9	0
13932643	13945214	1912.6	0
13945214	13962046	1935.5	0
13962046	13970154	1918.2	0
13970154	13982582	1938.1	0
13982582	13994238	1935.5	0
13994238	14011049	1920.8	0
14011049	14028599	1934.7	0
14028599	14040890	1916.4	0
14040890	14053375	1950.0	0
14053375	14059611	1940.5	0
14059611	14078338	1942.3	0
14078338	14089855	1907.0	0
14089855	14105249	1956.8	0
14105249	14117909	1943.1	0
14117909	14130664	1921.8	0
14130664	14143580	1943.3	0
14143580	14156486	1943.1	0
14156486	14168848	1947.9	0
14168848	14379628	1919.6	0
14379628	14392739	1891.2	1
14392739	14401336	1893.8	1
14401336	14413732	1897.2	1
14413732	14436042	1897.8	1
14436042	14449844	1897.0	1
14449844	14459553	1896.2	1
14459553	14469155	1897.0	1
14469155	14481456	1897.2	1
14481456	14501644	1897.2	1
14501644	14516158	1897.2	1
14516158	14595539	-1.0	1
14595539	14610695	-1.0	0
14610695	14618668	-1.0	0
14618668	14638100	1905.2	0
14638100	14651041	1908.8	0
14651041	14663403	1906.6	0
14663403	14671324	1914.8	0
14671324	14685335	1902.8	0
14685335	14712311	1890.8	0
14712311	14725381	1891.0	0
14725381	14733044	1906.8	0
14733044	14751551	1900.4	0
14751551	14758494	1898.2	0
14758494	14772254	1893.2	0
14772254	14790304	1891.2	0
14790304	14803504	1892.4	0
14803504	14817037	1887.6	0
14817037	14829884	1905.0	0
14829884	14842598	1898.2	0
14842598	14854006	1955.6	0
14854006	14868130	1903.6	0
14868130	14878133	1932.8	0
14878133	14893484	1962.0	0
14893484	14913225	1899.6	0
14913225	14925619	1898.2	0
14925619	14938807	1896.8	0
14938807	14952163	1955.2	0
14952163	14964240	1913.2	0
14964240	14978227	1906.0	0
14978227	14991792	1928.3	0
14991792	15000690	1950.7	0
15000690	15018881	1912.2	0
15018881	15030185	1947.5	0
15030185	15049184	1899.8	0
15049184	15061989	-1.0	0
15061989	15070086	-1.0	0
15070086	15087293	-1.0	0
15087293	15097034	1894.8	0
15097034	15123947	1898.7	0
15123947	15143004	1902.6	0
15143004	15152380	1911.6	0
15152380	15165501	1937.3	0
15165501	15187755	1905.8	0
15187755	15195517	1956.6	0
15195517	15207498	1955.8	0
15207498	15222257	1955.0	0
15222257	15239668	1913.6	0
15239668	15254897	1895.8	0
15254897	15263738	1947.3	0
15263738	15278845	1912.2	0
15278845	15292794	1904.0	0
15292794	15305009	1940.3	0
15305009	15318314	1894.6	0
15318314	15332095	1911.6	0
15332095	15351391	1933.5	0
15351391	15357523	1912.2	0
15357523	15376624	1911.0	0
15376624	15390533	1906.4	0
15390533	15406772	1950.8	0
15406772	15415956	1902.8	0
15415956	15434799	1908.4	0
15434799	15445243	1908.2	0
15445243	15460076	1895.0	0
15460076	15478275	1893.0	0
15478275	15486683	1893.2	0
15486683	15502109	1903.1	0
15502109	15540517	1913.0	0
15540517	15553792	1904.7	0
15553792	15564064	1896.4	0
15564064	15582272	1904.8	0
15582272	15589136	1958.8	0
15589136	15607515	-1.0	0
15607515	15619141	-1.0	0
15619141	15633780	-1.0	0
15633780	15646427	1956.8	0
15646427	15663610	1950.8	0
15663610	15679942	1944.9	0
15679942	15688478	1901.2	0
15688478	15701876	1955.0	0
15701876	15714581	1902.0	0
15714581	15727599	1955.0	0
15727599	15748998	1954.4	0
15748998	15760737	1890.8	0
15760737	15768003	1941.7	0
15768003	15786751	1941.3	0
15786751	15793679	1911.2	0
15793679	15816561	1957.4	0
15816561	15824279	1915.6	0
15824279	15837675	1934.7	0
15837675	15851153	1953.8	0
15851153	15862929	1912.8	0
15862929	15886115	1929.7	0
15886115	15898727	1946.5	0
15898727	15911702	1939.9	0
15911702	15924868	1955.0	0
15924868	15931501	1950.4	0
15931501	15961107	1900.4	0
15961107	15977329	1943.3	0
15977329	15985783	1944.1	0
15985783	16003348	1944.3	0
16003348	16016438	1914.0	0
16016438	16031084	1896.6	0
16031084	16043728	1918.4	0
16043728	16058342	1940.3	0
16058342	16064350	1941.1	0
16064350	16089350	1945.5	0
16089350	16101868	1944.9	0
16101868	x	1948.5	0
1158	16117113	1909.0	0
16117113	16145329	1911.4	0
16145329	16170632	1910.0	0
16170632	16183175	1909.8	0
16183175	16193235	1912.2	0
16193235	16205920	1917.0	0
16205920	16221463	1954.6	0
16221463	16235221	1906.8	0
16235221	16241183	1943.5	0
16241183	16256799	1943.5	0
16256799	16264507	1911.0	0
16264507	16281236	1909.0	0
16281236	16293592	1939.1	0
16293592	16302407	1932.9	0
16302407	16315390	1937.7	0
16315390	16332280	-1.0	0
16332280	16349634	-1.0	0
16349634	16369445	-1.0	0
16369445	16381720	1905.8	0
16381720	16393418	1912.0	0
16393418	16416702	1954.2	0
16416702	16431387	1955.2	0
16431387	16455770	1913.2	0
16455770	16468208	1954.2	0
16468208	16480356	1944.5	0
16480356	16495979	1941.7	0
16495979	16508029	1942.5	0
16508029	16522296	1952.8	0
16522296	16532678	1943.1	0
16532678	16547143	1919.6	0
16547143	16565435	1927.7	0
16565435	16572852	1926.7	0
16572852	16585293	1933.7	0
16585293	16597701	1935.9	0
16597701	16610060	1896.8	0
16610060	16624463	1920.2	0
16624463	16636505	1937.5	0
16636505	16646937	1905.2	0
16646937	16659696	1940.3	0
16659696	16671996	1940.7	0
16671996	16689907	1907.4	0
16689907	16696254	1919.4	0
16696254	16714566	1940.9	0
16714566	16726618	1944.9	0
16726618	16735965	1893.2	0
16735965	16744965	1944.1	0
16744965	16758697	1936.5	0
16758697	16775938	1944.1	0
16775938	16785977	1944.5	0
16785977	16794789	1910.2	0
16794789	16815679	1938.7	0
16815679	16825003	1944.7	0
16825003	16837739	1936.7	0
16837739	16850033	1941.3	0
16850033	16862022	1957.2	0
16862022	16881306	1912.4	0
16881306	16893240	1940.9	0
16893240	16905512	1915.8	0
16905512	16917781	1941.5	0
16917781	16923929	1944.3	0
16923929	16943634	1947.5	0
16943634	16956723	1945.5	0
16956723	16964542	1906.6	0
16964542	16977217	1906.2	0
16977217	16991644	1905.8	0
16991644	17008530	1917.8	0
17008530	17015478	1895.2	0
17015478	17027131	1936.7	0
17027131	17039440	1935.9	0
17039440	17045156	1932.7	0
17045156	17065288	1911.0	0
17065288	17070869	1943.3	0
17070869	17086623	1938.5	0
17086623	17093619	1908.2	0
17093619	17105119	1956.8	0
17105119	17124570	1944.5	0
17124570	17133624	1936.9	0
17133624	17145817	1938.3	0
17145817	17151577	1939.7	0
17151577	17169252	1901.4	0
17169252	17188026	1897.8	0
17188026	17200373	1895.2	0
17200373	17213966	-1.0	0
17213966	17220792	-1.0	0
17220792	17241287	-1.0	0
17241287	17258790	-1.0	0
17258790	17268032	-1.0	0
17268032	17285571	-1.0	0
17285571	17299226	1888.6	0
17299226	17312877	1977.5	0
17312877	17340087	1894.8	0
17340087	17358568	1894.2	0
17358568	17371222	1940.7	0
17371222	17378074	1906.6	0
17378074	17397894	1933.5	0
17397894	17410440	1931.3	0
17410440	17418084	1939.9	0
17418084	17436428	1935.7	0
17436428	17449463	1907.0	0
17449463	17475354	1936.9	0
17475354	17488635	1905.0	0
17488635	17505655	1907.7	0
17505655	17514180	1910.4	0
17514180	17528071	1920.4	0
17528071	17545446	1928.3	0
17545446	17558048	1934.7	0
17558048	17566541	1908.8	0
17566541	17579407	1941.3	0
17579407	17602417	1938.5	0
17602417	17612217	1937.7	0
17612217	17625828	1941.3	0
17625828	17637242	1939.3	0
17637242	17650201	1941.5	0
17650201	17669807	1920.8	0
17669807	17682879	1937.5	0
17682879	17689411	1936.9	0
17689411	17708746	1936.1	0
17708746	17721804	1940.7	0
17721804	17738966	1939.9	0
17738966	17745366	1939.1	0
17745366	17760825	1938.1	0
17760825	17777731	1931.2	0
17777731	17789103	1924.2	0
17789103	17979793	1941.5	0
17979793	17999014	1893.4	1
17999014	18005363	1896.8	1
18005363	18017940	1897.0	1
18017940	18038982	1897.4	1
18038982	18051359	1897.6	1
18051359	18063057	1897.8	1
18063057	18073528	1897.8	1
18073528	18083934	1898.2	1
18083934	18106005	1894.8	1
18106005	18118500	1886.6	1
18118500	18127271	1885.2	1
18127271	18143780	1886.4	1
18143780	18152949	1885.5	1
18152949	18165786	1884.6	1
18165786	18182971	1887.0	1
18182971	18191272	1891.2	1
18191272	18205298	1892.2	1
18205298	18216019	1893.8	1
18216019	18236491	1892.4	1
18236491	18252675	1894.0	1
18252675	18265877	1894.8	1
18265877	18289342	1895.4	1
18289342	18305929	1895.0	1
18305929	18318885	1896.6	1
18318885	18332586	1896.4	1
18332586	18345378	1897.4	1
18345378	18358388	1897.2	1
18358388	18372659	1897.0	1
18372659	18385093	1895.0	1
18385093	18397175	1895.2	1
18397175	18408615	1896.6	1
18408615	18422390	1896.0	1
18422390	18447953	1896.8	1
18447953	18464450	1896.8	1
18464450	18477254	1897.6	1
18477254	18489477	1897.8	1
18489477	18499524	1896.6	1
18499524	18512052	1895.8	1
18512052	18538010	1896.0	1
18538010	18556151	1897.6	1
18556151	18567978	1896.2	1
18567978	18578220	1897.2	1
18578220	18603969	1897.6	1
18603969	18620959	1897.4	1
18620959	18638456	1897.4	1
18638456	18647776	1897.4	1
18647776	18663747	1897.8	1
18663747	18672034	1897.6	1
18672034	18690420	1896.6	1
18690420	18700742	1892.4	1
18700742	18710834	1895.6	1
18710834	18722318	1897.6	1
18722318	18736273	1897.2	1
18736273	18751334	1895.8	1
18751334	18767536	1884.8	1
18767536	18778665	1896.2	1
18778665	18796647	1896.6	1
18796647	18808409	1897.4	1
18808409	18817532	1897.8	1
18817532	18833895	1898.0	1
18833895	18850644	1896.8	1
18850644	18863415	1897.2	1
18863415	18874357	1897.6	1
18874357	18888103	1898.0	1
18888103	18903980	1897.6	1
18903980	18914777	1897.4	1
18914777	18923620	1898.4	1
18923620	18940436	1897.0	1
18940436	18953392	1898.2	1
18953392	18970576	1896.8	1
18970576	18974635	1897.0	1
18974635	18987286	1897.0	1
18987286	19005090	1898.0	1
19005090	19013486	1895.0	1
19013486	19036941	1895.6	1
19036941	19050734	1895.8	1
19050734	19059084	1896.8	1
19059084	19071908	1898.4	1
19071908	19082011	1898.0	1
19082011	19090570	1896.4	1
19090570	19103652	1945.9	1
19103652	19122745	1941.5	1
19122745	19128618	1928.9	1
19128618	19146028	1919.5	1
19146028	19160115	1915.9	1
19160115	19167005	1908.6	1
19167005	19186139	1909.0	1
19186139	19199661	1907.6	1
19199661	19211503	1907.2	1
19211503	19223874	1904.2	1
19223874	19233682	1903.0	1
19233682	19252561	1904.8	1
19252561	19271117	1903.0	1
19271117	19287766	1899.4	1
19287766	19300590	1902.4	1
19300590	19321611	1900.4	1
19321611	19329158	1900.6	1
19329158	19378808	1900.6	1
19378808	19388650	1914.5	1
19388650	19396987	1912.9	1
19396987	19415679	1909.0	1
19415679	19429581	1908.0	1
19429581	19445237	1905.8	1
19445237	19450308	1904.4	1
19450308	19464618	1902.2	1
19464618	19480772	1901.8	1
19480772	19493738	1902.0	1
19493738	19506558	1902.0	1
19506558	19518986	1901.6	1
19518986	19532157	1901.6	1
19532157	19538498	1901.0	1
19538498	19564162	1899.4	1
19564162	19574468	1900.2	1
19574468	19589622	1900.0	1
19589622	19602323	1900.4	1
19602323	19608738	1900.2	1
19608738	19629174	1900.0	1
19629174	19637095	1899.0	1
19637095	19653751	1899.0	1
19653751	19665456	1898.2	1
19665456	19678257	1899.4	1
19678257	19688685	1899.0	1
19688685	19698020	1899.8	1
19698020	19716825	1898.2	1
19716825	19729711	1898.4	1
19729711	19742472	1898.6	1
19742472	19759798	1898.2	1
19759798	19774892	1897.2	1
19774892	19787739	1899.4	1
19787739	19800573	1899.0	1
19800573	19813401	1898.4	1
19813401	19826539	1898.2	1
19826539	19838805	1898.4	1
19838805	19854462	1898.2	1
19854462	19867520	1899.0	1
19867520	19881307	1899.0	1
19881307	99999999	1899.6	1
