#Processing Run 48342 for polarization tables
#The run table thinks this was a DPERPL2 run
#Corresponding AMO file is :/home/clasg8/rootbeer2.1/dat/pol/amo_tesc_48308.dat
#Coherent Edge positions for TESC events follow:
#Event	Coh Edge	PolPlane(PARA=0,PERP=1,AMO=2,CHANGING=3)
0	8308	2108.5	1
8308	18134	2108.3	1
18134	31827	2108.5	1
31827	43573	2108.3	1
43573	59096	2108.3	1
59096	74010	2108.3	1
74010	87591	2108.7	1
87591	101149	2108.9	1
101149	114676	2108.5	1
114676	128062	2108.3	1
128062	150482	2108.5	1
150482	157350	2108.5	1
157350	171110	2108.3	1
171110	183441	2108.5	1
183441	201447	2108.5	1
201447	222798	2108.7	1
222798	228608	2108.7	1
228608	243352	2108.5	1
243352	256636	2108.5	1
256636	268380	2108.7	1
268380	288090	2108.9	1
288090	299041	2108.5	1
299041	317470	2108.5	1
317470	330675	2108.5	1
330675	344256	2108.3	1
344256	359097	2108.3	1
359097	371393	2108.3	1
371393	384434	2108.5	1
384434	397623	2108.5	1
397623	431588	2108.5	1
431588	445037	2108.5	1
445037	451744	2108.5	1
451744	471693	2108.1	1
471693	485278	2108.3	1
485278	498850	2108.5	1
498850	512272	2108.7	1
512272	519042	2108.5	1
519042	543708	2108.7	1
543708	566432	2108.5	1
566432	577990	2108.3	1
577990	591203	2108.5	1
591203	611402	2108.3	1
611402	620544	2108.5	1
620544	640661	2108.5	1
640661	647390	2108.3	1
647390	667554	2108.7	1
667554	673846	2108.3	1
673846	687557	2108.5	1
687557	710094	2108.7	1
710094	718456	2108.3	1
718456	731922	2108.7	1
731922	744979	2108.1	1
744979	760133	2108.3	1
760133	776574	2108.7	1
776574	1576378	2108.5	1
1576378	1588717	2108.7	1
1588717	1602329	2108.7	1
1602329	1621297	2108.7	1
1621297	1636464	2108.5	1
1636464	1650902	2108.9	1
1650902	1668522	2108.3	1
1668522	1683529	2108.5	1
1683529	1690245	2108.5	1
1690245	1704479	2108.7	1
1704479	1721948	2108.7	1
1721948	1733804	2108.3	1
1733804	1747738	2108.5	1
1747738	1765289	2108.7	1
1765289	1778562	2108.3	1
1778562	1792804	2108.5	1
1792804	1808490	2108.7	1
1808490	1821728	2108.5	1
1821728	1832977	2108.9	1
1832977	1861637	2108.5	1
1861637	1879470	2108.3	1
1879470	1892603	2108.3	1
1892603	1907020	2108.3	1
1907020	1913699	2108.5	1
1913699	1932275	2108.3	1
1932275	1945897	2108.3	1
1945897	1959581	2108.3	1
1959581	1975473	2108.3	1
1975473	1988570	2108.5	1
1988570	2011589	2108.3	1
2011589	2021958	2108.5	1
2021958	2029282	2108.1	1
2029282	2048364	2108.1	1
2048364	2061540	2108.5	1
2061540	2076105	2108.3	1
2076105	2089765	2108.3	1
2089765	2103519	2108.3	1
2103519	2116885	2108.5	1
2116885	2128069	2108.3	1
2128069	2151095	2108.5	1
2151095	2157947	2108.5	1
2157947	2171178	2108.5	1
2171178	2187167	2108.5	1
2187167	2203625	2108.3	1
2203625	2218641	2108.5	1
2218641	2231073	2108.9	1
2231073	2244205	2108.7	1
2244205	2259451	2108.5	1
2259451	2275517	2108.5	1
2275517	2291639	2108.3	1
2291639	2307188	2108.3	1
2307188	2313816	2108.1	1
2313816	2327444	2108.3	1
2327444	2340962	2108.3	1
2340962	2361325	2108.3	1
2361325	2371461	2108.5	1
2371461	2382650	2108.7	1
2382650	2397429	2108.5	1
2397429	2411466	2108.3	1
2411466	2429591	2108.3	1
2429591	2448542	2108.1	1
2448542	2456695	2108.1	1
2456695	2468845	2108.1	1
2468845	2490075	2108.3	1
2490075	2506949	2108.5	1
2506949	2519546	2108.3	1
2519546	2529000	2108.1	1
2529000	2548075	2108.3	1
2548075	2561882	2108.5	1
2561882	2579710	2108.3	1
2579710	2586399	2108.1	1
2586399	2600073	2108.3	1
2600073	2618767	2108.3	1
2618767	2626886	2108.5	1
2626886	2644546	2108.5	1
2644546	2660875	2108.3	1
2660875	2668886	2108.5	1
2668886	2686610	2108.5	1
2686610	2697402	2108.5	1
2697402	2716261	2108.5	1
2716261	2735647	2108.1	1
2735647	2742150	2108.3	1
2742150	2755855	2108.5	1
2755855	2773373	2108.3	1
2773373	2792123	2108.5	1
2792123	2800317	2108.3	1
2800317	2815766	2108.5	1
2815766	2827902	2108.3	1
2827902	2855926	2108.1	1
2855926	2869437	2108.3	1
2869437	2886870	2108.3	1
2886870	2896646	2108.3	1
2896646	2910554	2108.3	1
2910554	2931264	2108.5	1
2931264	2945923	2108.3	1
2945923	2958153	2108.3	1
2958153	2966213	2108.5	1
2966213	2980379	2108.5	1
2980379	3002569	2108.3	1
3002569	3009709	2108.3	1
3009709	3027509	2108.5	1
3027509	3041209	2108.1	1
3041209	3054685	2108.1	1
3054685	3070754	2108.5	1
3070754	3082696	2108.9	1
3082696	3095309	2108.5	1
3095309	3111195	2108.3	1
3111195	3140949	2108.3	1
3140949	3156423	2108.5	1
3156423	3163348	2108.5	1
3163348	3182026	2108.3	1
3182026	3190528	2108.3	1
3190528	3208977	2108.3	1
3208977	3220235	2108.5	1
3220235	3241188	2108.3	1
3241188	3249102	2108.3	1
3249102	3266547	2108.3	1
3266547	3282067	2108.1	1
3282067	3291332	2108.5	1
3291332	3304815	2108.5	1
3304815	3318190	2108.5	1
3318190	3331197	2108.5	1
3331197	3348701	2108.5	1
3348701	3360658	2108.5	1
3360658	3374184	2108.5	1
3374184	3387615	2108.1	1
3387615	3402673	2108.3	1
3402673	3418172	2108.7	1
3418172	3437593	2108.7	1
3437593	3451861	2108.7	1
3451861	3464561	2108.7	1
3464561	3476642	2108.7	1
3476642	3495816	2108.5	1
3495816	3510988	2108.5	1
3510988	3519451	2108.7	1
3519451	3564367	2108.5	1
3564367	3575929	2108.5	1
3575929	3585909	2108.5	1
3585909	3605375	2108.1	1
3605375	3614224	2108.3	1
3614224	3631909	2108.5	1
3631909	3643458	2108.3	1
3643458	3656686	2108.1	1
3656686	3670398	2107.9	1
3670398	3683771	2108.1	1
3683771	3703924	2108.5	1
3703924	3714097	2108.3	1
3714097	3732050	2108.5	1
3732050	3739634	2108.3	1
3739634	3753115	2108.5	1
3753115	3771259	2108.3	1
3771259	3780636	2108.5	1
3780636	3799175	2108.5	1
3799175	3806312	2108.5	1
3806312	3825647	2108.3	1
3825647	3845997	2108.3	1
3845997	3859610	2108.5	1
3859610	3866304	2108.5	1
3866304	3879891	2108.7	1
3879891	3899028	2108.5	1
3899028	3921215	2108.5	1
3921215	3928067	2108.3	1
3928067	3942018	2108.5	1
3942018	3955514	2108.3	1
3955514	3982477	2107.9	1
3982477	4002677	2108.3	1
4002677	4009407	2108.1	1
4009407	4022930	2108.5	1
4022930	4035391	2108.3	1
4035391	4055757	2108.3	1
4055757	4071173	2108.3	1
4071173	4078475	2108.7	1
4078475	4096884	2108.7	1
4096884	4104572	2108.5	1
4104572	4124184	2108.1	1
4124184	4136143	2108.5	1
4136143	4148919	2108.5	1
4148919	4162802	2108.7	1
4162802	4176241	2108.5	1
4176241	4198397	2108.3	1
4198397	4212303	2108.1	1
4212303	4219111	2108.3	1
4219111	4232805	2108.5	1
4232805	4251469	2108.7	1
4251469	4266801	2108.7	1
4266801	4280458	2108.3	1
4280458	4293965	2108.3	1
4293965	4312382	2108.5	1
4312382	4336440	2108.3	1
4336440	4353313	2108.5	1
4353313	4361646	2108.5	1
4361646	4380278	2108.3	1
4380278	4393139	2108.5	1
4393139	4408407	2108.3	1
4408407	4422531	2108.5	1
4422531	4436540	2108.3	1
4436540	4448940	2108.3	1
4448940	4483010	2108.5	1
4483010	4489526	2108.1	1
4489526	4504195	2108.1	1
4504195	4531588	2107.9	1
4531588	4550364	2108.3	1
4550364	4564497	2108.7	1
4564497	4578808	2108.3	1
4578808	4591083	2108.3	1
4591083	4604905	2108.3	1
4604905	4617870	2108.3	1
4617870	4631896	2108.3	1
4631896	4645960	2108.3	1
4645960	4659594	2108.3	1
4659594	4686290	2108.5	1
4686290	4704640	2108.5	1
4704640	4718167	2108.3	1
4718167	4726635	2108.3	1
4726635	4744725	2108.3	1
4744725	4761153	2108.5	1
4761153	4767906	2108.3	1
4767906	4787893	2107.7	1
4787893	4801279	2108.5	1
4801279	4809044	2109.7	1
4809044	4832146	2109.1	1
4832146	4838995	2109.3	1
4838995	4852894	2108.9	1
4852894	4866917	2108.5	1
4866917	4880256	2108.1	1
4880256	4901668	2107.9	1
4901668	4909757	2107.9	1
4909757	4923377	2107.9	1
4923377	4937182	2107.9	1
4937182	4950629	2108.1	1
4950629	4972990	2108.3	1
4972990	4980939	2108.3	1
4980939	4996359	2108.3	1
4996359	5014205	2108.3	1
5014205	5027138	2108.1	1
5027138	5040626	2108.1	1
5040626	5052192	2107.9	1
5052192	5070191	2108.1	1
5070191	5078045	2108.3	1
5078045	5097681	2108.1	1
5097681	5112040	2108.3	1
5112040	5120113	2108.7	1
5120113	5140267	2108.7	1
5140267	5149385	2108.9	1
5149385	5162129	2108.5	1
5162129	5185672	2108.5	1
5185672	5192440	2108.5	1
5192440	5206074	2108.3	1
5206074	5218730	2108.5	1
5218730	5233092	2108.3	1
5233092	5249348	2108.3	1
5249348	5268080	2108.3	1
5268080	5289193	2108.3	1
5289193	5302816	2108.1	1
5302816	5323276	2108.5	1
5323276	5334833	2108.1	1
5334833	5345191	2108.5	1
5345191	5359257	2108.5	1
5359257	5372946	2108.1	1
5372946	5394823	2108.1	1
5394823	5398766	2108.3	1
5398766	5415275	2108.1	1
5415275	5432036	2108.3	1
5432036	5445629	2108.3	1
5445629	5463488	2108.1	1
5463488	5479496	2108.3	1
5479496	5486194	2108.3	1
5486194	5506556	2108.1	1
5506556	5513223	2108.3	1
5513223	5532210	2108.1	1
5532210	5546855	2108.1	1
5546855	5558749	2108.3	1
5558749	5576177	2108.1	1
5576177	5589717	2108.1	1
5589717	5605331	2108.3	1
5605331	5614807	2108.3	1
5614807	5628397	2108.3	1
5628397	5641963	2108.3	1
5641963	5655670	2108.3	1
5655670	5677746	2108.3	1
5677746	5687747	2108.3	1
5687747	5704847	2108.3	1
5704847	5712167	2108.1	1
5712167	5725729	2108.1	1
5725729	5743718	2108.7	1
5743718	5761750	2108.9	1
5761750	5771291	2108.5	1
5771291	5784937	2108.1	1
5784937	5801442	2108.1	1
5801442	5818253	2107.9	1
5818253	5837000	2108.1	1
5837000	5850566	2108.1	1
5850566	5861453	2107.9	1
5861453	5888766	2108.3	1
5888766	5898807	2108.5	1
5898807	5914671	2108.1	1
5914671	5924297	2107.9	1
5924297	5942924	2107.9	1
5942924	5957738	2108.1	1
5957738	5968011	2108.1	1
5968011	5981759	2108.1	1
5981759	6000938	2108.3	1
6000938	6008924	2108.1	1
6008924	6029059	2108.5	1
6029059	6042653	2108.3	1
6042653	6050959	2108.3	1
6050959	6063913	2108.5	1
6063913	6078298	2108.5	1
6078298	6102948	2108.3	1
6102948	6109570	2108.1	1
6109570	6124250	2108.1	1
6124250	6137842	2107.9	1
6137842	6150835	2108.3	1
6150835	6165596	2107.9	1
6165596	6178114	2108.1	1
6178114	6191683	2108.3	1
6191683	6207246	2108.1	1
6207246	6220869	2108.1	1
6220869	6242934	2108.3	1
6242934	6253102	2108.1	1
6253102	6263084	2108.1	1
6263084	6280163	2108.3	1
6280163	6290594	2108.3	1
6290594	6306639	2108.7	1
6306639	6326359	2108.5	1
6326359	6333940	2108.1	1
6333940	6347525	2108.3	1
6347525	6360195	2108.3	1
6360195	6379800	2108.3	1
6379800	6395109	2108.1	1
6395109	6408720	2108.1	1
6408720	6416640	2108.1	1
6416640	6435809	2108.3	1
6435809	6455881	2108.5	1
6455881	6461753	2107.7	1
6461753	6473477	2140.3	1
6473477	6500714	2134.8	1
6500714	6517436	2129.2	1
6517436	6526060	2125.1	1
6526060	6543506	2122.9	1
6543506	6556236	2121.7	1
6556236	6576388	2118.2	1
6576388	6589348	2116.6	1
6589348	6603418	2116.4	1
6603418	6610214	2115.2	1
6610214	6618790	2114.8	1
6618790	6632620	2144.9	1
6632620	6640944	2142.3	1
6640944	6655936	2135.6	1
6655936	6669098	2132.8	1
6669098	6682696	2130.0	1
6682696	6697131	2125.3	1
6697131	6716019	2124.1	1
6716019	6729457	2121.9	1
6729457	6748209	2118.2	1
6748209	6756535	2117.2	1
6756535	6774663	2116.4	1
6774663	6795998	2115.6	1
6795998	6803420	2114.6	1
6803420	6816869	2114.0	1
6816869	6832637	2113.6	1
6832637	6850462	2113.2	1
6850462	6870766	2110.3	1
6870766	6877875	2109.9	1
6877875	6891002	2109.7	1
6891002	6911275	2109.7	1
6911275	6924257	2109.3	1
6924257	6938436	2109.3	1
6938436	6949566	2109.1	1
6949566	6967854	2108.9	1
6967854	6976920	2108.9	1
6976920	6995042	2108.7	1
6995042	7012888	2108.5	1
7012888	7025230	2108.5	1
7025230	7033151	2108.5	1
7033151	7046704	2108.7	1
7046704	7060082	2108.5	1
7060082	7082845	2108.5	1
7082845	7091348	2108.7	1
7091348	7103987	2108.7	1
7103987	7122107	2108.5	1
7122107	7135401	2108.1	1
7135401	7148954	2108.3	1
7148954	7160904	2108.5	1
7160904	7180570	2108.5	1
7180570	7188762	2108.3	1
7188762	7200707	2108.5	1
7200707	7217220	2108.3	1
7217220	7235924	2108.3	1
7235924	7243513	2108.5	1
7243513	7256227	2108.3	1
7256227	7275377	2108.3	1
7275377	7293080	2108.3	1
7293080	7301214	2134.0	1
7301214	7320556	2131.0	1
7320556	7326853	2126.1	1
7326853	7341933	2124.5	1
7341933	7360890	2122.9	1
7360890	7376654	2118.8	1
7376654	7384928	2117.8	1
7384928	7398958	2116.8	1
7398958	7416592	2116.4	1
7416592	7434882	2115.6	1
7434882	7442173	2114.6	1
7442173	7459685	2114.0	1
7459685	7469303	2113.4	1
7469303	7481632	2113.4	1
7481632	7500171	2113.2	1
7500171	7517882	2110.1	1
7517882	7524594	2109.9	1
7524594	7538051	2109.7	1
7538051	7551561	2109.7	1
7551561	7570908	2109.5	1
7570908	7582170	2108.9	1
7582170	7597802	2108.9	1
7597802	7614754	2109.1	1
7614754	7624438	2108.9	1
7624438	7639757	2108.7	1
7639757	7652232	2108.7	1
7652232	7665530	2108.5	1
7665530	7684836	2108.7	1
7684836	7692775	2108.9	1
7692775	7713059	2108.9	1
7713059	7723015	2108.5	1
7723015	7735593	2108.7	1
7735593	7748181	2108.7	1
7748181	7762466	2108.7	1
7762466	7783026	2108.7	1
7783026	7796801	2108.3	1
7796801	7810475	2108.3	1
7810475	7826012	2108.5	1
7826012	7832651	2108.7	1
7832651	7849699	2108.5	1
7849699	7862316	2108.1	1
7862316	7877675	2108.3	1
7877675	7890122	2108.5	1
7890122	7903399	2108.5	1
7903399	7923780	2108.5	1
7923780	7929845	2108.3	1
7929845	7949311	2108.3	1
7949311	7957811	2108.1	1
7957811	7971723	2108.3	1
7971723	7991333	2108.3	1
7991333	8004958	2108.1	1
8004958	8018475	2108.1	1
8018475	8032268	2108.3	1
8032268	8044186	2108.3	1
8044186	8064714	2108.1	1
8064714	8072483	2108.3	1
8072483	8092739	2108.3	1
8092739	8105698	2108.5	1
8105698	8114487	2108.3	1
8114487	8132026	2108.1	1
8132026	8144673	2107.9	1
8144673	8156191	2108.5	1
8156191	8170249	2108.5	1
8170249	8182923	2108.5	1
8182923	8200552	2109.1	1
8200552	8211544	2108.9	1
8211544	8230491	2108.9	1
8230491	8244352	2108.9	1
8244352	8252980	2108.9	1
8252980	8273133	2108.7	1
8273133	8286616	2109.1	1
8286616	8300240	2108.9	1
8300240	8313321	2108.7	1
8313321	8320597	2108.7	1
8320597	8343575	2108.7	1
8343575	8357907	2108.5	1
8357907	8371302	2108.7	1
8371302	8379726	2108.5	1
8379726	8398055	2108.3	1
8398055	8414143	2108.1	1
8414143	8425906	2108.3	1
8425906	8443212	2108.3	1
8443212	8460079	2108.3	1
8460079	8483782	2108.3	1
8483782	8493734	2108.3	1
8493734	8507864	2108.5	1
8507864	8521294	2108.3	1
8521294	8534808	2107.9	1
8534808	8552030	2108.1	1
8552030	8565129	2107.9	1
8565129	8578547	2108.1	1
8578547	8592860	2108.1	1
8592860	8604877	2108.1	1
8604877	8624376	2108.1	1
8624376	8640101	2108.3	1
8640101	8653566	2108.5	1
8653566	8660339	2107.9	1
8660339	8679818	2108.1	1
8679818	8697561	2108.5	1
8697561	8707762	2108.3	1
8707762	8717960	2108.3	1
8717960	8732585	2108.3	1
8732585	8749835	2108.1	1
8749835	8768800	2108.1	1
8768800	8779714	2108.3	1
8779714	8792120	2108.1	1
8792120	8802321	2108.1	1
8802321	8816262	2107.9	1
8816262	8834263	2108.1	1
8834263	8845968	2108.1	1
8845968	8859545	2108.1	1
8859545	8872011	2108.3	1
8872011	8891441	2108.1	1
8891441	8906365	2108.1	1
8906365	8925580	2108.3	1
8925580	8932524	2108.1	1
8932524	8952606	2108.3	1
8952606	8976821	2108.5	1
8976821	8987121	2108.1	1
8987121	9007220	2108.1	1
9007220	9020285	2108.1	1
9020285	9034182	2108.5	1
9034182	9048077	2108.5	1
9048077	9058486	2108.3	1
9058486	9070979	2108.3	1
9070979	9085031	2108.7	1
9085031	9102373	2108.5	1
9102373	9114259	2108.7	1
9114259	9130473	2108.9	1
9130473	9143982	2108.7	1
9143982	9154028	2108.7	1
9154028	9166139	2108.7	1
9166139	9180563	2108.9	1
9180563	9199767	2108.9	1
9199767	9206385	2108.9	1
9206385	9219880	2108.7	1
9219880	9238480	2108.9	1
9238480	9252823	2108.9	1
9252823	9264142	2109.1	1
9264142	9276028	2109.3	1
9276028	9289018	2108.9	1
9289018	9306450	2109.3	1
9306450	9321418	2109.3	1
9321418	9334622	2108.9	1
9334622	9347639	2108.5	1
9347639	9361348	2108.7	1
9361348	9375029	2108.3	1
9375029	9392375	2108.1	1
9392375	9412972	2108.5	1
9412972	9422997	2108.5	1
9422997	9433016	2108.5	1
9433016	9450197	2108.3	1
9450197	9464318	2108.3	1
9464318	9477473	2108.3	1
9477473	9492981	2108.3	1
9492981	9504856	2108.1	1
9504856	9532188	2108.1	1
9532188	9551078	2108.3	1
9551078	9559521	2108.3	1
9559521	9580061	2108.1	1
9580061	9586951	2108.3	1
9586951	9611749	2107.9	1
9611749	9621194	2108.3	1
9621194	9634998	2108.3	1
9634998	9644194	2107.9	1
9644194	9663258	2108.3	1
9663258	9677713	2108.5	1
9677713	9688117	2108.3	1
9688117	9700961	2107.9	1
9700961	9713954	2108.9	1
9713954	9727068	2109.7	1
9727068	9742963	2109.9	1
9742963	9755052	2113.2	1
9755052	9768850	2112.8	1
9768850	9787605	2110.3	1
9787605	9795999	2110.3	1
9795999	9815989	2109.7	1
9815989	9826210	2108.9	1
9826210	9843950	2109.1	1
9843950	9853568	2108.7	1
9853568	9866997	2106.9	1
9866997	9883743	2107.7	1
9883743	9902900	2107.5	1
9902900	9911662	2107.7	1
9911662	9925611	2107.3	1
9925611	9939382	2107.3	1
9939382	9959480	2107.5	1
9959480	9967935	2107.7	1
9967935	9981539	2107.7	1
9981539	9999939	2108.1	1
9999939	10013515	2108.5	1
10013515	10027315	2108.3	1
10027315	10045053	2108.3	1
10045053	10057184	2108.3	1
10057184	10072478	2108.1	1
10072478	10080021	2108.1	1
10080021	10099086	2108.1	1
10099086	10110903	2108.1	1
10110903	10129976	2108.1	1
10129976	10144084	2107.7	1
10144084	10150948	2107.7	1
10150948	10171397	2107.9	1
10171397	10185412	2107.7	1
10185412	10195407	2107.3	1
10195407	10209796	2107.7	1
10209796	10227738	2107.9	1
10227738	10245968	2107.9	1
10245968	10258435	2129.4	1
10258435	10276944	2125.3	1
10276944	10285406	2123.3	1
10285406	10303929	2122.3	1
10303929	10319257	2118.6	1
10319257	10337465	2117.2	1
10337465	10345647	2116.4	1
10345647	10363823	2115.6	1
10363823	10386058	2115.2	1
10386058	10403658	2113.6	1
10403658	10417269	2113.6	1
10417269	10425217	2113.4	1
10425217	10437154	2113.2	1
10437154	10461066	2113.0	1
10461066	10467343	2109.7	1
10467343	10479852	2109.9	1
10479852	10493511	2109.7	1
10493511	10515772	2109.7	1
10515772	10530027	2135.2	1
10530027	10537032	2130.8	1
10537032	10550164	2129.0	1
10550164	10562809	2124.7	1
10562809	10581991	2123.5	1
10581991	10599809	2121.7	1
10599809	10608016	2117.8	1
10608016	10620981	2117.4	1
10620981	10631873	2116.4	1
10631873	10648271	2115.8	1
10648271	10668321	2115.2	1
10668321	10682925	2114.6	1
10682925	10697476	2113.8	1
10697476	10706407	2113.2	1
10706407	10733940	2113.2	1
10733940	10749467	2110.1	1
10749467	10763238	2109.9	1
10763238	10771998	2109.3	1
10771998	10783866	2109.3	1
10783866	10806639	2108.9	1
10806639	10819911	2108.9	1
10819911	10835583	2108.7	1
10835583	10843875	2108.7	1
10843875	10858669	2108.5	1
10858669	10875231	2108.5	1
10875231	10886139	2108.3	1
10886139	10906846	2108.5	1
10906846	10919603	2108.7	1
10919603	10934212	2108.5	1
10934212	10953494	2108.1	1
10953494	10957720	2108.3	1
10957720	10971346	2108.1	1
10971346	10986047	2108.3	1
10986047	10998666	2108.5	1
10998666	11805240	2108.5	1
11805240	11823431	2108.7	1
11823431	11838410	2108.5	1
11838410	11856824	2108.9	1
11856824	11864323	2108.3	1
11864323	11877398	2108.3	1
11877398	11888379	2108.3	1
11888379	11907642	2108.3	1
11907642	11922149	2108.3	1
11922149	11938599	2108.1	1
11938599	11952778	2108.1	1
11952778	11960960	2108.1	1
11960960	11975959	2108.1	1
11975959	11994822	2108.1	1
11994822	12004847	2107.7	1
12004847	12018632	2107.9	1
12018632	12037505	2107.9	1
12037505	12050985	2107.9	1
12050985	12071369	2108.1	1
12071369	12075869	2107.9	1
12075869	12090867	2107.9	1
12090867	12102038	2107.9	1
12102038	12121032	2107.9	1
12121032	12137138	2108.1	1
12137138	12153053	2108.3	1
12153053	12160782	2108.1	1
12160782	12178890	2108.1	1
12178890	12192096	2108.1	1
12192096	12205910	2107.7	1
12205910	12218643	2108.1	1
12218643	12232065	2107.9	1
12232065	12248246	2108.5	1
12248246	12256884	2108.3	1
12256884	12278840	2108.5	1
12278840	12292154	2108.7	1
12292154	12300023	2108.7	1
12300023	12312951	2108.7	1
12312951	12326874	2108.9	1
12326874	12344979	2108.7	1
12344979	12357149	2108.7	1
12357149	12368387	2108.9	1
12368387	12388499	2109.1	1
12388499	12395135	2109.1	1
12395135	12413477	2109.1	1
12413477	12428267	2109.3	1
12428267	12442617	2109.3	1
12442617	12453131	2109.1	1
12453131	12465550	2108.7	1
12465550	12486268	2108.9	1
12486268	12494067	2108.7	1
12494067	12508356	2109.1	1
12508356	12525705	2108.9	1
12525705	12534948	2109.1	1
12534948	12553292	2108.7	1
12553292	12562934	2108.9	1
12562934	12580876	2109.1	1
12580876	12588703	2108.9	1
12588703	12601837	2108.7	1
12601837	12623569	2108.7	1
12623569	12634594	2108.7	1
12634594	12652006	2108.9	1
12652006	12660437	2108.7	1
12660437	12673434	2108.7	1
12673434	12688515	2108.9	1
12688515	12701051	2109.3	1
12701051	12714428	2108.9	1
12714428	12732927	2108.7	1
12732927	12741053	2108.9	1
12741053	12761100	2108.7	1
12761100	12771589	2108.9	1
12771589	12785155	2108.7	1
12785155	12798784	2108.9	1
12798784	12811999	2108.9	1
12811999	12829445	2109.1	1
12829445	12841778	2108.9	1
12841778	12854741	2108.5	1
12854741	12875138	2108.5	1
12875138	12880483	2108.5	1
12880483	12899212	2109.1	1
12899212	12910192	2108.7	1
12910192	12922186	2108.7	1
12922186	12934960	2109.1	1
12934960	12948221	2108.9	1
12948221	12967939	2109.1	1
12967939	12979783	2108.9	1
12979783	12994842	2108.5	1
12994842	13009431	2108.9	1
13009431	13022127	2109.1	1
13022127	13039762	2108.7	1
13039762	13052712	2108.9	1
13052712	13060471	2108.9	1
13060471	13073885	2108.9	1
13073885	13086966	2108.9	1
13086966	13107451	2109.1	1
13107451	13116255	2109.1	1
13116255	13129091	2108.9	1
13129091	13146163	2108.9	1
13146163	13155299	2108.9	1
13155299	13176525	2109.1	1
13176525	13187031	2108.9	1
13187031	13203928	2108.9	1
13203928	13212935	2108.9	1
13212935	13226120	2108.9	1
13226120	13243620	2108.9	1
13243620	13260530	2108.7	1
13260530	13273567	2108.7	1
13273567	13282969	2108.7	1
13282969	13295783	2108.5	1
13295783	13315041	2108.5	1
13315041	13328677	2108.5	1
13328677	13339480	2108.3	1
13339480	13357226	2108.3	1
13357226	13366760	2108.5	1
13366760	13385123	2108.3	1
13385123	13400993	2108.3	1
13400993	13409243	2108.3	1
13409243	13421824	2108.9	1
13421824	13441990	2108.7	1
13441990	13456929	2108.7	1
13456929	13464724	2108.9	1
13464724	13478278	2108.7	1
13478278	13496788	2109.1	1
13496788	13507103	2108.9	1
13507103	13522347	2108.7	1
13522347	13534844	2108.7	1
13534844	13548171	2108.9	1
13548171	13562208	2108.5	1
13562208	13578903	2108.9	1
13578903	13594366	2108.9	1
13594366	13603428	2109.1	1
13603428	13622206	2108.9	1
13622206	13635878	2108.7	1
13635878	13643917	2108.7	1
13643917	13661233	2108.7	1
13661233	13677191	2108.5	1
13677191	13686972	2108.7	1
13686972	13699556	2109.1	1
13699556	13715277	2108.9	1
13715277	13728995	2108.9	1
13728995	13741902	2109.1	1
13741902	13755369	2108.9	1
13755369	13768702	2108.7	1
13768702	13781667	2108.9	1
13781667	13798545	2108.9	1
13798545	13812264	2108.7	1
13812264	13825042	2108.9	1
13825042	13837020	2108.9	1
13837020	13854416	2109.1	1
13854416	13874048	2108.9	1
13874048	13881739	2108.9	1
13881739	13897947	2109.3	1
13897947	13914860	2108.9	1
13914860	13937413	2108.7	1
13937413	13955449	2108.5	1
13955449	13962265	2108.3	1
13962265	13980995	2108.3	1
13980995	13989523	2108.5	1
13989523	14008038	2108.7	1
14008038	14020835	2108.3	1
14020835	14032262	2108.3	1
14032262	14048543	2108.5	1
14048543	14062264	2108.5	1
14062264	14077499	2108.3	1
14077499	14091066	2108.1	1
14091066	14103068	2108.3	1
14103068	14123334	2108.3	1
14123334	14129760	2108.1	1
14129760	14151224	2108.3	1
14151224	14160397	2108.1	1
14160397	14187404	2108.3	1
14187404	14204622	2108.1	1
14204622	14218844	2108.1	1
14218844	14233561	2108.1	1
14233561	14243216	2108.1	1
14243216	14262966	2108.3	1
14262966	14269656	2108.5	1
14269656	14293480	2108.1	1
14293480	14306524	2108.3	1
14306524	14317791	2108.3	1
14317791	14332132	2108.3	1
14332132	14340729	2107.9	1
14340729	14360180	2107.9	1
14360180	14374498	2108.1	1
14374498	14388110	2108.1	1
14388110	14395671	2108.1	1
14395671	14411981	2108.5	1
14411981	14428647	2108.5	1
14428647	14445806	2108.3	1
14445806	14455808	2108.1	1
14455808	14473490	2108.5	1
14473490	14481230	2108.3	1
14481230	14497477	2108.1	1
14497477	14510397	2108.3	1
14510397	14529494	2108.3	1
14529494	14544125	2108.1	1
14544125	14552106	2108.1	1
14552106	14569315	2108.3	1
14569315	14581955	2108.3	1
14581955	14599509	2107.9	1
14599509	14611147	2108.3	1
14611147	14620771	2108.3	1
14620771	14638725	2108.1	1
14638725	14652330	2108.3	1
14652330	14670818	2108.1	1
14670818	14679488	2108.3	1
14679488	14696716	2108.5	1
14696716	14719219	2108.1	1
14719219	14727098	2108.5	1
14727098	14740831	2108.5	1
14740831	14754886	2108.3	1
14754886	14760920	2108.1	1
14760920	14780881	2108.1	1
14780881	14794352	2108.3	1
14794352	14807148	2108.9	1
14807148	14819946	2108.9	1
14819946	14835338	2108.5	1
14835338	14855113	2108.3	1
14855113	14869429	2108.7	1
14869429	14876270	2108.1	1
14876270	14891551	2108.1	1
14891551	14903183	2108.3	1
14903183	14921404	2108.1	1
14921404	14933394	2108.3	1
14933394	14947743	2108.5	1
14947743	14960581	2108.5	1
14960581	14972660	2108.7	1
14972660	14990788	2108.5	1
14990788	15004413	2108.1	1
15004413	15015709	2108.1	1
15015709	15028764	2108.1	1
15028764	15045652	2108.3	1
15045652	15065027	2108.5	1
15065027	15073004	2108.1	1
15073004	15087127	2108.3	1
15087127	15105527	2108.3	1
15105527	15112171	2108.3	1
15112171	15132505	2108.7	1
15132505	15145667	2108.5	1
15145667	15158790	2108.5	1
15158790	15172075	2108.1	1
15172075	15184107	2108.3	1
15184107	15201271	2108.5	1
15201271	15220042	2108.9	1
15220042	15234172	2108.7	1
15234172	15247534	2108.3	1
15247534	15260190	2108.3	1
15260190	15278962	2108.1	1
15278962	15290001	2108.3	1
15290001	15299599	2108.3	1
15299599	15313917	2108.7	1
15313917	15325819	2108.5	1
15325819	15343461	2108.1	1
15343461	15356882	2108.3	1
15356882	15374638	2108.1	1
15374638	15383838	2107.9	1
15383838	15397365	2108.1	1
15397365	15417413	2108.1	1
15417413	15431677	2108.5	1
15431677	15445336	2108.3	1
15445336	15454181	2108.1	1
15454181	15472095	2107.9	1
15472095	15490311	2108.3	1
15490311	15496988	2108.1	1
15496988	15514188	2108.3	1
15514188	15530354	2108.3	1
15530354	15543355	2108.5	1
15543355	15560310	2108.3	1
15560310	15571098	2107.9	1
15571098	15588731	2108.3	1
15588731	15597721	2108.1	1
15597721	15627344	2108.1	1
15627344	15642145	2108.1	1
15642145	15651607	2108.3	1
15651607	15665435	2108.5	1
15665435	15679285	2108.3	1
15679285	15699794	2108.1	1
15699794	15713449	2107.9	1
15713449	15727066	2108.1	1
15727066	15742639	2108.1	1
15742639	15755635	2108.5	1
15755635	15770259	2108.3	1
15770259	15784584	2108.1	1
15784584	15797089	2108.5	1
15797089	15814810	2108.1	1
15814810	15838429	2108.3	1
15838429	15849670	2108.1	1
15849670	15862996	2108.1	1
15862996	15879301	2108.3	1
15879301	15890045	2108.3	1
15890045	15913523	2108.3	1
15913523	15919895	2108.7	1
15919895	15938442	2108.5	1
15938442	15946675	2108.5	1
15946675	15960553	2108.1	1
15960553	15978260	2108.3	1
15978260	15990251	2108.1	1
15990251	16004797	2107.9	1
16004797	16021855	2108.1	1
16021855	16032762	2108.3	1
16032762	16055696	2108.1	1
16055696	16066802	2108.5	1
16066802	16076527	2108.3	1
16076527	16089756	2108.3	1
16089756	16103168	2107.9	1
16103168	16120945	2108.1	1
16120945	16135336	2108.3	1
16135336	16144783	2108.3	1
16144783	16158299	2108.1	1
16158299	16172293	2108.5	1
16172293	16190995	2108.1	1
16190995	16204176	2108.3	1
16204176	16217739	2108.3	1
16217739	16224987	2107.9	1
16224987	16238640	2108.1	1
16238640	16262997	2108.1	1
16262997	16272771	2108.3	1
16272771	16292587	2108.1	1
16292587	16306392	2108.1	1
16306392	16319749	2108.3	1
16319749	16333499	2108.1	1
16333499	16342850	2108.3	1
16342850	16355802	2108.3	1
16355802	16369317	2108.5	1
16369317	16389860	2108.3	1
16389860	16405512	2108.3	1
16405512	16414919	2107.9	1
16414919	16428081	2108.1	1
16428081	16441887	2108.3	1
16441887	16455433	2108.3	1
16455433	16478008	2108.7	1
16478008	16489292	2108.5	1
16489292	16502903	2108.3	1
16502903	16509677	2108.1	1
16509677	16523153	2108.1	1
16523153	16542501	2108.3	1
16542501	16555784	2108.3	1
16555784	16573527	2108.1	1
16573527	16584293	2108.3	1
16584293	16597842	2108.3	1
16597842	16618291	2108.1	1
16618291	16624729	2108.1	1
16624729	16643601	2108.1	1
16643601	16656452	2107.9	1
16656452	16665825	2108.1	1
16665825	16683725	2108.3	1
16683725	16696191	2108.1	1
16696191	16713815	2108.3	1
16713815	16726858	2108.3	1
16726858	16734040	2108.3	1
16734040	16754078	2108.3	1
16754078	16771995	2108.1	1
16771995	16784803	2108.1	1
16784803	16794889	2108.1	1
16794889	16807000	2108.3	1
16807000	16824516	2108.3	1
16824516	16841725	2108.1	1
16841725	16855986	2108.3	1
16855986	16869078	2108.5	1
16869078	16876516	2108.1	1
16876516	16897538	2108.3	1
16897538	16909728	2107.9	1
16909728	16926284	2107.9	1
16926284	16933137	2108.1	1
16933137	16946559	2107.9	1
16946559	16965226	2108.1	1
16965226	16978975	2107.9	1
16978975	16997143	2108.1	1
16997143	17004490	2107.9	1
17004490	17018681	2108.3	1
17018681	17035345	2108.3	1
17035345	17048506	2108.1	1
17048506	17062618	2108.1	1
17062618	17076611	2108.1	1
17076611	17087671	2108.3	1
17087671	17107207	2108.1	1
17107207	17119591	2108.3	1
17119591	17133035	2108.3	1
17133035	17145313	2108.1	1
17145313	17159990	2108.3	1
17159990	17177522	2108.5	1
17177522	17194282	2108.1	1
17194282	17209434	2108.1	1
17209434	17216181	2108.1	1
17216181	17229879	2108.3	1
17229879	17252541	2108.3	1
17252541	17265835	2108.5	1
17265835	17273481	2108.3	1
17273481	17289389	2108.5	1
17289389	17304439	2108.5	1
17304439	17319080	2108.3	1
17319080	17331905	2108.3	1
17331905	17345045	2108.1	1
17345045	17357072	2108.5	1
17357072	17370148	2108.5	1
17370148	17388677	2108.5	1
17388677	17403278	2108.7	1
17403278	17410177	2108.5	1
17410177	17430488	2108.9	1
17430488	17438291	2108.9	1
17438291	17457449	2108.7	1
17457449	17469950	2108.5	1
17469950	17484524	2108.5	1
17484524	17497662	2108.5	1
17497662	17514628	2108.7	1
17514628	17536323	2108.3	1
17536323	17540002	2108.1	1
17540002	17558805	2108.3	1
17558805	17566841	2108.3	1
17566841	17584459	2108.3	1
17584459	17599133	2108.3	1
17599133	17609027	2108.3	1
17609027	17621149	2108.1	1
17621149	17637069	2108.3	1
17637069	17649291	2108.5	1
17649291	17674141	2108.5	1
17674141	17679408	2108.7	1
17679408	17694497	2108.5	1
17694497	17706417	2108.5	1
17706417	17723728	2108.3	1
17723728	17743811	2108.7	1
17743811	17753267	2108.3	1
17753267	17766437	2108.5	1
17766437	17780839	2108.5	1
17780839	17810911	2108.5	1
17810911	17821413	2108.7	1
17821413	17834210	2108.5	1
17834210	17846821	2108.3	1
17846821	17859614	2108.3	1
17859614	17879271	2108.1	1
17879271	17890431	2108.3	1
17890431	17904203	2108.3	1
17904203	17923259	2108.5	1
17923259	17931485	2108.5	1
17931485	17949312	2108.3	1
17949312	17965278	2108.3	1
17965278	17974827	2108.7	1
17974827	17990642	2108.5	1
17990642	18006186	2108.5	1
18006186	18021734	2108.1	1
18021734	18032400	2108.1	1
18032400	18046949	2108.1	1
18046949	18060127	2108.3	1
18060127	18070958	2108.3	1
18070958	18087710	2108.3	1
18087710	18101559	2108.5	1
18101559	18120801	2108.5	1
18120801	18133865	2108.7	1
18133865	18146306	2108.5	1
18146306	18161160	2108.3	1
18161160	18172017	2108.7	1
18172017	18185180	2108.7	1
18185180	18198673	2108.5	1
18198673	18235557	2108.7	1
18235557	18248775	2108.7	1
18248775	18260050	2108.9	1
18260050	18268698	2108.7	1
18268698	18282777	2108.7	1
18282777	18300157	2108.5	1
18300157	18316515	2108.5	1
18316515	18324499	2108.7	1
18324499	18336579	2108.5	1
18336579	18350124	2108.7	1
18350124	18369017	2108.3	1
18369017	18383295	2108.5	1
18383295	18399619	2108.3	1
18399619	18408514	2108.3	1
18408514	18421031	2108.5	1
18421031	18438114	2108.3	1
18438114	18457089	2108.3	1
18457089	18468737	2108.5	1
18468737	18479209	2108.3	1
18479209	18497265	2108.3	1
18497265	18511955	2108.7	1
18511955	18524857	2108.5	1
18524857	18543937	2108.3	1
18543937	18550911	2108.3	1
18550911	18579980	2108.3	1
18579980	18593070	2108.3	1
18593070	18606720	2108.5	1
18606720	18623831	2108.3	1
18623831	18637103	2108.3	1
18637103	18652997	2108.7	1
18652997	18667215	2108.5	1
18667215	18680194	2108.5	1
18680194	18688145	2108.5	1
18688145	18701128	2108.5	1
18701128	18727392	2108.3	1
18727392	18732525	2108.5	1
18732525	18747218	2108.7	1
18747218	18759068	2108.7	1
18759068	18773695	2108.5	1
18773695	18790272	2108.5	1
18790272	18802575	2108.5	1
18802575	18822182	2108.7	1
18822182	18829716	2108.5	1
18829716	18848694	2108.5	1
18848694	18862348	2108.3	1
18862348	18876975	2108.5	1
18876975	18886429	2108.7	1
18886429	18899814	2108.5	1
18899814	18912110	2108.7	1
18912110	18930530	2108.5	1
18930530	18943675	2108.3	1
18943675	18955626	2108.5	1
18955626	18973906	2108.5	1
18973906	18989926	2108.5	1
18989926	19002432	2108.3	1
19002432	19012673	2108.3	1
19012673	19025792	2108.5	1
19025792	19045373	2108.3	1
19045373	19052986	2108.7	1
19052986	19071519	2108.7	1
19071519	19083410	2108.5	1
19083410	19115746	2108.5	1
19115746	19125637	2108.5	1
19125637	19140853	2108.5	1
19140853	19153324	2108.5	1
19153324	19166794	2108.5	1
19166794	19180338	2108.7	1
19180338	19199878	2108.5	1
19199878	19213844	2108.5	1
19213844	19224218	2108.3	1
19224218	19236521	2108.3	1
19236521	19251101	2108.3	1
19251101	19263665	2108.5	1
19263665	19281151	2108.5	1
19281151	19294481	2108.5	1
19294481	19308349	2108.5	1
19308349	19321758	2108.5	1
19321758	19341089	2108.3	1
19341089	19356318	2108.5	1
19356318	19363459	2108.3	1
19363459	19376504	2108.3	1
19376504	19389680	2108.7	1
19389680	19409299	2108.9	1
19409299	19429406	2108.7	1
19429406	19433401	2108.5	1
19433401	19447009	2108.5	1
19447009	19459652	2108.3	1
19459652	19476203	2108.3	1
19476203	19498823	2108.5	1
19498823	19509699	2108.3	1
19509699	19516677	2108.5	1
19516677	19534790	2108.7	1
19534790	19543587	2108.7	1
19543587	19563977	2108.5	1
19563977	19572702	2108.5	1
19572702	19588307	2108.5	1
19588307	19605085	2108.3	1
19605085	19621519	2108.3	1
19621519	19639072	2108.5	1
19639072	19645799	2108.3	1
19645799	19659619	2108.5	1
19659619	19673174	2108.5	1
19673174	19701805	2108.3	1
19701805	19713660	2108.5	1
19713660	19727748	2108.3	1
19727748	19739008	2108.7	1
19739008	19752487	2108.5	1
19752487	19770987	2108.5	1
19770987	19786044	2108.7	1
19786044	19797719	2108.7	1
19797719	19810257	2108.5	1
19810257	19827754	2108.7	1
19827754	19843617	2108.7	1
19843617	19854105	2108.3	1
19854105	19867560	2108.3	1
19867560	19881139	2108.3	1
19881139	19898703	2108.5	1
19898703	19914646	2108.3	1
19914646	19929485	2108.5	1
19929485	19942939	2108.3	1
19942939	19952677	2108.5	1
19952677	19963927	2108.3	1
19963927	19982494	2108.3	1
19982494	19995281	2108.7	1
19995281	20009074	2108.7	1
20009074	99999999	2108.3	1
