0 0 1743.4 0
0 0 1742.6 0
0 0 1740.8 0
0 0 1740.4 0
0 0 1741.0 0
0 0 1742.8 0
0 0 1743.2 0
0 0 1743.8 0
0 0 1743.6 0
0 0 1744.2 0
0 1 1742.4 0
1 1 1742.2 0
1 1 1741.2 0
1 1 1741.8 0
1 1 1743.0 0
1 1 1744.0 0
1 235 1742.0 0
235 13841 1743.6 0
13841 30277 1744.6 0
30277 40627 1744.2 0
40627 52512 1743.8 0
52512 76771 1742.4 0
76771 84910 1742.2 0
84910 99452 1742.0 0
99452 111827 1741.4 0
111827 121198 1741.8 0
121198 144569 1743.2 0
144569 151792 1742.2 0
151792 164899 1743.2 0
164899 178116 1744.0 0
178116 196388 1744.6 0
196388 212216 1742.6 0
212216 225585 1742.4 0
225585 238891 1742.8 0
238891 251757 1743.8 0
251757 263664 1742.6 0
263664 281400 1743.6 0
281400 294702 1743.2 0
294702 302791 1744.0 0
302791 319258 1743.2 0
319258 334582 1744.4 0
334582 347122 1743.8 0
347122 359280 1744.0 0
359280 377495 1743.6 0
377495 395821 1712.1 0
395821 402420 1711.3 0
402420 415776 1717.9 0
415776 435696 1723.3 0
435696 448551 1723.7 0
448551 464897 1728.7 0
464897 470508 1731.1 0
470508 484545 1733.1 0
484545 503535 1733.9 0
503535 516475 1739.8 0
516475 530975 1741.0 0
530975 536980 1741.2 0
536980 559818 1729.3 0
559818 572911 1731.3 0
572911 589990 1734.3 0
589990 605924 1736.3 0
605924 619574 1738.4 0
619574 630042 1741.2 0
630042 647282 1740.6 0
647282 655476 1741.4 0
655476 675713 1740.8 0
675713 688527 1743.2 0
688527 701459 1743.8 0
701459 718418 1745.4 0
718418 732269 1746.6 0
732269 749539 1746.4 0
749539 759971 1747.8 0
759971 767214 1748.4 0
767214 784088 1749.4 0
784088 792444 1750.6 0
792444 814703 1749.8 0
814703 822885 1750.4 0
822885 837593 1748.6 0
837593 848970 1750.8 0
848970 861660 1751.0 0
861660 881754 1751.6 0
881754 893340 1750.4 0
893340 900924 1749.8 0
900924 916160 1749.2 0
916160 926798 1748.8 0
926798 948657 1748.4 0
948657 961824 1748.8 0
961824 974887 1749.0 0
974887 990465 1747.6 0
990465 1002913 1747.4 0
1002913 1026256 1748.6 0
1026256 1034962 1751.4 0
1034962 1045467 1750.4 0
1045467 1055494 1749.8 0
1055494 1069138 1748.6 0
1069138 1087846 1748.8 0
1087846 1102375 1750.6 0
1102375 1115766 1749.0 0
1115766 1128864 1749.6 0
1128864 1141266 1748.8 0
1141266 1154258 1747.2 0
1154258 1171396 1748.0 0
1171396 1178582 1747.2 0
1178582 1192280 1747.2 0
1192280 1206485 1747.6 0
1206485 1225765 1746.8 0
1225765 1241232 1746.8 0
1241232 1254170 1747.4 0
1254170 1267385 1747.2 0
1267385 1274873 1747.4 0
1274873 1291888 1747.0 0
1291888 1308427 1748.4 0
1308427 1322833 1748.2 0
1322833 1334889 1750.6 0
1334889 1344794 1750.0 0
1344794 1368683 1750.6 0
1368683 1382412 1748.0 0
1382412 1395404 1749.0 0
1395404 1404430 1749.2 0
1404430 1421624 1749.0 0
1421624 1439701 1749.4 0
1439701 1452530 1748.6 0
1452530 1461634 1749.2 0
1461634 1475237 1749.8 0
1475237 1490534 1750.4 0
1490534 1501380 1751.4 0
1501380 1513540 1747.8 0
1513540 1532979 1749.2 0
1532979 1544173 1750.4 0
1544173 1559338 1748.4 0
1559338 1572121 1750.0 0
1572121 1582710 1749.6 0
1582710 1596474 1751.8 0
1596474 1609427 1749.0 0
1609427 1626269 1749.2 0
1626269 1645699 1747.4 0
1645699 1652886 1748.0 0
1652886 1671575 1748.2 0
1671575 1682732 1750.2 0
1682732 1699079 1750.0 0
1699079 1711473 1748.8 0
1711473 1721393 1754.4 0
1721393 1735351 1754.5 0
1735351 1751875 1754.6 0
1751875 1759241 1750.8 0
1759241 1781623 1755.2 0
1781623 1790350 1755.6 0
1790350 1803807 1751.4 0
1803807 1818372 1758.2 0
1818372 1835027 1755.2 0
1835027 1844384 1751.8 0
1844384 1857940 1751.6 0
1857940 1876012 1756.0 0
1876012 1882506 1751.8 0
1882506 1896854 1755.0 0
1896854 1919858 1755.2 0
1919858 1928195 1758.4 0
1928195 1945543 1760.0 0
1945543 1953096 1758.6 0
1953096 1965932 1758.2 0
1965932 1996252 1755.2 0
1996252 2003800 1757.0 0
2003800 2016753 1756.4 0
2016753 2031085 1757.2 0
2031085 2039292 1735.5 0
2039292 2049094 1735.5 0
2049094 2060039 1740.8 0
2060039 2072858 1741.8 0
2072858 2084815 1742.4 0
2084815 2097941 1743.8 0
2097941 2110534 1744.4 0
2110534 2129939 1746.4 0
2129939 2139664 1748.6 0
2139664 2158015 1749.4 0
2158015 2171148 1749.4 0
2171148 2184482 1749.8 0
2184482 2196899 1750.6 0
2196899 2212467 1753.9 0
2212467 2225401 1749.6 0
2225401 2235620 1754.1 0
2235620 2251477 1750.4 0
2251477 2270567 1751.0 0
2270567 2278146 1752.2 0
2278146 2294454 1750.2 0
2294454 2307443 1750.6 0
2307443 2319973 1751.8 0
2319973 2337339 1750.8 0
2337339 2350790 1753.3 0
2350790 2363616 1753.1 0
2363616 2376708 1752.2 0
2376708 2390505 1749.8 0
2390505 2403539 1748.8 0
2403539 2416431 1749.8 0
2416431 2430563 1754.5 0
2430563 2443986 1755.4 0
2443986 2457511 1756.4 0
2457511 2474101 1754.4 0
2474101 2490164 1756.2 0
2490164 2499298 1755.8 0
2499298 2517080 1754.8 0
2517080 2530220 1756.0 0
2530220 2548116 1757.2 0
2548116 2555021 1756.8 0
2555021 2572109 1755.0 0
2572109 2581504 1756.2 0
2581504 2597775 1757.2 0
2597775 2616542 1759.6 0
2616542 2627692 1760.2 0
2627692 2639178 1760.2 0
2639178 2656441 1759.6 0
2656441 2663106 1761.4 0
2663106 2682467 1760.0 0
2682467 2692360 1760.0 0
2692360 2710224 1761.2 0
2710224 2717983 1761.8 0
2717983 2739242 1760.0 0
2739242 2752681 1758.6 0
2752681 2761410 1754.5 0
2761410 2776191 1758.8 0
2776191 2787470 1759.8 0
2787470 2800587 1758.4 0
2800587 2817366 1759.2 0
2817366 2834148 1757.4 0
2834148 2848752 1757.2 0
2848752 2855004 1757.2 0
2855004 2875160 1757.2 0
2875160 2887141 1758.2 0
2887141 2902351 1758.8 0
2902351 2911844 1759.6 0
2911844 2930290 1758.8 0
2930290 2944387 1759.2 0
2944387 2962624 1760.0 0
2962624 2971274 1759.0 0
2971274 2989476 1759.6 0
2989476 2996128 1758.6 0
2996128 3008643 1758.8 0
3008643 3026741 1759.4 0
3026741 3042277 1757.8 0
3042277 3055147 1760.6 0
3055147 3068421 1759.2 0
3068421 3080589 1759.6 0
3080589 3093134 1757.2 0
3093134 3103523 1759.6 0
3103523 3118569 1755.3 0
3118569 3134003 1755.8 0
3134003 3146201 1755.6 0
3146201 3164393 1759.4 0
3164393 3180651 1759.6 0
3180651 3193030 1758.2 0
3193030 3207290 1756.8 0
3207290 3218760 1757.2 0
3218760 3233070 1757.2 0
3233070 3245680 1758.0 0
3245680 3257265 1759.0 0
3257265 3272582 1758.4 0
3272582 3280327 1758.6 0
3280327 3298868 1755.8 0
3298868 3317959 1756.0 0
3317959 3327989 1755.6 0
3327989 3338636 1754.5 0
3338636 3355494 1755.6 0
3355494 3367247 1758.8 0
3367247 3377727 1759.4 0
3377727 3397559 1760.8 0
3397559 3409046 1759.2 0
3409046 3421237 1731.5 0
3421237 3441323 1734.3 0
3441323 3453261 1736.9 0
3453261 3465716 1741.2 0
3465716 3481334 1742.6 0
3481334 3495170 1743.8 0
3495170 3508036 1746.8 0
3508036 3516226 1748.4 0
3516226 3534504 1749.8 0
3534504 3546906 1749.6 0
3546906 3560342 1753.3 0
3560342 3573345 1750.6 0
3573345 3586116 1750.8 0
3586116 3609808 1754.6 0
3609808 3621499 1755.6 0
3621499 3634096 1756.4 0
3634096 3646143 1755.8 0
3646143 3660601 1757.0 0
3660601 3679892 1755.6 0
3679892 3683492 1754.4 0
3683492 3698752 1755.2 0
3698752 3710773 1756.4 0
3710773 3723910 1755.2 0
3723910 3746420 1755.6 0
3746420 3752997 1758.8 0
3752997 3772498 1759.2 0
3772498 3779794 1759.2 0
3779794 3798813 1759.0 0
3798813 3815069 1713.1 0
3815069 3826453 1735.7 0
3826453 3839856 1734.1 0
3839856 3854402 1734.1 0
3854402 3866654 1736.3 0
3866654 3882999 1736.7 0
3882999 3893328 1735.9 0
3893328 3907418 1736.9 0
3907418 3920046 1737.3 0
3920046 3934669 1735.9 0
3934669 3949923 1739.6 0
3949923 3960774 1735.5 0
3960774 3974483 1736.1 0
3974483 3987724 1735.9 0
3987724 4005597 1736.1 0
4005597 4019828 1738.6 0
4019828 4031695 1736.3 0
4031695 4047294 1719.7 0
4047294 4056881 1716.7 0
4056881 4070206 1714.7 0
4070206 4087665 1715.1 0
4087665 4103846 1715.1 0
4103846 4116356 1690.1 0
4116356 4132890 1691.7 0
4132890 4153847 1698.0 0
4153847 4167289 1701.7 0
4167289 4175275 1704.9 0
4175275 4188886 1705.7 0
4188886 4204186 1709.5 0
4204186 4221871 1710.7 0
4221871 4235493 1710.9 0
4235493 4247582 1711.9 0
4247582 4262541 1713.5 0
4262541 4269424 1714.9 0
4269424 4292018 1715.7 0
4292018 4300824 1716.9 0
4300824 4321265 1717.3 0
4321265 4341923 1716.1 0
4341923 4364212 1716.1 0
4364212 4370523 1687.1 0
4370523 4385110 1688.9 0
4385110 4407064 1694.2 0
4407064 4418221 1695.8 0
4418221 4425545 1697.0 0
4425545 4430621 1681.6 0
4430621 4439193 1681.2 0
4439193 4459352 1687.1 0
4459352 4467716 1689.3 0
4467716 4483126 1691.5 0
4483126 4502314 1695.4 0
4502314 4510751 1697.0 0
4510751 4527654 1700.4 0
4527654 4545778 1702.5 0
4545778 4554422 1704.1 0
4554422 4572431 1706.7 0
4572431 4581779 1707.9 0
4581779 4603366 1709.7 0
4603366 4609970 1708.1 0
4609970 4629484 1711.1 0
4629484 4652375 1688.1 0
4652375 4666308 1689.9 0
4666308 4679740 1695.0 0
4679740 4687445 1697.4 0
4687445 4704368 1698.6 0
4704368 4726594 1702.5 0
4726594 4737381 1703.7 0
4737381 4745675 1706.3 0
4745675 4759836 1707.1 0
4759836 4772022 1711.3 0
4772022 4788352 1711.5 0
4788352 4808550 1713.3 0
4808550 4813832 1712.5 0
4813832 4835271 1713.3 0
4835271 4846924 1713.3 0
4846924 4864273 1714.1 0
4864273 4874504 1715.3 0
4874504 4890983 1715.7 0
4890983 4899317 1715.3 0
4899317 4916657 1715.9 0
4916657 4929603 1717.1 0
4929603 4939187 1716.7 0
4939187 4958190 1717.1 0
4958190 4976149 1718.5 0
4976149 4984664 1717.5 0
4984664 4999876 1718.1 0
4999876 5011171 1717.1 0
5011171 5030519 1716.7 0
5030519 5044414 1717.3 0
5044414 5057890 1717.5 0
5057890 5065388 1720.5 0
5065388 5083139 1720.5 0
5083139 5098350 1716.7 0
5098350 5105200 1715.5 0
5105200 5124979 1715.1 0
5124979 5144011 1716.9 0
5144011 5160168 1718.3 0
5160168 5173453 1722.5 0
5173453 5185766 1719.7 0
5185766 5195000 1720.5 0
5195000 5213583 1720.1 0
5213583 5221423 1718.7 0
5221423 5241043 1718.5 0
5241043 5248212 1718.5 0
5248212 5267194 1717.3 0
5267194 5278454 1717.7 0
5278454 5289080 1720.5 0
5289080 5300951 1720.5 0
5300951 5321140 1721.7 0
5321140 5333370 1720.1 0
5333370 5350350 1717.1 0
5350350 5367874 1717.7 0
5367874 5387590 1695.8 0
5387590 5393990 1700.3 0
5393990 5407273 1702.5 0
5407273 5422495 1703.9 0
5422495 5435738 1705.9 0
5435738 5454717 1709.1 0
5454717 5467394 1710.7 0
5467394 5474241 1710.9 0
5474241 5488374 1712.7 0
5488374 5504344 1714.3 0
5504344 5522449 1714.5 0
5522449 5530242 1714.7 0
5530242 5548768 1714.3 0
5548768 5561278 1714.1 0
5561278 5568620 1714.7 0
5568620 5594644 1715.9 0
5594644 5608035 1716.5 0
5608035 5620512 1715.9 0
5620512 5632277 1716.3 0
5632277 5641297 1714.7 0
5641297 5665833 1716.1 0
5665833 5671684 1716.9 0
5671684 5683150 1716.9 0
5683150 5697178 1719.5 0
5697178 5716520 1720.5 0
5716520 5736227 1716.7 0
5736227 5748164 1716.9 0
5748164 5762971 1718.1 0
5762971 5769669 1718.3 0
5769669 5788830 1718.5 0
5788830 5801269 1720.3 0
5801269 5816274 1716.7 0
5816274 5828847 1717.1 0
5828847 5843552 1718.3 0
5843552 5855198 1720.3 0
5855198 5870917 1722.7 0
5870917 5883463 1721.5 0
5883463 5897262 1720.7 0
5897262 5911101 1720.5 0
5911101 5920531 1718.9 0
5920531 5944299 1721.3 0
5944299 5957608 1717.9 0
5957608 5971019 1719.7 0
5971019 5984219 1719.7 0
5984219 5990925 1717.9 0
5990925 6010900 1717.3 0
6010900 6024723 1720.3 0
6024723 6038875 1719.7 0
6038875 6051676 1717.9 0
6051676 6064895 1717.3 0
6064895 6082463 1715.5 0
6082463 6097103 1715.3 0
6097103 6103340 1715.7 0
6103340 6122879 1718.3 0
6122879 6133736 1719.7 0
6133736 6153386 1719.7 0
6153386 6165727 1717.9 0
6165727 6179183 1720.9 0
6179183 6192571 1690.5 0
6192571 6210286 1695.6 0
6210286 6222340 1699.2 0
6222340 6234575 1702.7 0
6234575 6243465 1704.9 0
6243465 6257119 1708.1 0
6257119 6274099 1709.5 0
6274099 6291291 1711.7 0
6291291 6304708 1713.9 0
6304708 6318495 1716.3 0
6318495 6324794 1716.3 0
6324794 6347791 1717.7 0
6347791 6356772 1717.1 0
6356772 6374434 1717.1 0
6374434 6384581 1716.3 0
6384581 6400160 1717.9 0
6400160 6416274 1718.7 0
6416274 6431263 1716.9 0
6431263 6438012 1717.5 0
6438012 6457275 1715.7 0
6457275 6466256 1717.7 0
6466256 6484693 1718.1 0
6484693 6502001 1717.9 0
6502001 6506125 1718.5 0
6506125 6525401 1718.1 0
6525401 6539463 1719.7 0
6539463 6557174 1720.9 0
6557174 6571307 1716.3 0
6571307 6577548 1719.7 0
6577548 6597128 1722.7 0
6597128 6611257 1722.1 0
6611257 6626566 1721.9 0
6626566 6638576 1722.5 0
6638576 6653293 1722.5 0
6653293 6664862 1694.8 0
6664862 6671068 1696.4 0
6671068 6690494 1697.0 0
6690494 6700782 1699.0 0
6700782 6716480 1703.7 0
6716480 6726979 1705.1 0
6726979 6743426 1707.1 0
6743426 6760272 1709.7 0
6760272 6769963 1711.5 0
6769963 6782766 1713.1 0
6782766 6802184 1712.3 0
6802184 6812500 1713.1 0
6812500 6822195 1713.9 0
6822195 6846352 1713.5 0
6846352 6860093 1714.9 0
6860093 6867320 1714.9 0
6867320 6881248 1715.1 0
6881248 6900910 1715.7 0
6900910 6919394 1715.9 0
6919394 6925901 1717.3 0
6925901 6940462 1717.1 0
6940462 6957021 1716.5 0
6957021 6967183 1720.3 0
6967183 6987315 1719.9 0
6987315 6998727 1718.3 0
6998727 7008512 1717.9 0
7008512 7021731 1717.5 0
7021731 7038273 1717.1 0
7038273 7059483 1720.5 0
7059483 7068499 1721.7 0
7068499 7088579 1719.5 0
7088579 7094440 1720.5 0
7094440 7108553 1718.1 0
7108553 7130145 1716.7 0
7130145 7136598 1713.9 0
7136598 7154762 1713.5 0
7154762 7163679 1714.3 0
7163679 7183092 1715.3 0
7183092 7195259 1717.9 0
7195259 7211836 1716.1 0
7211836 7219378 1718.3 0
7219378 7238359 1718.5 0
7238359 7246468 1717.5 0
7246468 7264578 1719.7 0
7264578 7282674 1716.7 0
7282674 7294233 1719.7 0
7294233 7307623 1720.7 0
7307623 7316591 1718.1 0
7316591 7336606 1715.3 0
7336606 7345644 1715.5 0
7345644 7358281 1715.7 0
7358281 7376511 1715.9 0
7376511 7390025 1715.7 0
7390025 7405059 1717.1 0
7405059 7414516 1716.1 0
7414516 7432966 1715.9 0
7432966 7445504 1716.7 0
7445504 7460315 1718.1 0
7460315 7478647 1720.5 0
7478647 7491684 1718.1 0
7491684 7504378 1717.7 0
7504378 7513342 1717.9 0
7513342 7527066 1717.3 0
7527066 7542592 1717.9 0
7542592 7553711 1717.5 0
7553711 7573485 1718.1 0
7573485 7585488 1716.9 0
7585488 7598639 1716.7 0
7598639 7620360 1718.1 0
7620360 7624410 1716.3 0
7624410 7640197 1714.7 0
7640197 7651706 1712.5 0
7651706 7667248 1714.5 0
7667248 7685585 1715.1 0
7685585 7700119 1716.1 0
7700119 7712693 1716.5 0
7712693 7726230 1716.5 0
7726230 7734506 1716.3 0
7734506 7752423 1716.3 0
7752423 7771829 1716.7 0
7771829 7783340 1717.5 0
7783340 7796393 1717.9 0
7796393 7809786 1717.1 0
7809786 7823180 1717.3 0
7823180 7841823 1716.7 0
7841823 7849700 1714.7 0
7849700 7863087 1714.1 0
7863087 7879960 1714.7 0
7879960 7883248 1681.2 0
7883248 7901310 1685.9 0
7901310 7910302 1691.1 0
7910302 7928554 1694.0 0
7928554 7938568 1697.6 0
7938568 7950693 1699.0 0
7950693 7967389 1700.9 0
7967389 7979300 1702.9 0
7979300 7991018 1704.7 0
7991018 8011423 1707.1 0
8011423 8023816 1709.1 0
8023816 8037557 1709.7 0
8037557 8051089 1710.7 0
8051089 8069216 1711.5 0
8069216 8086210 1711.7 0
8086210 8100150 1711.9 0
8100150 8111641 1712.5 0
8111641 8128292 1714.3 0
8128292 8133534 1714.1 0
8133534 8153459 1713.7 0
8153459 8163315 1712.7 0
8163315 8183958 1709.9 0
8183958 8197025 1711.7 0
8197025 8204192 1711.5 0
8204192 8226401 1713.1 0
8226401 8241379 1712.5 0
8241379 8252318 1711.9 0
8252318 8261055 1711.7 0
8261055 8279405 1714.1 0
8279405 8293432 1712.5 0
8293432 8305452 1713.3 0
8305452 8317130 1712.9 0
8317130 8336213 1713.3 0
8336213 8350133 1714.7 0
8350133 8362599 1714.3 0
8362599 8380457 1713.3 0
8380457 8389051 1713.5 0
8389051 8400648 1711.9 0
8400648 8420880 1712.1 0
8420880 8437294 1712.5 0
8437294 8449481 1713.1 0
8449481 8456941 1714.9 0
8456941 8477664 1713.9 0
8477664 8484640 1712.5 0
8484640 8503439 1716.3 0
8503439 8521728 1714.3 0
8521728 8534496 1713.3 0
8534496 8542221 1714.3 0
8542221 8559008 1713.3 0
8559008 8577228 1712.3 0
8577228 8584070 1714.1 0
8584070 8597307 1714.7 0
8597307 8611147 1712.7 0
8611147 8623379 1713.1 0
8623379 8642890 1713.3 0
8642890 8658297 1714.7 0
8658297 8672267 1716.7 0
8672267 8685366 1716.7 0
8685366 8692377 1716.5 0
8692377 8712608 1715.9 0
8712608 8724653 1714.1 0
8724653 8738302 1714.3 0
8738302 8753364 1714.3 0
8753364 8771348 1713.3 0
8771348 8784867 1713.5 0
8784867 8795100 1712.3 0
8795100 8814030 1713.3 0
8814030 8827231 1714.7 0
8827231 8834126 1713.3 0
8834126 8858486 1715.5 0
8858486 8867066 1714.9 0
8867066 8880492 1715.1 0
8880492 8891942 1716.5 0
8891942 8908904 1716.3 0
8908904 8925865 1714.9 0
8925865 8943584 1715.5 0
8943584 8952986 1712.7 0
8952986 8967734 1712.3 0
8967734 8981972 1711.9 0
8981972 8993805 1713.7 0
8993805 9010534 1713.1 0
9010534 9023029 1712.7 0
9023029 9032206 1714.1 0
9032206 9050259 1715.3 0
9050259 9066187 1714.5 0
9066187 9074718 1711.9 0
9074718 9087899 1711.5 0
9087899 9107144 1710.5 0
9107144 9120469 1710.1 0
9120469 9138068 1711.3 0
9138068 9151620 1714.5 0
9151620 9165166 1713.7 0
9165166 9178622 1715.1 0
9178622 9191775 1714.5 0
9191775 9201451 1714.7 0
9201451 9219285 1717.3 0
9219285 9229984 1714.3 0
9229984 9244071 1713.9 0
9244071 9259328 1716.1 0
9259328 9274478 1708.9 0
9274478 9290354 1711.9 0
9290354 9298576 1709.9 0
9298576 9317245 1712.7 0
9317245 9325643 1712.7 0
9325643 9346728 1712.7 0
9346728 9360194 1714.1 0
9360194 9367863 1713.3 0
9367863 9386882 1713.5 0
9386882 9401197 1714.1 0
9401197 9414533 1715.7 0
9414533 9426851 1713.5 0
9426851 9442724 1714.5 0
9442724 9456948 1720.1 0
9456948 9470352 1714.5 0
9470352 9482104 1717.7 0
9482104 9500350 1713.9 0
9500350 9507693 1711.5 0
9507693 9522770 1711.5 0
9522770 9536192 1713.9 0
9536192 9553578 1709.7 0
9553578 9563478 1709.7 0
9563478 9583911 1709.9 0
9583911 9590749 1707.5 0
9590749 9611357 1710.9 0
9611357 9624536 1712.1 0
9624536 9632904 1712.1 0
9632904 9644539 1710.7 0
9644539 9664774 1713.3 0
9664774 9678393 1712.3 0
9678393 9692474 1710.7 0
9692474 9711752 1708.7 0
9711752 9723203 1710.5 0
9723203 9736414 1709.7 0
9736414 9745431 1707.5 0
9745431 9763204 1709.3 0
9763204 9776132 1709.3 0
9776132 9792509 1708.5 0
9792509 9806623 1708.9 0
9806623 9819159 1710.9 0
9819159 9837662 1710.5 0
9837662 9848613 1707.5 0
9848613 9864434 1703.7 0
9864434 9879040 1707.1 0
9879040 9892868 1705.9 0
9892868 9907656 1707.7 0
9907656 9921056 1707.5 0
9921056 9934707 1706.7 0
9934707 9947969 1706.9 0
9947969 9961654 1706.9 0
9961654 9974927 1704.9 0
9974927 9990794 1706.1 0
9990794 10004623 1704.9 0
10004623 10018581 1704.1 0
10018581 10032272 1706.7 0
10032272 10043878 1705.3 0
10043878 10055598 1706.7 0
10055598 10075671 1704.7 0
10075671 10082476 1706.9 0
10082476 10100520 1706.5 0
10100520 10122359 1702.9 0
10122359 10130475 1704.9 0
10130475 10144673 1705.7 0
10144673 10152504 1709.1 0
10152504 10165938 1706.5 0
10165938 10184204 1707.9 0
10184204 10198975 1707.1 0
10198975 10208026 1706.9 0
10208026 10226177 1706.7 0
10226177 10240776 1707.3 0
10240776 10263538 1707.9 0
10263538 10273611 1706.9 0
10273611 10286978 1710.9 0
10286978 10294840 1709.1 0
10294840 10313813 1706.5 0
10313813 10324787 1706.7 0
10324787 10341256 1706.7 0
10341256 10350379 1706.5 0
10350379 10363443 1705.5 0
10363443 10383752 1706.1 0
10383752 10395289 1706.9 0
10395289 10407554 1708.3 0
10407554 10421017 1707.1 0
10421017 10440265 1706.7 0
10440265 10447934 1709.5 0
10447934 10468437 1710.5 0
10468437 10482211 1707.3 0
10482211 10495868 1709.9 0
10495868 10509103 1709.9 0
10509103 10522702 1707.7 0
10522702 10535848 1708.5 0
10535848 10553909 1707.9 0
10553909 10568193 1707.1 0
10568193 10581051 1709.7 0
10581051 10587773 1709.5 0
10587773 10607568 1708.1 0
10607568 10616208 1706.1 0
10616208 10636604 1707.3 0
10636604 10643228 1709.9 0
10643228 10663599 1709.3 0
10663599 10683118 1710.1 0
10683118 10692416 1709.5 0
10692416 10701139 1708.5 0
10701139 10719795 1710.5 0
10719795 10732519 1709.3 0
10732519 10744245 1704.9 0
10744245 10754584 1703.9 0
10754584 10772606 1704.5 0
10772606 10780250 1704.3 0
10780250 10798882 1704.5 0
10798882 10823405 1705.3 0
10823405 10836252 1705.5 0
10836252 10846601 1705.3 0
10846601 10856868 1702.3 0
10856868 10871063 1702.7 0
10871063 10884974 1701.9 0
10884974 10899762 1699.8 0
10899762 10913961 1703.1 0
10913961 10927751 1702.9 0
10927751 10940576 1703.7 0
10940576 10962887 1700.4 0
10962887 10967711 1704.1 0
10967711 10986224 1706.3 0
10986224 10995215 1706.7 0
10995215 11013281 1706.1 0
11013281 11027906 1708.9 0
11027906 11059486 1707.5 0
11059486 11073366 1707.1 0
11073366 11087196 1707.1 0
11087196 11097596 1710.3 0
11097596 11115442 1709.5 0
11115442 11129067 1707.5 0
11129067 11138595 1709.1 0
11138595 11156262 1706.3 0
11156262 11164906 1687.1 0
11164906 11175246 1688.1 0
11175246 11188646 1689.9 0
11188646 11205868 1692.3 0
11205868 11217764 1693.0 0
11217764 11231517 1695.8 0
11231517 11244297 1698.2 0
11244297 11256492 1698.8 0
11256492 11276966 1703.9 0
11276966 11283951 1702.1 0
11283951 11303365 1703.3 0
11303365 11315918 1703.7 0
11315918 11337595 1705.7 0
11337595 11342702 1705.7 0
11342702 11356439 1705.9 0
11356439 11369942 1705.9 0
11369942 11392202 1705.7 0
11392202 11404971 1707.5 0
11404971 11413081 1707.5 0
11413081 11426820 1710.7 0
11426820 11446521 1709.3 0
11446521 11458532 1710.7 0
11458532 11468837 1707.5 0
11468837 11487775 1706.9 0
11487775 11501370 1710.9 0
11501370 11509159 1707.9 0
11509159 11528683 1707.3 0
11528683 11541091 1708.1 0
11541091 11553945 1707.7 0
11553945 11571397 1706.9 0
11571397 11586170 1709.1 0
11586170 11602832 1705.9 0
11602832 11609699 1707.3 0
11609699 11627921 1708.7 0
11627921 11636392 1706.9 0
11636392 11656181 1707.3 0
11656181 11665212 1707.1 0
11665212 11683226 1708.1 0
11683226 11696319 1710.9 0
11696319 11703551 1708.9 0
11703551 11717222 1709.5 0
11717222 11743093 1706.9 0
11743093 11751612 1704.9 0
11751612 11763725 1706.1 0
11763725 11781372 1706.3 0
11781372 11789789 1705.3 0
11789789 11813943 1704.5 0
11813943 11825473 1706.1 0
11825473 11832312 1706.5 0
11832312 11852691 1706.9 0
11852691 11866323 1708.1 0
11866323 11879984 1705.3 0
11879984 11892446 1705.5 0
11892446 11909858 1705.1 0
11909858 11917628 1708.5 0
11917628 11934444 1708.5 0
11934444 11951671 1707.1 0
11951671 11957069 1705.3 0
11957069 11978457 1704.1 0
11978457 11990977 1705.1 0
11990977 12000208 1705.7 0
12000208 12021063 1704.7 0
12021063 12029658 1705.3 0
12029658 12042956 1706.3 0
12042956 12062545 1703.9 0
12062545 12076045 1704.1 0
12076045 12087666 1704.3 0
12087666 12100011 1704.3 0
12100011 12113116 1705.7 0
12113116 12132885 1704.9 0
12132885 12140609 1703.9 0
12140609 12161044 1704.3 0
12161044 12171419 1704.5 0
12171419 12184705 1704.5 0
12184705 12198004 1704.7 0
12198004 12211406 1704.3 0
12211406 12231380 1703.5 0
12231380 12239410 1706.5 0
12239410 12256454 1707.7 0
12256454 12273801 1707.9 0
12273801 12282586 1705.7 0
12282586 12306129 1706.5 0
12306129 12319618 1706.9 0
12319618 12331366 1706.9 0
12331366 12343290 1706.9 0
12343290 12357121 1707.5 0
12357121 12370936 1709.1 0
12370936 12388451 1709.1 0
12388451 12402016 1707.5 0
12402016 12415410 1706.3 0
12415410 12428965 1706.7 0
12428965 12442723 1706.3 0
12442723 12452813 1704.9 0
12452813 12472648 1704.5 0
12472648 12484422 1705.9 0
12484422 12499166 1706.7 0
12499166 12516292 1707.5 0
12516292 12530986 1707.1 0
12530986 12537636 1706.5 0
12537636 12551092 1707.7 0
12551092 12569932 1706.5 0
12569932 12581824 1706.3 0
12581824 12599564 1707.7 0
12599564 12610884 1709.7 0
12610884 12619261 1705.9 0
12619261 12638019 1706.9 0
12638019 12651606 1707.3 0
12651606 12664438 1707.3 0
12664438 12677822 1709.7 0
12677822 12696698 1707.1 0
12696698 12710740 1706.9 0
12710740 12728013 1705.7 0
12728013 12734465 1705.9 0
12734465 12748239 1709.7 0
12748239 12767979 1709.7 0
12767979 12781416 1706.3 0
12781416 12791238 1705.9 0
12791238 12808207 1705.9 0
12808207 12814889 1706.5 0
12814889 12828254 1706.1 0
12828254 12847614 1709.1 0
12847614 12868862 1706.9 0
12868862 12876789 1707.7 0
12876789 12895380 1706.7 0
12895380 12902982 1707.7 0
12902982 12922723 1704.9 0
12922723 12937480 1707.9 0
12937480 12950892 1706.7 0
12950892 12957987 1714.1 0
12957987 12977274 1715.3 0
12977274 12992203 1715.9 0
12992203 13010063 1715.1 0
13010063 13015985 1716.1 0
13015985 13032485 1715.3 0
13032485 13041139 1717.3 0
13041139 13056641 1717.3 0
13056641 13077870 1715.3 0
13077870 13084381 1714.1 0
13084381 13103867 1716.9 0
13103867 13111575 1718.7 0
13111575 13131393 1712.9 0
13131393 13143551 1707.5 0
13143551 13154149 1706.3 0
13154149 13169506 1704.1 0
13169506 13181793 1706.5 0
13181793 13196649 1704.7 0
13196649 13219233 1701.5 0
13219233 13226035 1702.1 0
13226035 13245641 1700.2 0
13245641 13252778 1698.0 0
13252778 13270656 1698.8 0
13270656 13286362 1698.2 0
13286362 13299993 1702.3 0
13299993 13313733 1702.9 0
13313733 13327204 1700.0 0
13327204 13334666 1699.4 0
13334666 13355354 1699.6 0
13355354 13367695 1702.7 0
13367695 13381059 1702.9 0
13381059 13394699 1700.9 0
13394699 13401318 1699.6 0
13401318 13428415 1698.2 0
13428415 13435288 1697.8 0
13435288 13455287 1697.0 0
13455287 13462182 1697.0 0
13462182 13482500 1695.8 0
13482500 13497542 1696.0 0
13497542 13504702 1694.4 0
13504702 13517680 1692.7 0
13517680 13530434 1694.4 0
13530434 13544211 1696.2 0
13544211 13564858 1700.5 0
13564858 13585297 1699.2 0
13585297 13598757 1699.2 0
13598757 13612434 1700.7 0
13612434 13625773 1699.4 0
13625773 13640051 1697.8 0
13640051 13646485 1697.8 0
13646485 13665993 1698.8 0
13665993 13676140 1698.2 0
13676140 13686894 1699.8 0
13686894 13706081 1700.2 0
13706081 13718306 1700.6 0
13718306 13732499 1698.6 0
13732499 13744401 1700.0 0
13744401 13757175 1698.8 0
13757175 13776006 1700.4 0
13776006 13786424 1701.7 0
13786424 13806741 1699.0 0
13806741 13813736 1700.4 0
13813736 13828263 1701.5 0
13828263 13851577 1702.5 0
13851577 13858266 1698.8 0
13858266 13877775 1700.2 0
13877775 13889878 1702.5 0
13889878 13897318 1700.0 0
13897318 13915992 1701.5 0
13915992 13935991 1702.3 0
13935991 13948703 1702.1 0
13948703 13959187 1700.0 0
13959187 13972805 1699.4 0
13972805 13986404 1698.2 0
13986404 14003112 1698.0 0
14003112 14019183 1698.0 0
14019183 14025858 1697.2 0
14025858 14044157 1694.6 0
14044157 14059012 1696.2 0
14059012 14071127 1696.2 0
14071127 14078567 1697.6 0
14078567 14098773 1695.6 0
14098773 14112043 1697.8 0
14112043 14132226 1698.2 0
14132226 14147520 1696.6 0
14147520 14160915 1694.6 0
14160915 14169067 1692.7 0
14169067 14187836 1694.8 0
14187836 14201017 1693.3 0
14201017 14220734 1692.1 0
14220734 14227646 1691.5 0
14227646 14241350 1691.1 0
14241350 14259102 1691.9 0
14259102 14272015 1691.7 0
14272015 14289453 1690.5 0
14289453 14302801 1691.7 0
14302801 14316535 1691.9 0
14316535 14324499 1692.1 0
14324499 14347252 1691.5 0
14347252 14356534 1693.6 0
14356534 14369426 1691.5 0
14369426 14387763 1691.5 0
14387763 14400915 1690.3 0
14400915 14413441 1691.9 0
14413441 14425010 1691.9 0
14425010 14441297 1691.3 0
14441297 14452720 1690.3 0
14452720 14472481 1691.7 0
14472481 14486387 1690.7 0
14486387 14496926 1690.3 0
14496926 14510727 1688.9 0
14510727 14523358 1689.3 0
14523358 14544027 1692.1 0
14544027 14558253 1690.7 0
14558253 14569462 1694.0 0
14569462 14590024 1694.8 0
14590024 14596705 1691.5 0
14596705 14616962 1692.3 0
14616962 14631657 1693.5 0
14631657 14640477 1694.8 0
14640477 14652639 1695.8 0
14652639 14667770 1694.2 0
14667770 14678258 1692.5 0
14678258 14694200 1694.4 0
14694200 14711719 1695.6 0
14711719 14720977 1696.8 0
14720977 14739090 1697.6 0
14739090 14752852 1696.2 0
14752852 14772983 1694.0 0
14772983 14779642 1695.8 0
14779642 14800153 1696.4 0
14800153 14813817 1696.8 0
14813817 14826593 1696.2 0
14826593 14846637 1693.8 0
14846637 14851510 1692.9 0
14851510 14870149 1691.1 0
14870149 14879703 1690.7 0
14879703 14891405 1691.7 0
14891405 14916770 1691.7 0
14916770 14930286 1692.7 0
14930286 14944174 1693.5 0
14944174 14951004 1693.8 0
14951004 14971307 1692.7 0
14971307 14982097 1695.0 0
14982097 14998405 1692.3 0
14998405 15011985 1691.3 0
15011985 15019443 1691.9 0
15019443 15039023 1691.5 0
15039023 15053397 1690.9 0
15053397 15060085 1690.3 0
15060085 15079624 1692.7 0
15079624 15093316 1694.4 0
15093316 15101015 1690.9 0
15101015 15124113 1692.1 0
15124113 15141014 1692.1 0
15141014 15147910 1692.7 0
15147910 15161805 1692.1 0
15161805 15181637 1689.9 0
15181637 15199110 1690.9 0
15199110 15211578 1690.9 0
15211578 15226095 1692.1 0
15226095 15233565 1692.7 0
15233565 15252150 1693.8 0
15252150 15269131 1693.6 0
15269131 15277869 1692.1 0
15277869 15297523 1692.3 0
15297523 15304743 1694.2 0
15304743 15325548 1694.2 0
15325548 15342152 1694.6 0
15342152 15349495 1693.1 0
15349495 15366218 1693.6 0
15366218 15373019 1692.5 0
15373019 15393470 1692.5 0
15393470 15407020 1693.6 0
15407020 15416483 1671.3 0
15416483 15429358 1672.3 0
15429358 15440619 1674.5 0
15440619 15460529 1677.2 0
15460529 15474000 1679.2 0
15474000 15492555 1681.6 0
15492555 15506271 1682.2 0
15506271 15519678 1682.4 0
15519678 15539525 1682.0 0
15539525 15553201 1681.8 0
15553201 15564642 1682.0 0
15564642 15580529 1684.0 0
15580529 15588338 1667.7 0
15588338 15599702 1670.3 0
15599702 15618848 1671.3 0
15618848 15637835 1652.6 0
15637835 15655767 1657.8 0
15655767 15670028 1661.6 0
15670028 15684054 1670.1 0
15684054 15709365 1673.3 0
15709365 15720903 1678.2 0
15720903 15731130 1679.8 0
15731130 15744477 1681.0 0
15744477 15758095 1681.8 0
15758095 15776762 1684.3 0
15776762 15798763 1685.9 0
15798763 15805500 1685.3 0
15805500 15819621 1687.9 0
15819621 15833417 1685.3 0
15833417 15847249 1689.7 0
15847249 15864429 1691.1 0
15864429 15873684 1691.5 0
15873684 15886505 1692.1 0
15886505 15907568 1691.3 0
15907568 15911641 1690.9 0
15911641 15928671 1689.3 0
15928671 15945968 1689.1 0
15945968 15956281 1691.3 0
15956281 15975806 1690.3 0
15975806 15983446 1691.7 0
15983446 16003603 1694.2 0
16003603 16014194 1692.8 0
16014194 16026781 1689.9 0
16026781 16044049 1689.7 0
16044049 16057431 1686.9 0
16057431 16071429 1688.5 0
16071429 16085052 1687.5 0
16085052 16097036 1688.3 0
16097036 16110867 1689.3 0
16110867 16124536 1689.3 0
16124536 16153986 1672.9 0
16153986 16167783 1673.1 0
16167783 16181819 1674.7 0
16181819 16188670 1677.6 0
16188670 16210704 1671.3 0
16210704 16222909 1672.9 0
16222909 16236648 1674.1 0
16236648 16257927 1679.2 0
16257927 16270003 1679.8 0
16270003 16282660 1679.4 0
16282660 16296271 1678.8 0
16296271 16314790 1679.4 0
16314790 16322294 1679.6 0
16322294 16344042 1679.6 0
16344042 16358143 1679.2 0
16358143 16367044 1680.0 0
16367044 16379540 1680.6 0
16379540 16393676 1682.0 0
16393676 16409409 1683.4 0
16409409 16428771 1685.3 0
16428771 16436254 1685.3 0
16436254 16450714 1686.9 0
16450714 16463363 1687.5 0
16463363 16485468 1689.3 0
16485468 16501625 1689.9 0
16501625 16510323 1688.9 0
16510323 16524765 1689.3 0
16524765 16544111 1689.7 0
16544111 16555371 1687.3 0
16555371 16565783 1687.3 0
16565783 16585320 1687.3 0
16585320 16598978 1686.5 0
16598978 16607774 1685.9 0
16607774 16630096 1684.0 0
16630096 16642111 1684.2 0
16642111 16653912 1683.6 0
16653912 16667753 1687.9 0
16667753 16675187 1689.1 0
16675187 16702023 1688.9 0
16702023 16707623 1687.5 0
16707623 16720988 1687.3 0
16720988 16739349 1686.5 0
16739349 16749718 1686.7 0
16749718 16770822 1687.3 0
16770822 16776485 1687.5 0
16776485 16796523 1688.1 0
16796523 16810150 1687.1 0
16810150 16823643 1687.5 0
16823643 16841049 1687.5 0
16841049 16852947 1688.9 0
16852947 16861688 1688.9 0
16861688 16880917 1690.9 0
16880917 16893822 1691.1 0
16893822 16913310 1692.1 0
16913310 16926658 1692.3 0
16926658 16940079 1691.5 0
16940079 16946780 1690.1 0
16946780 16965654 1690.7 0
16965654 16980777 1691.1 0
16980777 16994413 1691.5 0
16994413 17007963 1690.9 0
17007963 17028587 1673.3 0
17028587 17037022 1673.5 0
17037022 17050978 1674.7 0
17050978 17076895 1678.4 0
17076895 17086408 1679.8 0
17086408 17099985 1680.0 0
17099985 17113698 1681.4 0
17113698 17127713 1682.2 0
17127713 17140843 1683.2 0
17140843 17156641 1683.0 0
17156641 17165095 1685.7 0
17165095 17186494 1684.2 0
17186494 17193174 1686.3 0
17193174 17212634 1687.5 0
17212634 17224247 1687.7 0
17224247 17238839 1688.3 0
17238839 17252508 1687.9 0
17252508 17259361 1687.7 0
17259361 17283408 1688.1 0
17283408 17293525 1689.5 0
17293525 17307856 1688.9 0
17307856 17326664 1689.1 0
17326664 17338073 1687.9 0
17338073 17354607 1687.7 0
17354607 17364972 1690.3 0
17364972 17378423 1687.7 0
17378423 17392241 1689.5 0
17392241 17399193 1689.5 0
17399193 17422918 1688.3 0
17422918 17433955 1689.5 0
17433955 17454660 1689.9 0
17454660 17467821 1689.1 0
17467821 17474563 1688.9 0
17474563 17495508 1688.7 0
17495508 17504372 1688.3 0
17504372 17522371 1688.5 0
17522371 17530602 1689.1 0
17530602 17545211 1688.1 0
17545211 17564999 1688.7 0
17564999 17579595 1689.7 0
17579595 17597822 1690.1 0
17597822 17612308 1690.7 0
17612308 17626719 1690.7 0
17626719 17638237 1690.3 0
17638237 17651926 1691.5 0
17651926 17669296 1691.7 0
17669296 17682807 1691.7 0
17682807 17692535 1692.1 0
17692535 17712887 1690.9 0
17712887 17731589 1691.3 0
17731589 17744547 1688.5 0
17744547 17759298 1687.9 0
17759298 17770535 1688.9 0
17770535 17784888 1690.5 0
17784888 17798427 1689.1 0
17798427 17812024 1688.3 0
17812024 17819736 1690.5 0
17819736 17834271 1691.1 0
17834271 17859520 1689.9 0
17859520 17872123 1691.1 0
17872123 17880135 1691.1 0
17880135 17898775 1694.6 0
17898775 17912968 1691.1 0
17912968 17925176 1691.1 0
17925176 17944611 1691.5 0
17944611 17958187 1690.7 0
17958187 17971743 1690.7 0
17971743 17977719 1692.1 0
17977719 18000920 1690.1 0
18000920 18008772 1690.1 0
18008772 18022955 1689.5 0
18022955 18041100 1689.3 0
18041100 18054962 1689.5 0
18054962 18067478 1690.7 0
18067478 18086100 1690.3 0
18086100 18098772 1688.7 0
18098772 18113701 1690.5 0
18113701 18120734 1691.7 0
18120734 18143199 1691.3 0
18143199 18150342 1691.9 0
18150342 18170690 1693.8 0
18170690 18178582 1692.5 0
18178582 18197834 1690.9 0
18197834 18208853 1691.5 0
18208853 18221282 1692.3 0
18221282 18234094 1692.5 0
18234094 18257106 1690.7 0
18257106 18268618 1691.7 0
18268618 18286431 1691.9 0
18286431 18292059 1694.4 0
18292059 18313447 1692.5 0
18313447 18324316 1693.4 0
18324316 18337063 1693.8 0
18337063 18350312 1691.7 0
18350312 18369710 1690.9 0
18369710 18381219 1691.5 0
18381219 18391296 1690.9 0
18391296 18408488 1691.5 0
18408488 18426988 1690.9 0
18426988 18441745 1688.9 0
18441745 18447456 1688.9 0
18447456 18466953 1689.5 0
18466953 18481726 1690.5 0
18481726 18498382 1688.9 0
18498382 18512212 1689.5 0
18512212 18525855 1689.3 0
18525855 18539535 1689.3 0
18539535 18546819 1691.1 0
18546819 18564517 1690.3 0
18564517 18580545 1690.5 0
18580545 18596352 1690.9 0
18596352 18608582 1689.1 0
18608582 18615579 1690.7 0
18615579 18634889 1690.1 0
18634889 18652711 1691.5 0
18652711 18660989 1689.7 0
18660989 18674117 1689.1 0
18674117 18692813 1688.5 0
18692813 18705550 1690.5 0
18705550 18724042 1690.7 0
18724042 18735594 1690.5 0
18735594 18749479 1689.9 0
18749479 18763506 1690.1 0
18763506 18775877 1687.7 0
18775877 18789282 1688.1 0
18789282 18801532 1690.3 0
18801532 18815550 1689.3 0
18815550 18835783 1689.7 0
18835783 18847661 1687.5 0
18847661 18866330 1689.3 0
18866330 18879993 1690.7 0
18879993 18890356 1691.5 0
18890356 18905893 1688.5 0
18905893 18918325 1687.3 0
18918325 18934408 1688.7 0
18934408 18948595 1687.7 0
18948595 18960035 1687.7 0
18960035 18976717 1689.5 0
18976717 18993261 1690.5 0
18993261 19002788 1690.5 0
19002788 19016442 1688.9 0
19016442 19029082 1689.9 0
19029082 19041622 1690.9 0
19041622 19064184 1691.9 0
19064184 19077472 1691.3 0
19077472 19091091 1691.3 0
19091091 19097819 1690.5 0
19097819 19118312 1689.7 0
19118312 19130343 1691.9 0
19130343 19149207 1691.5 0
19149207 19162171 1689.5 0
19162171 19169066 1690.9 0
19169066 19187622 1690.5 0
19187622 19201186 1690.7 0
19201186 19218520 1689.1 0
19218520 19228763 1688.7 0
19228763 19245352 1687.9 0
19245352 19260108 1689.9 0
19260108 19278397 1690.3 0
19278397 19288261 1688.7 0
19288261 19302041 1687.3 0
19302041 19317097 1688.3 0
19317097 19325031 1687.7 0
19325031 19350018 1684.8 0
19350018 19361701 1687.1 0
19361701 19375172 1686.5 0
19375172 19388351 1688.9 0
19388351 19395791 1689.9 0
19395791 19418145 1689.3 0
19418145 19431095 1688.1 0
19431095 19444461 1688.3 0
19444461 19458066 1688.5 0
19458066 19471419 1684.6 0
19471419 19485142 1687.7 0
19485142 19502765 1687.5 0
19502765 19509137 1686.1 0
19509137 19524260 1687.5 0
19524260 19542270 1687.9 0
19542270 19560943 1686.1 0
19560943 19567810 1686.7 0
19567810 19587909 1686.9 0
19587909 19594911 1674.9 0
19594911 19608740 1673.1 0
19608740 19625993 1674.5 0
19625993 19640764 1672.3 0
19640764 19661115 1677.6 0
19661115 19668559 1678.2 0
19668559 19687830 1679.4 0
19687830 19695166 1683.0 0
19695166 19713970 1682.4 0
19713970 19728084 1682.2 0
19728084 19748190 1683.8 0
19748190 19759610 1683.6 0
19759610 19772721 1688.1 0
19772721 19786417 1686.7 0
19786417 19800492 1683.4 0
19800492 19814135 1685.7 0
19814135 19827588 1686.9 0
19827588 19841178 1687.5 0
19841178 19854804 1684.8 0
19854804 19875193 1686.5 0
19875193 19881760 1686.9 0
19881760 19901708 1687.9 0
19901708 19915711 1689.5 0
19915711 19922212 1691.5 0
19922212 19941505 1691.3 0
19941505 19957166 1687.7 0
19957166 19966366 1686.7 0
19966366 19987869 1687.9 0
19987869 19994341 1687.7 0
19994341 20019279 1690.5 0
20019279 20031176 1688.9 0
20031176 20043954 1689.1 0
20043954 20053092 1689.5 0
