0 0 1645.1 0
0 0 1646.5 0
0 0 1646.7 0
0 0 1646.9 0
0 0 1650.2 0
0 0 1651.8 0
0 0 1654.8 0
0 0 1658.8 0
0 0 1660.6 0
0 0 1661.4 0
0 1 1663.6 0
1 1 1667.7 0
1 77 1670.3 0
77 9568 1670.3 0
9568 20488 1672.1 0
20488 33845 1668.7 0
33845 48406 1667.9 0
48406 67582 1668.3 0
67582 84009 1670.3 0
84009 91518 1668.5 0
91518 110968 1670.5 0
110968 119302 1669.9 0
119302 142749 1671.9 0
142749 167154 1665.2 0
167154 179823 1667.5 0
179823 193523 1669.7 0
193523 219211 1668.7 0
219211 226046 1669.5 0
226046 244654 1665.0 0
244654 259604 1664.4 0
259604 268610 1668.9 0
268610 290063 1668.7 0
290063 303599 1667.9 0
303599 317512 1668.5 0
317512 331534 1663.4 0
331534 341296 1667.1 0
341296 366797 1669.1 0
366797 378319 1671.5 0
378319 389545 1669.5 0
389545 401967 1668.9 0
401967 415331 1669.9 0
415331 433421 1672.7 0
433421 450196 1670.5 0
450196 464864 1668.3 0
464864 477682 1668.9 0
477682 493426 1669.5 0
493426 505005 1670.3 0
505005 531047 1667.9 0
531047 545389 1663.8 0
545389 563794 1663.0 0
563794 578122 1664.2 0
578122 591148 1662.8 0
591148 610548 1664.2 0
610548 622350 1661.6 0
622350 632996 1663.0 0
632996 651983 1660.6 0
651983 668978 1660.4 0
668978 682801 1660.2 0
682801 696592 1659.8 0
696592 706663 1657.0 0
706663 732511 1655.8 0
732511 737432 1658.2 0
737432 755002 1662.6 0
755002 765748 1660.4 0
765748 779695 1660.8 0
779695 803701 1658.4 0
803701 815975 1658.4 0
815975 831123 1658.8 0
831123 838797 1660.4 0
838797 852989 1662.6 0
852989 871570 1659.6 0
871570 888681 1659.2 0
888681 898539 1657.8 0
898539 912033 1660.4 0
912033 926768 1661.8 0
926768 946714 1660.6 0
946714 958946 1658.6 0
958946 973015 1657.4 0
973015 990642 1658.0 0
990642 1005396 1659.0 0
1005396 1022164 1657.6 0
1022164 1032245 1657.8 0
1032245 1050836 1651.6 0
1050836 1058364 1652.0 0
1058364 1079400 1650.8 0
1079400 1100585 1651.2 0
1100585 1106943 1648.0 0
1106943 1120451 1650.0 0
1120451 1136980 1649.6 0
1136980 1151257 1649.8 0
1151257 1168599 1650.4 0
1168599 1184328 1651.0 0
1184328 1193555 1649.0 0
1193555 1212580 1648.4 0
1212580 1225679 1647.1 0
1225679 1243351 1647.1 0
1243351 1256734 1647.1 0
1256734 1271075 1648.6 0
1271075 1279290 1648.4 0
1279290 1298227 1651.0 0
1298227 1312889 1648.2 0
1312889 1329093 1646.7 0
1329093 1343940 1641.0 0
1343940 1353553 1639.6 0
1353553 1368699 1641.4 0
1368699 1390903 1644.7 0
1390903 1399199 1645.7 0
1399199 1419257 1644.7 0
1419257 1431823 1647.1 0
1431823 1446524 1647.1 0
1446524 1462419 1648.8 0
1462419 1473323 1648.8 0
1473323 1488925 1646.1 0
1488925 1505936 1646.3 0
1505936 1520349 1644.3 0
1520349 1543230 1643.5 0
1543230 1555652 1643.1 0
1555652 1564139 1644.5 0
1564139 1578176 1642.3 0
1578176 1597620 1637.4 0
1597620 1617006 1636.4 0
1617006 1629540 1635.2 0
1629540 1643273 1636.4 0
1643273 1654276 1638.4 0
1654276 1672874 1635.2 0
1672874 1691480 1629.2 0
1691480 1697324 1632.4 0
1697324 1715248 1630.0 0
1715248 1729728 1629.2 0
1729728 1740460 1627.4 0
1740460 1757839 1629.0 0
1757839 1775635 1628.8 0
1775635 1784699 1630.6 0
1784699 1799265 1629.4 0
1799265 1817917 1629.2 0
1817917 1840503 1626.6 0
1840503 1849843 1625.2 0
1849843 1859941 1625.8 0
1859941 1874449 -1.0 0
1874449 1893244 -1.0 0
1893244 1913697 -1.0 0
1913697 1921421 -1.0 0
1921421 1935513 -1.0 0
1935513 1954392 -1.0 0
1954392 1968822 -1.0 0
1968822 1989336 -1.0 0
1989336 1998683 -1.0 0
1998683 2007776 -1.0 0
2007776 2027729 -1.0 0
2027729 2043813 -1.0 0
2043813 2059497 -1.0 0
2059497 2073203 1627.6 0
2073203 2088196 1634.4 0
2088196 2100109 1637.6 0
2100109 2116782 1640.2 0
2116782 2137579 1643.3 0
2137579 2149835 1646.5 0
2149835 2166036 1647.3 0
2166036 2180362 1650.8 0
2180362 2194190 1652.2 0
2194190 2212988 1666.1 0
2212988 2222765 1676.9 0
2222765 2234146 1679.8 0
2234146 2248402 1681.6 0
2248402 2262426 1679.8 0
2262426 2278338 1680.2 0
2278338 2292405 1680.8 0
2292405 2306255 1682.2 0
2306255 2325246 1682.6 0
2325246 2334013 1686.5 0
2334013 2351176 1683.8 0
2351176 2368824 1686.7 0
2368824 2382959 1684.4 0
2382959 2396035 1686.3 0
2396035 2410536 1684.8 0
2410536 2423856 1682.6 0
2423856 2436015 1686.5 0
2436015 2456591 1686.7 0
2456591 2467732 1683.0 0
2467732 2479308 1690.1 0
2479308 2500564 1684.6 0
2500564 2507495 1685.4 0
2507495 2521103 1688.1 0
2521103 2535108 1684.4 0
2535108 2553564 1684.4 0
2553564 2574531 1684.8 0
2574531 2583670 1684.2 0
2583670 2597826 1686.5 0
2597826 2611771 1682.6 0
2611771 2623660 1685.9 0
2623660 2643749 1684.8 0
2643749 2652808 1690.3 0
2652808 2668060 1685.0 0
2668060 2680956 1682.8 0
2680956 2699810 1684.6 0
2699810 2710252 1687.9 0
2710252 2722528 1685.9 0
2722528 2739412 1684.4 0
2739412 2753421 1684.6 0
2753421 2763937 1683.2 0
2763937 2786830 1683.4 0
2786830 2799012 1685.0 0
2799012 2816512 1684.4 0
2816512 2828819 1688.3 0
2828819 2842806 1688.5 0
2842806 2862476 1688.7 0
2862476 2876418 1687.1 0
2876418 2884618 1687.5 0
2884618 2905056 1685.2 0
2905056 2911389 1685.2 0
2911389 2933404 1689.1 0
2933404 2942471 1684.8 0
2942471 2955955 1684.6 0
2955955 2969895 1686.5 0
2969895 2987977 1685.2 0
2987977 3003503 1682.0 0
3003503 3014164 1682.4 0
3014164 3029425 1684.2 0
3029425 3043184 1687.5 0
3043184 3056963 1684.2 0
3056963 3077656 1687.5 0
3077656 3093650 1683.8 0
3093650 3106692 1682.6 0
3106692 3121633 1684.2 0
3121633 3134303 1686.5 0
3134303 3152732 1685.0 0
3152732 3163836 1683.8 0
3163836 3174671 1683.4 0
3174671 3190996 1684.2 0
3190996 3204911 1684.6 0
3204911 3225284 1684.2 0
3225284 3232214 1683.4 0
3232214 3246898 1684.2 0
3246898 3260736 1683.6 0
3260736 3273846 1684.2 0
3273846 3294196 1680.6 0
3294196 3307611 1682.2 0
3307611 3318623 1682.4 0
3318623 3332390 1683.8 0
3332390 3347564 1660.6 0
3347564 3361436 1661.0 0
3361436 3374966 1666.9 0
3374966 3410817 1669.3 0
3410817 3422627 1671.7 0
3422627 3437499 1673.9 0
3437499 3451259 1673.3 0
3451259 3464929 1673.7 0
3464929 3486930 1676.9 0
3486930 3497187 1674.1 0
3497187 3507057 1674.5 0
3507057 3521547 1674.3 0
3521547 3535645 1676.9 0
3535645 3557283 1675.7 0
3557283 3564213 1675.3 0
3564213 3584797 1680.0 0
3584797 3598498 1675.9 0
3598498 3613396 1680.0 0
3613396 3631093 1679.6 0
3631093 3643610 1680.0 0
3643610 3654018 1681.4 0
3654018 3673592 1681.0 0
3673592 3685530 1684.4 0
3685530 3699482 1682.8 0
3699482 3716469 1683.8 0
3716469 3730607 1688.5 0
3730607 3745022 1688.1 0
3745022 3758089 1685.0 0
3758089 3776344 1686.5 0
3776344 3782576 1688.1 0
3782576 3802150 1689.7 0
3802150 3815186 1687.7 0
3815186 3823534 1686.5 0
3823534 3849997 1684.6 0
3849997 3861322 1686.9 0
3861322 3875152 1684.6 0
3875152 3893393 1682.6 0
3893393 3906622 1680.4 0
3906622 3926021 1680.4 0
3926021 3934496 1683.6 0
3934496 3951232 1686.9 0
3951232 3967471 1682.6 0
3967471 3978988 1681.8 0
3978988 3990803 1680.6 0
3990803 4007013 1681.6 0
4007013 4022831 1683.2 0
4022831 4032723 1682.8 0
4032723 4046484 1680.8 0
4046484 4064873 1679.8 0
4064873 4074479 1679.8 0
4074479 4093996 1679.0 0
4093996 4106910 1679.2 0
4106910 4121504 1675.7 0
4121504 4139763 1679.4 0
4139763 4152522 1679.6 0
4152522 4161579 1675.3 0
4161579 4179122 1675.5 0
4179122 4189486 1675.9 0
4189486 4207491 1675.9 0
4207491 4223247 1675.9 0
4223247 4233459 1676.1 0
4233459 4248210 1676.1 0
4248210 4264853 1675.5 0
4264853 4279267 1679.8 0
4279267 4298576 1679.8 0
4298576 4312031 1674.3 0
4312031 4326706 1675.7 0
4326706 4340271 1675.7 0
4340271 4358574 1675.5 0
4358574 4367011 1674.3 0
4367011 4380395 1674.1 0
4380395 4394672 1675.9 0
4394672 4408947 1672.9 0
4408947 4428690 1674.9 0
4428690 4438320 1675.7 0
4438320 4448153 1680.2 0
4448153 4466658 1681.4 0
4466658 4481014 1680.8 0
4481014 4504984 1682.2 0
4504984 4515794 1680.4 0
4515794 4528966 1680.2 0
4528966 4546095 1678.4 0
4546095 4560016 1676.5 0
4560016 4606794 1674.7 0
4606794 4616054 1676.7 0
4616054 4627553 1675.5 0
4627553 4657446 1658.2 0
4657446 4669317 1661.4 0
4669317 4682385 1663.4 0
4682385 4694221 1664.4 0
4694221 4706262 1668.5 0
4706262 4724855 1667.7 0
4724855 4742514 1669.9 0
4742514 4755567 1668.5 0
4755567 4773363 1668.9 0
4773363 4782423 1669.7 0
4782423 4801319 1671.1 0
4801319 4816153 1670.7 0
4816153 4822343 1671.3 0
4822343 4841195 1671.9 0
4841195 4857610 1673.3 0
4857610 4875343 1674.7 0
4875343 4883836 1677.1 0
4883836 4905264 1679.2 0
4905264 4913596 1675.7 0
4913596 4926227 1676.3 0
4926227 4948484 1674.3 0
4948484 4956759 1676.9 0
4956759 4974554 1675.9 0
4974554 4983521 1677.1 0
4983521 5001040 1675.9 0
5001040 5022133 1676.7 0
5022133 5031961 1678.8 0
5031961 5046562 1675.7 0
5046562 5056729 1674.5 0
5056729 5074428 1674.9 0
5074428 5088367 1675.3 0
5088367 5105353 1674.9 0
5105353 5118822 1673.7 0
5118822 5129550 1672.9 0
5129550 5146047 1673.3 0
5146047 5165572 1675.7 0
5165572 5174772 1673.9 0
5174772 5192821 1674.5 0
5192821 5207910 1679.4 0
5207910 5220980 1679.2 0
5220980 5235958 1674.7 0
5235958 5248033 1676.1 0
5248033 5268510 1678.8 0
5268510 5276173 1674.7 0
5276173 5292853 1679.0 0
5292853 5313564 1679.0 0
5313564 5319327 1674.5 0
5319327 5336716 1674.9 0
5336716 5350168 1675.9 0
5350168 5363783 1674.7 0
5363783 5383241 1673.3 0
5383241 5391984 1674.7 0
5391984 5410378 1672.5 0
5410378 5425132 1673.9 0
5425132 5438985 1673.3 0
5438985 5453169 1673.7 0
5453169 5466466 1673.3 0
5466466 5482582 1674.9 0
5482582 5496191 1678.0 0
5496191 5505463 1673.7 0
5505463 5530488 1675.3 0
5530488 5542749 1676.1 0
5542749 5558258 1678.8 0
5558258 5570867 1678.6 0
5570867 5579157 1674.7 0
5579157 5602990 1671.3 0
5602990 5614293 1670.1 0
5614293 5625628 1674.1 0
5625628 5641673 1674.9 0
5641673 5652777 1678.6 0
5652777 5675531 1674.3 0
5675531 5683815 1672.3 0
5683815 5697624 1672.5 0
5697624 5712225 1672.5 0
5712225 5729444 1672.1 0
5729444 5752908 1674.9 0
5752908 5761677 1672.9 0
5761677 5775787 1674.7 0
5775787 5783563 1674.9 0
5783563 5797102 1674.5 0
5797102 5820207 1674.5 0
5820207 5825272 1675.3 0
5825272 5839598 1674.5 0
5839598 5853696 1673.3 0
5853696 5867936 1671.3 0
5867936 5890676 1671.7 0
5890676 5903397 1671.3 0
5903397 5917851 1671.1 0
5917851 5937084 1670.9 0
5937084 5949918 1672.5 0
5949918 5965598 1671.7 0
5965598 5976845 1669.1 0
5976845 5994930 1668.5 0
5994930 6004166 1646.1 0
6004166 6021556 1648.0 0
6021556 6036449 1649.0 0
6036449 6050297 1652.0 0
6050297 6058440 1651.4 0
6058440 6082859 1653.8 0
6082859 6094077 1657.2 0
6094077 6108139 1661.4 0
6108139 6122506 1656.8 0
6122506 6131505 1656.8 0
6131505 6152147 1656.8 0
6152147 6163846 1659.8 0
6163846 6178068 1662.4 0
6178068 6192120 1660.4 0
6192120 6205848 1658.4 0
6205848 6230785 1661.6 0
6230785 6242112 1658.0 0
6242112 6256744 1654.8 0
6256744 6271136 1653.8 0
6271136 6285205 1657.6 0
6285205 6305523 1656.4 0
6305523 6310004 1655.8 0
6310004 6325552 1653.8 0
6325552 6343015 1654.4 0
6343015 6356215 1653.8 0
6356215 6375916 1657.8 0
6375916 6384729 1656.2 0
6384729 6398904 1655.0 0
6398904 6413212 1653.0 0
6413212 6433217 1653.4 0
6433217 6447917 1657.0 0
6447917 6457631 1655.6 0
6457631 6476888 1655.0 0
6476888 6491059 1655.4 0
6491059 6501108 1654.8 0
6501108 6519242 1652.2 0
6519242 6531963 1655.4 0
6531963 6547423 1657.4 0
6547423 6560287 1652.4 0
6560287 6575825 1652.4 0
6575825 6596341 1652.8 0
6596341 6613007 1658.4 0
6613007 6628976 1654.0 0
6628976 6643352 1652.6 0
6643352 6657242 1653.4 0
6657242 6674501 1650.6 0
6674501 6680048 1649.4 0
6680048 6695196 1644.9 0
6695196 6711580 1647.6 0
6711580 6723361 1648.8 0
6723361 6747154 1648.6 0
6747154 6758764 1646.3 0
6758764 6773810 1643.9 0
6773810 6786744 1646.1 0
6786744 6797010 1644.9 0
6797010 6817575 1643.9 0
6817575 6828646 1643.7 0
6828646 6846700 1669.7 0
6846700 6860741 1661.6 0
6860741 6869420 1663.8 0
6869420 6895639 1659.6 0
6895639 6902658 1658.6 0
6902658 6916265 1659.0 0
6916265 6930476 1659.6 0
6930476 6943680 1661.0 0
6943680 6966101 1663.4 0
6966101 6981598 1659.6 0
6981598 6989279 1662.2 0
6989279 7008146 1660.2 0
7008146 7017344 1660.6 0
7017344 7035299 1659.4 0
7035299 7047765 1657.4 0
7047765 7061987 1655.8 0
7061987 7080230 1659.2 0
7080230 7090017 1658.2 0
7090017 7108449 1658.4 0
7108449 7122369 1659.0 0
7122369 7136361 1662.6 0
7136361 7154842 1657.8 0
7154842 7169432 1661.0 0
7169432 7183708 1659.8 0
7183708 7195993 1658.0 0
7195993 7209890 1657.4 0
7209890 7228664 1660.2 0
7228664 7243060 1655.8 0
7243060 7257264 1656.4 0
7257264 7275779 1655.6 0
7275779 7286612 1657.8 0
7286612 7297318 1655.4 0
7297318 7313523 1657.2 0
7313523 7332676 1656.0 0
7332676 7350820 1667.5 0
7350820 7362703 1670.1 0
7362703 7371562 1675.9 0
7371562 7385450 1680.4 0
7385450 7404561 1677.1 0
7404561 7416131 1680.0 0
7416131 7430268 1679.8 0
7430268 7448522 1680.8 0
7448522 7462271 1676.3 0
7462271 7476167 1670.1 0
7476167 7494870 1664.6 0
7494870 7507395 1661.6 0
7507395 7518605 1668.9 0
7518605 7532821 1671.9 0
7532821 7555424 1679.2 0
7555424 7567611 1679.4 0
7567611 7581330 1674.1 0
7581330 7595595 1673.5 0
7595595 7608601 1673.5 0
7608601 7624401 1671.9 0
7624401 7636046 1672.1 0
7636046 7644049 1671.3 0
7644049 7663188 1671.1 0
7663188 7676473 1670.3 0
7676473 7696837 1664.6 0
7696837 7713481 1662.4 0
7713481 7721691 1655.6 0
7721691 7740554 1656.2 0
7740554 7753866 1656.2 0
7753866 7767436 1653.2 0
7767436 7780298 1653.0 0
7780298 7796914 1654.8 0
7796914 7813597 1653.6 0
7813597 7827556 1655.4 0
7827556 7844234 1652.2 0
7844234 7855167 1656.4 0
7855167 7874276 1657.4 0
7874276 7884409 1654.8 0
7884409 7899421 1651.6 0
7899421 7916701 1654.2 0
7916701 7934315 1655.0 0
7934315 7948606 1657.6 0
7948606 7956756 1657.2 0
7956756 7977312 1654.4 0
7977312 7994738 1652.6 0
7994738 8004738 1654.8 0
8004738 8018218 1654.2 0
8018218 8032834 1651.8 0
8032834 8046652 1651.8 0
8046652 8065131 1651.6 0
8065131 8082462 1655.0 0
8082462 8092421 1652.4 0
8092421 8106493 1651.4 0
8106493 8120778 1651.2 0
8120778 8145350 1655.4 0
8145350 8152723 1653.2 0
8152723 8171396 1655.4 0
8171396 8184643 1654.2 0
8184643 8194027 1651.6 0
8194027 8219752 1651.2 0
8219752 8227139 1647.1 0
8227139 8245070 1647.1 0
8245070 8253809 1647.7 0
8253809 8268491 1647.6 0
8268491 8288317 1649.0 0
8288317 8301003 1651.6 0
8301003 8312808 1648.2 0
8312808 8334546 1647.1 0
8334546 8346648 1649.0 0
8346648 8361485 1648.2 0
8361485 8378063 1649.8 0
8378063 8389707 1651.0 0
8389707 8404544 1650.8 0
8404544 8420088 1651.4 0
8420088 8442589 1651.4 0
8442589 8448126 1647.6 0
8448126 8461966 1645.7 0
8461966 8480393 1642.7 0
8480393 8493526 1642.5 0
8493526 8514048 1644.3 0
8514048 8525773 1644.5 0
8525773 8539971 1644.7 0
8539971 8554357 1640.2 0
8554357 8568558 1643.7 0
8568558 8582768 1646.1 0
8582768 8595935 1644.9 0
8595935 8612671 1643.3 0
8612671 8629185 1640.2 0
8629185 8637828 1644.1 0
8637828 8662285 1640.0 0
8662285 8675634 1639.4 0
8675634 8688025 1641.9 0
8688025 8705007 1639.0 0
8705007 8718330 1637.6 0
8718330 8731471 1637.2 0
8731471 8749012 1639.0 0
8749012 8763316 1640.0 0
8763316 8777458 1640.4 0
8777458 8792042 1639.4 0
8792042 8813249 1643.7 0
8813249 8820294 1640.2 0
8820294 8838553 1640.6 0
8838553 8848757 1638.2 0
8848757 8863031 1635.2 0
8863031 8881306 1636.4 0
8881306 8893033 1638.6 0
8893033 8907394 1640.6 0
8907394 8926763 1640.2 0
8926763 8940605 1640.4 0
8940605 8960062 1642.0 0
8960062 8968262 1639.6 0
8968262 8982240 1637.0 0
8982240 8996561 1635.4 0
8996561 9010597 1640.6 0
9010597 9041107 1637.6 0
9041107 9062603 1637.2 0
9062603 9075744 1637.4 0
9075744 9084431 1635.6 0
9084431 9105460 1635.8 0
9105460 9118751 1635.0 0
9118751 9130827 1636.2 0
9130827 9149406 1638.0 0
9149406 9164137 1639.0 0
9164137 9185258 1637.6 0
9185258 9192346 1635.6 0
9192346 9210159 1638.0 0
9210159 9224099 1638.4 0
9224099 9238791 1639.2 0
9238791 9260044 1638.2 0
9260044 9265634 1639.0 0
9265634 9285498 1642.9 0
9285498 9299861 1641.0 0
9299861 9306988 1641.2 0
9306988 9328401 1639.6 0
9328401 9341481 1640.6 0
9341481 9355222 1643.3 0
9355222 9369790 1640.8 0
9369790 9387668 1639.6 0
9387668 9401364 1641.4 0
9401364 9413322 1641.0 0
9413322 9432333 1638.6 0
9432333 9446988 1637.6 0
9446988 9461258 1639.4 0
9461258 9481183 1638.2 0
9481183 9487113 1636.4 0
9487113 9506698 1641.6 0
9506698 9516835 1638.4 0
9516835 9530356 1641.0 0
9530356 9557670 1638.0 0
9557670 9567024 1635.6 0
9567024 9578009 1633.8 0
9578009 9592526 1635.2 0
9592526 9606500 1635.2 0
9606500 9625911 1633.4 0
9625911 9642650 1633.8 0
9642650 9650985 1637.2 0
9650985 9672396 1634.2 0
9672396 9686857 1635.0 0
9686857 9700225 1636.8 0
9700225 9713664 1634.6 0
9713664 9729373 1634.2 0
9729373 9740929 1634.0 0
9740929 9755118 1657.6 0
9755118 9775542 1657.0 0
9775542 9791078 1657.8 0
9791078 9801357 1652.8 0
9801357 9818136 1649.0 0
9818136 9829793 1648.6 0
9829793 9849257 1650.8 0
9849257 9860900 1653.2 0
9860900 9879134 1653.8 0
9879134 9893189 1651.4 0
9893189 9903839 1650.8 0
9903839 9928270 1646.7 0
9928270 9934374 1646.3 0
9934374 9947570 1650.0 0
9947570 9965641 1648.6 0
9965641 9982035 1650.4 0
9982035 9998601 1646.7 0
9998601 10012331 1648.4 0
10012331 10026405 1647.1 0
10026405 10045964 1646.1 0
10045964 10057566 1646.7 0
10057566 10072379 1649.0 0
10072379 10081003 1649.6 0
10081003 10098693 1649.4 0
10098693 10112750 1650.4 0
10112750 10125408 1648.4 0
10125408 10144504 1647.6 0
10144504 10155311 1648.2 0
10155311 10169594 1649.2 0
10169594 10188043 1645.9 0
10188043 10198283 1647.1 0
10198283 10219873 1646.3 0
10219873 10229336 1649.0 0
10229336 10243260 1647.1 0
10243260 10256710 1645.9 0
10256710 10274074 1648.6 0
10274074 10290840 1645.7 0
10290840 10303624 1646.3 0
10303624 10320722 1647.6 0
10320722 10331750 1650.6 0
10331750 10345923 1647.1 0
10345923 10366878 1646.3 0
10366878 10383570 1648.2 0
10383570 10397059 1649.0 0
10397059 10405282 1648.8 0
10405282 10419506 1650.0 0
10419506 10440720 1649.0 0
10440720 10450633 1649.0 0
10450633 10479584 1644.5 0
10479584 10493640 1644.3 0
10493640 10519095 1644.1 0
10519095 10531067 1644.7 0
10531067 10544767 1643.1 0
10544767 10558733 1645.3 0
10558733 10570514 1645.7 0
10570514 10591739 1672.3 0
10591739 10602009 1667.9 0
10602009 10615907 1660.6 0
10615907 10651918 1644.7 0
10651918 10664190 1642.7 0
10664190 10671603 1646.5 0
10671603 10691584 1643.3 0
10691584 10699939 1647.8 0
10699939 10721584 1649.4 0
10721584 10735937 1651.0 0
10735937 10746174 1652.8 0
10746174 10758865 1652.2 0
10758865 10773991 1655.2 0
10773991 10791939 1654.8 0
10791939 10805662 1653.4 0
10805662 10823863 1656.4 0
10823863 10833866 1669.3 0
10833866 10848350 1668.9 0
10848350 10869364 1664.4 0
10869364 10878897 1663.2 0
10878897 10892454 1659.2 0
10892454 10911131 1662.4 0
10911131 10924957 1661.4 0
10924957 10940571 1664.2 0
10940571 10951551 1663.6 0
10951551 10969004 1661.4 0
10969004 10983133 1662.6 0
10983133 10994060 1671.3 0
10994060 11014362 1665.4 0
11014362 11025034 1658.4 0
11025034 11038927 1658.6 0
11038927 11053129 1663.2 0
11053129 11067439 1665.0 0
11067439 11089001 1671.3 0
11089001 11097295 1671.9 0
11097295 11116562 1670.5 0
11116562 11126302 1669.3 0
11126302 11145000 1665.4 0
11145000 11158433 1689.1 0
11158433 11174979 1693.5 0
11174979 11188572 1686.3 0
11188572 11203023 1688.7 0
11203023 11213459 1686.5 0
11213459 11232286 1684.0 0
11232286 11241894 1686.9 0
11241894 11261026 1688.5 0
11261026 11269293 1686.1 0
11269293 11288856 1687.1 0
11288856 11310229 1690.9 0
11310229 11315376 1694.6 0
11315376 11334020 1694.2 0
11334020 11346320 1693.1 0
11346320 11360039 1691.3 0
11360039 11377294 1687.3 0
11377294 11387896 1686.3 0
11387896 11401305 1686.3 0
11401305 11418752 1686.9 0
11418752 11429528 1686.9 0
11429528 11449707 1684.0 0
11449707 11458702 1683.2 0
11458702 11478760 1680.6 0
11478760 11492904 1680.8 0
11492904 11501555 1680.2 0
11501555 11520715 1680.8 0
11520715 11537603 1674.1 0
11537603 11551472 1676.3 0
11551472 11562707 1680.2 0
11562707 11575413 1679.6 0
11575413 11593476 1680.4 0
11593476 11604199 1678.8 0
11604199 11618165 1676.5 0
11618165 11636686 1680.6 0
11636686 11650932 1680.0 0
11650932 11666166 1674.5 0
11666166 11682672 1680.0 0
11682672 11695039 1680.2 0
11695039 11705079 1680.8 0
11705079 11718105 1678.8 0
11718105 11743929 1676.5 0
11743929 11755956 1675.5 0
11755956 11769120 1679.2 0
11769120 11788158 1668.1 0
11788158 11806708 1667.9 0
11806708 11817901 1671.1 0
11817901 11828983 1669.1 0
11828983 11842667 1672.5 0
11842667 11854671 1670.1 0
11854671 11879607 1670.9 0
11879607 11886739 1671.9 0
11886739 11904495 1671.9 0
11904495 11918319 1670.5 0
11918319 11927273 1670.5 0
11927273 11949346 1668.7 0
11949346 11962026 1670.7 0
11962026 11977576 1672.1 0
11977576 11992716 1663.8 0
11992716 12005493 1668.9 0
12005493 12026346 1669.3 0
12026346 12033412 1668.7 0
12033412 12045645 1668.1 0
12045645 12059894 1669.3 0
12059894 12076913 1670.1 0
12076913 12096356 1670.5 0
12096356 12115672 1669.9 0
12115672 12122312 1672.5 0
12122312 12140187 1671.1 0
12140187 12162088 1661.2 0
12162088 12176267 1662.0 0
12176267 12189820 1663.8 0
12189820 12204927 1664.6 0
12204927 12223095 1668.5 0
12223095 12239448 1669.1 0
12239448 12248687 1667.9 0
12248687 12267563 1665.2 0
12267563 12282132 1668.3 0
12282132 12295805 1665.6 0
12295805 12310512 1669.9 0
12310512 12323196 1670.9 0
12323196 12336639 1669.9 0
12336639 12356012 1670.1 0
12356012 12369112 1673.7 0
12369112 12385171 1673.9 0
12385171 12394579 1673.7 0
12394579 12414469 1671.3 0
12414469 12428413 1668.7 0
12428413 12442330 1667.5 0
12442330 12457533 1667.5 0
12457533 12472343 1668.5 0
12472343 12486081 1664.2 0
12486081 12495050 1663.2 0
12495050 12514894 1668.5 0
12514894 12527703 1664.2 0
12527703 12542139 1662.6 0
12542139 12555650 1660.0 0
12555650 12569793 1660.6 0
12569793 12582976 1660.0 0
12582976 12602148 1663.8 0
12602148 12618961 1659.8 0
12618961 12627628 1659.4 0
12627628 12647570 1663.6 0
12647570 12661027 1663.8 0
12661027 12675631 1662.8 0
12675631 12687080 1667.7 0
12687080 12704215 1663.0 0
12704215 12715329 1661.4 0
12715329 12732198 1661.2 0
12732198 12749187 1664.0 0
12749187 12779311 1679.2 0
12779311 12794213 1684.2 0
12794213 12802602 1693.6 0
12802602 12822883 1698.2 0
12822883 12834453 1701.4 0
12834453 12851331 1690.9 0
12851331 12865519 1680.6 0
12865519 12875314 1676.1 0
12875314 12897846 1678.2 0
12897846 12906423 1673.5 0
12906423 12919632 1673.3 0
12919632 12929891 1663.0 0
12929891 12942831 1662.8 0
12942831 12963407 1662.8 0
12963407 12977380 1655.6 0
12977380 12992228 1657.6 0
12992228 13006344 1654.0 0
13006344 13020858 1652.8 0
13020858 13037624 1658.4 0
13037624 13049619 1659.6 0
13049619 13063900 1657.0 0
13063900 13078005 1658.2 0
13078005 13096312 1660.6 0
13096312 13113114 1655.4 0
13113114 13123302 1656.6 0
13123302 13142169 1655.2 0
13142169 13156355 1657.2 0
13156355 13169833 1658.2 0
13169833 13190849 1653.4 0
13190849 13197966 1657.0 0
13197966 13212050 1657.2 0
13212050 13228497 1657.0 0
13228497 13239737 1659.4 0
13239737 13257359 1651.8 0
13257359 13270640 1654.6 0
13270640 13290642 1650.8 0
13290642 13298072 1653.4 0
13298072 13315886 1657.4 0
13315886 13332380 1659.6 0
13332380 13348746 1656.4 0
13348746 13359146 1654.8 0
13359146 13375016 1654.4 0
13375016 13385340 1654.6 0
13385340 13410208 1652.6 0
13410208 13417782 1651.8 0
13417782 13431627 1652.6 0
13431627 13446468 1650.6 0
13446468 13464956 1650.4 0
13464956 13481916 1648.2 0
13481916 13495865 1650.6 0
13495865 13509469 1648.8 0
13509469 13524067 1651.2 0
13524067 13538342 1648.4 0
13538342 13551356 1651.4 0
13551356 13565042 1648.4 0
13565042 13579928 1650.4 0
13579928 13593883 1655.2 0
13593883 13610224 1656.4 0
13610224 13628231 1656.2 0
13628231 13644107 1653.8 0
13644107 13658747 1649.0 0
13658747 13673561 1656.0 0
13673561 13681382 1650.2 0
13681382 13697210 1649.0 0
13697210 13711050 1649.0 0
13711050 13724926 1652.2 0
13724926 13734788 1653.4 0
13734788 13753246 1655.6 0
13753246 13771009 -1.0 0
13771009 13784703 -1.0 0
13784703 13793353 1782.1 0
13793353 13808972 1767.8 0
13808972 13819234 1761.8 0
13819234 13837165 1755.7 0
13837165 13853834 1745.0 0
13853834 13867017 1734.3 0
13867017 13879215 1728.7 0
13879215 13893947 1718.5 0
13893947 13908703 1708.5 0
13908703 13921661 1705.1 0
13921661 13935891 1695.4 0
13935891 13948284 1689.7 0
13948284 13960851 1681.8 0
13960851 13983864 1682.2 0
13983864 13995857 1682.2 0
13995857 14004484 1680.8 0
14004484 14019507 1679.0 0
14019507 14038382 1672.3 0
14038382 14053111 1670.9 0
14053111 14067716 1667.9 0
14067716 14078809 1670.1 0
14078809 14096273 1669.1 0
14096273 14110192 1669.5 0
14110192 14124591 1669.9 0
14124591 14141546 1668.7 0
14141546 14152086 1661.8 0
14152086 14164096 1658.8 0
14164096 14181272 1661.8 0
14181272 14202765 1657.4 0
14202765 14214754 1655.8 0
14214754 14223992 1660.0 0
14223992 14243657 1653.6 0
14243657 14252383 1646.5 0
14252383 14273603 1650.4 0
14273603 14283861 1651.0 0
14283861 14301658 1651.2 0
14301658 14315929 1651.4 0
14315929 14330078 1648.8 0
14330078 14344236 1650.2 0
14344236 14357132 1646.1 0
14357132 14375043 1642.9 0
14375043 14384814 1643.9 0
14384814 14399911 1646.5 0
14399911 14424440 1646.3 0
14424440 14431209 1644.3 0
14431209 14444685 1641.2 0
14444685 14458992 1643.7 0
14458992 14478062 1643.9 0
14478062 14494252 1643.1 0
14494252 14508865 1641.0 0
14508865 14519624 1648.0 0
14519624 14537104 1646.1 0
14537104 14553507 1641.2 0
14553507 14571726 1643.3 0
14571726 14582349 1640.4 0
14582349 14591545 1638.6 0
14591545 14604541 1638.6 0
14604541 14619989 1640.8 0
14619989 14642514 1640.8 0
14642514 14655268 1642.7 0
14655268 14673688 1641.2 0
14673688 14684348 1639.2 0
14684348 14696786 1638.2 0
14696786 14716744 1637.8 0
14716744 14735938 1633.4 0
14735938 14750144 1675.7 0
14750144 14764252 1691.5 0
14764252 14775546 1696.4 0
14775546 14798087 1709.9 0
14798087 14807690 1710.9 0
14807690 14822169 1721.7 0
14822169 14836298 1728.5 0
14836298 14849786 1730.9 0
14849786 14862311 1744.4 0
14862311 14875087 1751.6 0
14875087 14887561 1762.8 0
14887561 14901771 1776.5 0
14901771 14909209 1781.7 0
14909209 14934053 1777.9 0
14934053 14942249 1777.1 0
14942249 14955574 1777.1 0
14955574 14973557 1779.5 0
14973557 14987721 1779.5 0
14987721 15004231 1780.1 0
15004231 15012575 1781.3 0
15012575 15025237 1783.1 0
15025237 15037778 1778.9 0
15037778 15054421 1773.7 0
15054421 15067657 1767.4 0
15067657 15081228 1770.9 0
15081228 15098703 1779.3 0
15098703 15111733 1783.1 0
15111733 15125110 1782.1 0
15125110 15144456 -1.0 0
15144456 15152712 -1.0 0
15152712 15166910 -1.0 0
15166910 15179565 -1.0 0
15179565 15193658 -1.0 0
15193658 15212504 -1.0 0
15212504 15221692 -1.0 0
15221692 15232076 -1.0 0
15232076 15245672 -1.0 0
15245672 15258572 -1.0 0
15258572 15279006 -1.0 0
15279006 15286017 -1.0 0
15286017 15305703 1772.7 0
15305703 15321822 1772.3 0
15321822 15340167 1773.3 0
15340167 15351211 1773.3 0
15351211 15360459 1775.5 0
15360459 15377908 1776.9 0
15377908 15391861 1778.3 0
15391861 15406451 1781.9 0
15406451 15417049 1782.1 0
15417049 15431626 1780.7 0
15431626 15438987 1782.1 0
15438987 15458312 1782.3 0
15458312 15478747 1780.5 0
15478747 15485941 1781.1 0
15485941 15497940 1783.7 0
15497940 15513664 1783.7 0
15513664 15533123 1780.7 0
15533123 15546974 1781.1 0
15546974 15560480 1781.1 0
15560480 15573666 -1.0 0
15573666 15585646 -1.0 0
15585646 15599938 -1.0 0
15599938 15619768 -1.0 0
15619768 15628727 -1.0 0
15628727 15641500 -1.0 0
15641500 15651762 -1.0 0
15651762 15665406 -1.0 0
15665406 15685657 1782.7 0
15685657 15692171 1783.9 0
15692171 15711544 1781.3 0
15711544 15718882 -1.0 0
15718882 15732055 1780.3 0
15732055 15749266 1776.1 0
15749266 15762178 1774.9 0
15762178 15781725 1773.3 0
15781725 15791687 1771.0 0
15791687 15808213 1766.2 0
15808213 15822844 1759.8 0
15822844 15837573 1766.8 0
15837573 15851095 1768.8 0
15851095 15862440 1778.3 0
15862440 15871655 1783.7 0
15871655 15890435 -1.0 0
15890435 15904507 -1.0 0
15904507 15917244 -1.0 0
15917244 15932946 -1.0 0
15932946 15944946 -1.0 0
15944946 15958790 -1.0 0
15958790 15969614 -1.0 0
15969614 15987722 1772.2 0
15987722 15998499 1771.2 0
15998499 16014880 1769.2 0
16014880 16031077 1770.6 0
16031077 16040595 1770.4 0
16040595 16054740 1767.6 0
16054740 16072343 1768.8 0
16072343 16080544 1772.7 0
16080544 16098922 1765.6 0
16098922 16111856 1763.0 0
16111856 16139523 1765.4 0
16139523 16149912 1770.6 0
16149912 16172903 1776.1 0
16172903 16184253 1773.5 0
16184253 16193586 1773.5 0
16193586 16212502 1768.2 0
16212502 16225403 1765.8 0
16225403 16242794 1762.6 0
16242794 16252575 1761.6 0
16252575 16266346 1765.0 0
16266346 16279171 1762.8 0
16279171 16293055 1761.8 0
16293055 16312957 1748.4 0
16312957 16319681 1740.6 0
16319681 16333491 1734.5 0
16333491 16363836 1732.9 0
16363836 16383762 1735.7 0
16383762 16393880 1742.2 0
16393880 16402520 1744.0 0
16402520 16421556 1747.6 0
16421556 16435636 1752.6 0
16435636 16446810 1751.2 0
16446810 16462617 1756.6 0
16462617 16476319 1757.2 0
16476319 16498100 1736.3 0
16498100 16516009 1744.0 0
16516009 16529266 1744.2 0
16529266 16542694 1725.1 0
16542694 16551365 1724.1 0
16551365 16566493 1737.1 0
16566493 16588080 1723.9 0
16588080 16602243 1705.7 0
16602243 16616375 1713.1 0
16616375 16630018 1716.9 0
16630018 16648781 1723.3 0
16648781 16660625 1726.7 0
16660625 16672879 1728.9 0
16672879 16691626 1729.3 0
16691626 16705297 1730.5 0
16705297 16724881 1728.9 0
16724881 16736323 1729.5 0
16736323 16746707 1732.5 0
16746707 16761075 1732.3 0
16761075 16774382 1732.1 0
16774382 16795672 1732.3 0
16795672 16808152 1731.7 0
16808152 16816828 1733.1 0
16816828 16816828 1731.5 0
16816828 16816828 1731.1 0
16816828 16816828 1729.3 0
16816828 16816828 1729.9 0
16816828 16816828 1730.7 0
16816828 16816828 1731.3 0
16816828 16816828 1731.7 0
16816828 16816828 1730.7 0
16816828 16816828 1729.3 0
16816828 16816828 1729.7 0
16816828 16816828 1728.7 0
16816828 16816828 1724.7 0
16816828 16816828 1724.3 0
16816828 16823328 1724.3 0
16823328 16837158 1724.3 0
16837158 16855717 1727.9 0
16855717 16868794 1723.5 0
16868794 16881984 1722.9 0
16881984 16892105 1723.3 0
16892105 16910766 1722.9 0
16910766 16924060 1726.1 0
16924060 16937973 1723.5 0
16937973 16954692 1727.5 0
16954692 16970619 1726.9 0
16970619 16978830 1698.8 0
16978830 16998304 1697.4 0
16998304 17012349 1702.9 0
17012349 17027861 1701.9 0
17027861 17037767 1703.3 0
17037767 17055662 1700.8 0
17055662 17069413 1701.0 0
17069413 17083280 1702.9 0
17083280 17102962 1700.6 0
17102962 17115963 1700.2 0
17115963 17128727 1702.7 0
17128727 17143893 1703.3 0
17143893 17152034 1703.3 0
17152034 17171566 1700.2 0
17171566 17187126 1700.4 0
17187126 17200725 1700.4 0
17200725 17209458 1699.4 0
17209458 17228267 1697.4 0
17228267 17249449 1700.4 0
17249449 17255608 1698.2 0
17255608 17271570 1695.8 0
17271570 17282019 1698.6 0
17282019 17301297 1699.6 0
17301297 17319011 1695.6 0
17319011 17331231 1698.6 0
17331231 17344342 1699.2 0
17344342 17356859 1696.8 0
17356859 17367078 1700.0 0
17367078 17388096 1699.4 0
17388096 17395752 1697.0 0
17395752 17415185 1696.6 0
17415185 17425068 1696.2 0
17425068 17442807 1694.5 0
17442807 17458661 1697.0 0
17458661 17469785 1696.8 0
17469785 17490634 1698.6 0
17490634 17497456 1697.2 0
17497456 17511406 1698.6 0
17511406 17531071 1695.3 0
17531071 17548222 1694.3 0
17548222 17555599 1692.9 0
17555599 17574865 1695.8 0
17574865 17583214 1692.5 0
17583214 17608760 1689.9 0
17608760 17618132 1691.3 0
17618132 17631821 1690.9 0
17631821 17645643 1692.5 0
17645643 17659495 1692.3 0
17659495 17679596 1691.5 0
17679596 17690386 1689.7 0
17690386 17704933 1693.1 0
17704933 17713506 1692.3 0
17713506 17728444 1693.1 0
17728444 17753788 1691.3 0
17753788 17759674 1691.7 0
17759674 17777804 1688.9 0
17777804 17787643 1690.9 0
17787643 17801224 1693.9 0
17801224 17822456 1690.9 0
17822456 17832701 1692.7 0
17832701 17845062 1690.5 0
17845062 17858410 1689.1 0
17858410 17875339 1688.5 0
17875339 17896814 1687.7 0
17896814 17901750 1686.5 0
17901750 17921360 1686.5 0
17921360 17930191 1684.0 0
17930191 17944267 1687.1 0
17944267 17962275 1686.9 0
17962275 17979689 1687.1 0
17979689 17995857 1687.5 0
17995857 18008787 1687.7 0
18008787 18017035 1688.3 0
18017035 18034140 1686.1 0
18034140 18049501 1684.0 0
18049501 18059321 1686.5 0
18059321 18073440 1684.0 0
18073440 18087051 1689.5 0
18087051 18112190 1689.5 0
18112190 18121825 1689.9 0
18121825 18140022 1687.7 0
18140022 18153858 1688.1 0
18153858 18161132 1690.1 0
18161132 18185694 1688.1 0
18185694 18199339 1687.5 0
18199339 18209780 1685.7 0
18209780 18221784 1687.1 0
18221784 18238253 1687.1 0
18238253 18258879 1687.9 0
18258879 18271213 1686.1 0
18271213 18282378 1685.9 0
18282378 18292013 1686.7 0
18292013 18305119 1686.3 0
18305119 18330654 1685.5 0
18330654 18336752 1686.3 0
18336752 18356023 1686.9 0
18356023 18368399 1688.5 0
18368399 18382224 1688.1 0
18382224 18396095 1689.5 0
18396095 18408844 1684.6 0
18408844 18423604 1686.5 0
18423604 18441811 1688.7 0
18441811 18455558 1683.8 0
18455558 18476201 1687.1 0
18476201 18482173 1685.9 0
18482173 18495706 1685.5 0
18495706 18514376 1684.4 0
18514376 18527721 1684.2 0
18527721 18543577 1686.7 0
18543577 18557956 1687.1 0
18557956 18569019 1689.7 0
18569019 18584493 1690.1 0
18584493 18599624 1686.3 0
18599624 18619203 1686.5 0
18619203 18626176 1685.7 0
18626176 18643924 1687.9 0
18643924 18652706 1687.3 0
18652706 18667184 1688.3 0
18667184 18687077 1688.1 0
18687077 18697242 1688.3 0
18697242 18713401 1687.7 0
18713401 18728016 1688.5 0
18728016 18739852 1686.1 0
18739852 18757655 1687.9 0
18757655 18771528 1689.3 0
18771528 18790406 1689.9 0
18790406 18802812 1689.5 0
18802812 18815355 1688.3 0
18815355 18836121 1687.9 0
18836121 18847515 1687.9 0
18847515 18860967 1688.5 0
18860967 18874588 1687.7 0
18874588 18891503 1688.3 0
18891503 18905509 1691.1 0
18905509 18918836 1688.7 0
18918836 18928574 1687.5 0
18928574 18947851 1685.3 0
18947851 18961344 1687.5 0
18961344 18980792 1690.1 0
18980792 18991773 1691.9 0
18991773 19002676 1688.5 0
19002676 19015219 1689.1 0
19015219 19032937 1688.3 0
19032937 19051381 1687.5 0
19051381 19059456 1687.9 0
19059456 19079939 1687.9 0
19079939 19091119 1685.5 0
19091119 19099556 1685.3 0
19099556 19124293 1683.4 0
19124293 19136349 1684.0 0
19136349 19146594 1684.0 0
19146594 19164072 1683.2 0
19164072 19177661 1684.0 0
19177661 19195792 1687.5 0
19195792 19201963 1687.3 0
19201963 19215402 1687.3 0
19215402 19228961 1684.0 0
19228961 19245963 1684.7 0
19245963 19264844 1682.4 0
19264844 19281165 1681.6 0
19281165 19291984 1680.0 0
19291984 19305857 1679.2 0
19305857 19323261 1679.6 0
19323261 19342815 1679.8 0
19342815 19353926 1675.5 0
19353926 19364421 1675.9 0
19364421 19384713 1674.1 0
19384713 19396878 1678.2 0
19396878 19413694 1673.1 0
19413694 19426723 1673.1 0
19426723 19436019 1673.5 0
19436019 19454917 1679.0 0
19454917 19464885 1681.8 0
19464885 19490322 1686.9 0
19490322 19501147 1688.5 0
19501147 19510271 1692.3 0
19510271 19527602 1694.6 0
19527602 19540930 1696.6 0
19540930 19561321 1691.3 0
19561321 19574047 1690.1 0
19574047 19581213 1682.8 0
19581213 19601514 1680.0 0
19601514 19614767 1680.4 0
19614767 19634758 1679.2 0
19634758 19637593 1680.4 0
19637593 19657581 1678.0 0
19657581 19671696 1678.2 0
19671696 19684325 1679.6 0
19684325 19707776 1678.6 0
19707776 19718703 1675.5 0
19718703 19728520 1672.5 0
19728520 19746425 1669.9 0
19746425 19755674 1670.7 0
19755674 19775654 1672.1 0
19775654 19790904 1670.7 0
19790904 19799110 1671.3 0
19799110 19818752 1670.9 0
19818752 19832770 1670.7 0
19832770 19846908 1670.7 0
19846908 19859962 1670.9 0
19859962 19878057 1671.1 0
19878057 19889162 1672.3 0
19889162 19906066 1672.1 0
19906066 19925245 1671.9 0
19925245 19936783 1673.7 0
19936783 19945563 1671.9 0
19945563 19964457 1672.9 0
19964457 19980286 1673.5 0
19980286 19995392 1671.3 0
19995392 20005286 1670.9 0
20005286 20019453 1672.3 0
20019453 20038592 1672.9 0
20038592 20052182 1672.1 0
20052182 20067604 1669.9 0
20067604 20082868 1670.9 0
20082868 20097590 1671.7 0
20097590 20113172 1670.3 0
