#Processing Run 48282 for polarization tables
#The run table thinks this was a DPARAL2 run
#Corresponding AMO file is :/home/clasg8/rootbeer2.1/dat/pol/amo_tesc_48265.dat
#Coherent Edge positions for TESC events follow:
#Event	Coh Edge	PolPlane(PARA=0,PERP=1,AMO=2,CHANGING=3)
0	5967	1267.8	0
5967	20765	1263.6	0
20765	28629	1258.2	0
28629	40120	1255.8	0
40120	55116	1257.2	0
55116	68397	1259.6	0
68397	78070	1259.0	0
78070	92512	1262.2	0
92512	107266	1263.0	0
107266	128453	1262.6	0
128453	139262	1259.8	0
139262	152588	1253.0	0
152588	166168	1268.6	0
166168	180141	1268.0	0
180141	197970	1261.6	0
197970	214420	1261.8	0
214420	224069	1261.2	0
224069	237285	1259.4	0
237285	250947	1259.0	0
250947	269285	1260.6	0
269285	279314	1263.0	0
279314	295409	1264.0	0
295409	307800	1265.8	0
307800	320655	1266.0	0
320655	343213	1266.8	0
343213	352239	1267.4	0
352239	366481	1266.4	0
366481	379165	1264.0	0
379165	390954	1264.2	0
390954	406947	1261.6	0
406947	420517	1265.0	0
420517	434233	1266.0	0
434233	447820	1263.0	0
447820	467616	1263.4	0
467616	488264	1264.4	0
488264	494991	1262.8	0
494991	508664	1259.0	0
508664	522180	1258.6	0
522180	539005	1261.0	0
539005	556203	1260.2	0
556203	565782	1261.2	0
565782	578747	1260.4	0
578747	592423	1259.2	0
592423	610775	1260.0	0
610775	624414	1259.6	0
624414	636079	1258.2	0
636079	648731	1258.8	0
648731	668818	1259.0	0
668818	676018	1255.0	0
676018	695654	1253.0	0
695654	705710	1255.4	0
705710	719340	1253.4	0
719340	739100	1258.2	0
739100	746836	1256.4	0
746836	769767	1257.2	0
769767	778516	1257.6	0
778516	790866	1251.6	0
790866	803126	1255.6	0
803126	816987	1255.6	0
816987	835923	1258.2	0
835923	849759	1257.0	0
849759	865887	1252.6	0
865887	876492	1253.0	0
876492	890259	1251.4	0
890259	908445	1257.2	0
908445	920266	1256.2	0
920266	935333	1252.6	0
935333	954472	1257.2	0
954472	966526	1254.4	0
966526	980358	1252.6	0
980358	994205	1254.8	0
994205	1007941	1255.4	0
1007941	1021471	1255.2	0
1021471	1050457	1256.2	0
1050457	1062634	1252.2	0
1062634	1076363	1254.2	0
1076363	1090322	1255.6	0
1090322	1103947	1255.8	0
1103947	1121313	1256.4	0
1121313	1136282	1255.0	0
1136282	1149932	1250.2	0
1149932	1167124	1252.4	0
1167124	1180821	1253.2	0
1180821	1197301	1254.2	0
1197301	1208882	1254.8	0
1208882	1222381	1256.6	0
1222381	1240383	1255.0	0
1240383	1249820	1255.0	0
1249820	1271555	1253.2	0
1271555	1280799	1254.6	0
1280799	1293828	1254.6	0
1293828	1307521	1251.2	0
1307521	1321249	1253.6	0
1321249	1338309	1254.8	0
1338309	1352844	1256.0	0
1352844	1364980	1255.4	0
1364980	1384926	1257.4	0
1384926	1399549	1258.4	0
1399549	1415935	1259.8	0
1415935	1423252	1259.4	0
1423252	1438405	1258.8	0
1438405	1451500	1260.6	0
1451500	1464687	1260.6	0
1464687	1481208	1259.0	0
1481208	1501235	1258.2	0
1501235	1507731	1256.2	0
1507731	1521129	1258.6	0
1521129	1534965	1255.2	0
1534965	1554982	1256.8	0
1554982	1563432	1256.8	0
1563432	1583987	1259.4	0
1583987	1590808	1257.4	0
1590808	1605669	1253.6	0
1605669	1624718	1255.4	0
1624718	1642633	1253.4	0
1642633	1657978	1254.8	0
1657978	1666626	1253.0	0
1666626	1680309	1260.0	0
1680309	1696051	1257.8	0
1696051	1714733	1258.6	0
1714733	1721351	1260.6	0
1721351	1740247	1260.8	0
1740247	1748642	1260.0	0
1748642	1768534	1260.4	0
1768534	1784001	1259.2	0
1784001	1791747	1258.6	0
1791747	1805354	1257.4	0
1805354	1818629	1259.2	0
1818629	1838149	1259.0	0
1838149	1850227	1258.2	0
1850227	1864731	1259.2	0
1864731	1878305	1258.4	0
1878305	1898324	1259.0	0
1898324	1911914	1258.6	0
1911914	1931830	1256.8	0
1931830	1938884	1257.8	0
1938884	1960428	1260.8	0
1960428	1972408	1258.2	0
1972408	1991858	1270.4	0
1991858	1999032	1265.6	0
1999032	2012528	1256.8	0
2012528	2032008	1256.6	0
2032008	2053463	1257.2	0
2053463	2063283	1258.6	0
2063283	2076889	1259.2	0
2076889	2097292	1259.2	0
2097292	2103989	1257.8	0
2103989	2124341	1257.4	0
2124341	2144673	1260.8	0
2144673	2151320	1261.2	0
2151320	2164268	1258.4	0
2164268	2183839	1259.4	0
2183839	2204050	1258.0	0
2204050	2212000	1257.4	0
2212000	2225668	1258.6	0
2225668	2239309	1260.4	0
2239309	2266953	1259.0	0
2266953	2279909	1256.8	0
2279909	2301354	1258.0	0
2301354	2310517	1260.6	0
2310517	2319753	1260.4	0
2319753	2337008	1259.4	0
2337008	2349013	1258.4	0
2349013	2369426	1258.6	0
2369426	2377800	1259.4	0
2377800	2408659	1257.4	0
2408659	2421166	1255.8	0
2421166	2439120	1253.0	0
2439120	2451538	1254.4	0
2451538	2461219	1252.8	0
2461219	2484590	1255.6	0
2484590	2499246	1254.2	0
2499246	2513269	1257.0	0
2513269	2527727	1252.8	0
2527727	2534692	1249.8	0
2534692	2555281	1255.4	0
2555281	2563784	1252.0	0
2563784	2578703	1252.4	0
2578703	2592236	1251.8	0
2592236	2610443	1252.0	0
2610443	2625850	1252.2	0
2625850	2638056	1251.2	0
2638056	2650034	1251.4	0
2650034	2663945	1249.8	0
2663945	2676465	1250.4	0
2676465	2699260	1249.6	0
2699260	2708103	1251.6	0
2708103	2726569	1249.8	0
2726569	2733411	1247.8	0
2733411	2746450	1250.8	0
2746450	2767898	1249.6	0
2767898	2777057	1250.8	0
2777057	2798341	1248.4	0
2798341	2812199	1250.2	0
2812199	2820139	1248.4	0
2820139	2843021	1250.4	0
2843021	2850766	1249.8	0
2850766	2864363	1249.6	0
2864363	2877667	1250.6	0
2877667	2891302	1253.0	0
2891302	2910699	1252.2	0
2910699	2921826	1252.4	0
2921826	2934737	1251.8	0
2934737	2953709	1253.4	0
2953709	2971263	1256.2	0
2971263	2983417	1256.2	0
2983417	2995072	1256.0	0
2995072	3008683	1255.2	0
3008683	3022304	1252.6	0
3022304	3039730	1256.4	0
3039730	3057950	1256.0	0
3057950	3066947	1254.8	0
3066947	3086223	1252.4	0
3086223	3093435	1254.6	0
3093435	3111832	1256.8	0
3111832	3127480	1257.0	0
3127480	3138245	1256.8	0
3138245	3152535	1257.8	0
3152535	3170126	1257.0	0
3170126	3179854	1256.2	0
3179854	3199043	1252.6	0
3199043	3207887	1252.4	0
3207887	3221329	1262.0	0
3221329	3234931	1258.2	0
3234931	3248493	1256.2	0
3248493	3267667	1257.0	0
3267667	3285513	1259.4	0
3285513	3293640	1258.8	0
3293640	3311254	1260.0	0
3311254	3325631	1257.4	0
3325631	3344611	1259.6	0
3344611	3353827	1259.2	0
3353827	3367166	1259.2	0
3367166	3390048	1258.6	0
3390048	3399396	1259.4	0
3399396	3413523	1259.0	0
3413523	3432476	1260.4	0
3432476	3438537	1260.0	0
3438537	3453092	1260.2	0
3453092	3466679	1260.0	0
3466679	3485762	1263.4	0
3485762	3498804	1263.6	0
3498804	3514296	1261.2	0
3514296	3521211	1261.8	0
3521211	3535100	1265.4	0
3535100	3558506	1266.0	0
3558506	3573573	1261.4	0
3573573	3581934	1264.0	0
3581934	3593510	1263.8	0
3593510	3607604	1265.6	0
3607604	3629141	1266.8	0
3629141	3636303	1266.8	0
3636303	3650307	1266.8	0
3650307	3663877	1267.6	0
3663877	3677022	1265.6	0
3677022	3698308	1265.8	0
3698308	3707381	1268.4	0
3707381	3724437	1265.2	0
3724437	3734727	1264.0	0
3734727	3747434	1260.6	0
3747434	3771212	1261.8	0
3771212	3778296	1264.0	0
3778296	3796884	1263.8	0
3796884	3811252	1274.0	0
3811252	3824196	1261.4	0
3824196	3839558	1260.0	0
3839558	3859914	1260.4	0
3859914	3867315	1261.2	0
3867315	3887749	1264.0	0
3887749	3893275	1261.6	0
3893275	3910974	1263.6	0
3910974	3928013	1262.8	0
3928013	3935206	1261.2	0
3935206	3948427	1260.2	0
3948427	3962469	1261.0	0
3962469	3981780	1259.6	0
3981780	3995091	1260.4	0
3995091	4008969	1263.4	0
4008969	4027649	1264.4	0
4027649	4034351	1259.6	0
4034351	4056397	1261.4	0
4056397	4070070	1265.8	0
4070070	4076734	1264.8	0
4076734	4090392	1262.6	0
4090392	4107277	1258.4	0
4107277	4124156	1257.6	0
4124156	4133204	1258.4	0
4133204	4144544	1255.6	0
4144544	4158274	1257.6	0
4158274	4171947	1259.4	0
4171947	4192506	1259.4	0
4192506	4204809	1261.0	0
4204809	4221574	1264.0	0
4221574	4233115	1265.6	0
4233115	4244377	1265.8	0
4244377	4261026	1266.2	0
4261026	4273573	1267.0	0
4273573	4293749	1265.8	0
4293749	4307373	1264.6	0
4307373	4313074	1264.2	0
4313074	4331284	1262.8	0
4331284	4343341	1263.2	0
4343341	4356589	1264.4	0
4356589	4373045	1263.6	0
4373045	4388932	1267.4	0
4388932	4409297	1266.4	0
4409297	4416256	1264.6	0
4416256	4435507	1263.8	0
4435507	4443205	1263.6	0
4443205	4456394	1264.0	0
4456394	4471111	1263.2	0
4471111	4482382	1263.4	0
4482382	4495852	1261.4	0
4495852	4511153	1264.0	0
4511153	4522419	1261.0	0
4522419	4544548	1265.4	0
4544548	4556449	1263.0	0
4556449	4570006	1257.8	0
4570006	4585837	1260.8	0
4585837	4601719	1264.8	0
4601719	4614086	1263.0	0
4614086	4626836	1262.6	0
4626836	4640544	1264.0	0
4640544	4654294	1263.8	0
4654294	4667839	1261.6	0
4667839	4688016	1264.4	0
4688016	4702191	1265.2	0
4702191	4709696	1264.0	0
4709696	4728530	1265.4	0
4728530	4736990	1264.4	0
4736990	4755642	1261.0	0
4755642	4782744	1263.0	0
4782744	4801520	1264.6	0
4801520	4809883	1262.6	0
4809883	4828139	1261.6	0
4828139	4838994	1264.0	0
4838994	4852268	1261.4	0
4852268	4871230	1264.0	0
4871230	4885408	1263.8	0
4885408	4905581	1263.8	0
4905581	4919009	1262.6	0
4919009	4925610	1263.0	0
4925610	4939358	1261.0	0
4939358	4954047	1260.8	0
4954047	4973356	1259.2	0
4973356	4990553	1256.6	0
4990553	4997580	1258.4	0
4997580	5009306	1263.8	0
5009306	5029007	1257.0	0
5029007	5046489	1255.4	0
5046489	5056211	1254.4	0
5056211	5073234	1257.0	0
5073234	5087995	1256.2	0
5087995	5097861	1256.6	0
5097861	5121621	1258.6	0
5121621	5129062	1261.0	0
5129062	5150750	1260.8	0
5150750	5162012	1261.2	0
5162012	5176513	1261.2	0
5176513	5192062	1260.2	0
5192062	5209443	1260.6	0
5209443	5221818	1257.0	0
5221818	5237552	1256.6	0
5237552	5262305	1258.6	0
5262305	5274152	1259.4	0
5274152	5288369	1259.0	0
5288369	5304048	1258.4	0
5304048	5311637	1258.2	0
5311637	5334909	1257.8	0
5334909	5343131	1258.4	0
5343131	5356825	1261.0	0
5356825	5376427	1258.0	0
5376427	5384278	1257.8	0
5384278	5404819	1260.0	0
5404819	5419481	1259.6	0
5419481	5426415	1259.2	0
5426415	5446543	1257.6	0
5446543	5461058	1256.2	0
5461058	5477086	1257.8	0
5477086	5486498	1256.4	0
5486498	5500151	1258.8	0
5500151	5520659	1259.0	0
5520659	5534210	1260.6	0
5534210	5554546	1262.6	0
5554546	5561396	1259.8	0
5561396	5575046	1257.8	0
5575046	5588719	1256.0	0
5588719	5601444	1267.2	0
5601444	5626881	1264.0	0
5626881	5631700	1255.8	0
5631700	5645049	1258.0	0
5645049	5659133	1258.4	0
5659133	5677284	1258.4	0
5677284	5691817	1259.0	0
5691817	5709025	1259.2	0
5709025	5716416	1258.0	0
5716416	5731011	1258.2	0
5731011	5749709	1257.8	0
5749709	5770586	1261.0	0
5770586	5781785	1258.8	0
5781785	5791526	1259.2	0
5791526	5804404	1256.6	0
5804404	5837511	1254.6	0
5837511	5846118	1258.2	0
5846118	5860207	1254.8	0
5860207	5873232	1257.0	0
5873232	5894843	1257.8	0
5894843	5915063	1258.0	0
5915063	5925504	1260.2	0
5925504	5933762	1258.8	0
5933762	5947050	1259.0	0
5947050	5960252	1257.4	0
5960252	5977334	1259.6	0
5977334	5990863	1256.0	0
5990863	6009340	1262.4	0
6009340	6018281	1254.8	0
6018281	6035427	1255.2	0
6035427	6050834	1256.0	0
6050834	6064488	1252.6	0
6064488	6081100	1251.6	0
6081100	6089195	1254.8	0
6089195	6102558	1258.8	0
6102558	6120452	1259.8	0
6120452	6133683	1257.0	0
6133683	6147240	1257.8	0
6147240	6166131	1257.6	0
6166131	6174862	1256.6	0
6174862	6196386	1255.4	0
6196386	6204110	1256.6	0
6204110	6217616	1258.4	0
6217616	6230968	1258.0	0
6230968	6244690	1256.0	0
6244690	6264972	1256.8	0
6264972	6275419	1254.6	0
6275419	6288357	1255.0	0
6288357	6309580	1255.0	0
6309580	6316529	1258.2	0
6316529	6333765	1259.4	0
6333765	6347820	1257.0	0
6347820	6359810	1257.4	0
6359810	6374447	1258.0	0
6374447	6388226	1258.4	0
6388226	6406672	1255.6	0
6406672	6422322	1258.2	0
6422322	6438881	1254.4	0
6438881	6446554	1254.6	0
6446554	6463530	1253.2	0
6463530	6479145	1252.0	0
6479145	6491142	1254.0	0
6491142	6504473	1255.2	0
6504473	6518644	1254.8	0
6518644	6532511	1252.8	0
6532511	6555765	1252.6	0
6555765	6563416	1251.0	0
6563416	6576653	1249.6	0
6576653	6589685	1250.4	0
6589685	6603478	1251.8	0
6603478	6621697	1249.6	0
6621697	6635364	1248.6	0
6635364	6649209	1245.7	0
6649209	6661594	1250.6	0
6661594	6677023	1249.6	0
6677023	6694283	1249.2	0
6694283	6713831	1246.3	0
6713831	6720918	1246.1	0
6720918	6735200	1246.1	0
6735200	6754464	1245.5	0
6754464	6770932	1249.0	0
6770932	6781434	1246.7	0
6781434	6795187	1245.5	0
6795187	6815917	1244.7	0
6815917	6837194	1248.2	0
6837194	6850513	1252.2	0
6850513	6870936	1250.4	0
6870936	6878104	1249.0	0
6878104	6897625	1250.4	0
6897625	6912136	1250.8	0
6912136	6925673	1248.8	0
6925673	6939559	1248.8	0
6939559	6954214	1250.8	0
6954214	6967748	1251.2	0
6967748	6982962	1252.2	0
6982962	6995211	1253.8	0
6995211	7008943	1253.0	0
7008943	7022747	1251.6	0
7022747	7036545	1254.8	0
7036545	7056790	1253.6	0
7056790	7074106	1252.6	0
7074106	7080905	1251.0	0
7080905	7100589	1251.6	0
7100589	7112196	1254.8	0
7112196	7130491	1252.4	0
7130491	7146265	1252.6	0
7146265	7155355	1251.6	0
7155355	7167628	1250.4	0
7167628	7181421	1248.8	0
7181421	7201345	1250.0	0
7201345	7213609	1252.0	0
7213609	7231607	1253.6	0
7231607	7239721	1251.8	0
7239721	7257378	1253.0	0
7257378	7273143	1252.4	0
7273143	7296425	1252.2	0
7296425	7300528	1253.6	0
7300528	7316191	1255.0	0
7316191	7346250	1255.0	0
7346250	7354784	1254.4	0
7354784	7368734	1256.0	0
7368734	7380951	1254.8	0
7380951	7396255	1252.0	0
7396255	7414376	1252.6	0
7414376	7433622	1258.0	0
7433622	7447720	1260.4	0
7447720	7453781	1249.2	0
7453781	7467878	1251.4	0
7467878	7488899	1252.6	0
7488899	7502624	1251.6	0
7502624	7516251	1252.0	0
7516251	7529985	1255.0	0
7529985	7536886	1256.2	0
7536886	7569914	1256.0	0
7569914	7590910	1252.6	0
7590910	7599283	1249.2	0
7599283	7613901	1243.7	0
7613901	7620792	1242.5	0
7620792	7633004	1249.0	0
7633004	7652878	1253.0	0
7652878	7666676	1252.0	0
7666676	7680564	1252.2	0
7680564	7694454	1249.4	0
7694454	7715239	1251.4	0
7715239	7728346	1255.0	0
7728346	7740536	1259.4	0
7740536	7753909	1257.8	0
7753909	7768008	1258.0	0
7768008	7783489	1259.2	0
7783489	7800777	1259.8	0
7800777	7813798	1259.6	0
7813798	7831998	1255.2	0
7831998	7838812	1257.2	0
7838812	7852644	1255.8	0
7852644	7873489	1256.4	0
7873489	7881308	1254.2	0
7881308	7894230	1256.4	0
7894230	7908256	1255.6	0
7908256	7922838	1254.8	0
7922838	7945400	1252.6	0
7945400	7954772	1255.6	0
7954772	7969048	1254.6	0
7969048	7981904	1253.4	0
7981904	7995763	1252.8	0
7995763	8012881	1252.4	0
8012881	8024818	1250.0	0
8024818	8036592	1249.2	0
8036592	8054314	1251.0	0
8054314	8064919	1251.4	0
8064919	8087570	1251.8	0
8087570	8099663	1252.8	0
8099663	8113470	1251.6	0
8113470	8127804	1249.2	0
8127804	8141415	1249.2	0
8141415	8158796	1248.4	0
8158796	8172882	1248.6	0
8172882	8186348	1248.6	0
8186348	8205138	1248.4	0
8205138	8215546	1249.8	0
8215546	8233085	1248.4	0
8233085	8243068	1246.1	0
8243068	8259006	1244.9	0
8259006	8277942	1246.1	0
8277942	8283830	1249.2	0
8283830	8304902	1249.4	0
8304902	8317469	1249.2	0
8317469	8337714	1245.1	0
8337714	8346723	1244.5	0
8346723	8364100	1241.7	0
8364100	8381628	1241.7	0
8381628	8392197	1242.3	0
8392197	8412043	1243.1	0
8412043	8420039	1242.3	0
8420039	8449699	1242.1	0
8449699	8462764	1242.1	0
8462764	8482681	1243.1	0
8482681	8490547	1242.7	0
8490547	8511984	1242.7	0
8511984	8518761	1242.7	0
8518761	8530375	1237.7	0
8530375	8547110	1229.3	0
8547110	8564937	1230.5	0
8564937	8577623	1233.9	0
8577623	8584447	1234.7	0
8584447	8604865	1237.9	0
8604865	8629034	1241.3	0
8629034	8646878	1242.1	0
8646878	8660733	1241.5	0
8660733	8667806	1242.9	0
8667806	8681557	1244.9	0
8681557	8698708	1245.5	0
8698708	8716254	1248.8	0
8716254	8724462	1245.5	0
8724462	8744482	1246.1	0
8744482	8758703	1248.2	0
8758703	8773360	1246.5	0
8773360	8787004	1250.0	0
8787004	8800236	1248.8	0
8800236	8814232	1246.5	0
8814232	8844732	1244.9	0
8844732	8856470	1246.7	0
8856470	8870019	1246.3	0
8870019	8884122	1245.7	0
8884122	8905276	1245.5	0
8905276	8925614	1249.0	0
8925614	8932563	1246.3	0
8932563	8946756	1244.3	0
8946756	8960353	1251.4	0
8960353	8974508	1248.8	0
8974508	8994365	1248.4	0
8994365	9012630	1243.9	0
9012630	9020157	1244.9	0
9020157	9033874	1246.5	0
9033874	9049523	1246.5	0
9049523	9066796	1248.6	0
9066796	9085567	1249.0	0
9085567	9093398	1246.5	0
9093398	9113858	1246.1	0
9113858	9122293	1246.3	0
9122293	9140409	1245.1	0
9140409	9157338	1248.8	0
9157338	9165976	1245.7	0
9165976	9179182	1245.3	0
9179182	9196910	1246.5	0
9196910	9217515	1244.9	0
9217515	9224927	1246.3	0
9224927	9237618	1246.1	0
9237618	9252639	1244.1	0
9252639	9270350	1242.9	0
9270350	9284442	1239.3	0
9284442	9300107	1242.9	0
9300107	9313420	1245.1	0
9313420	9333535	1241.1	0
9333535	9340795	1238.5	0
9340795	9363305	1239.7	0
9363305	9370374	1240.9	0
9370374	9384569	1240.3	0
9384569	9410109	1240.9	0
9410109	9411781	1240.9	0
9411781	9435537	1241.3	0
9435537	9451912	1241.9	0
9451912	9460788	1242.7	0
9460788	9471958	1241.7	0
9471958	9492089	1241.7	0
9492089	9510293	1238.7	0
9510293	9517381	1241.3	0
9517381	9538175	1241.1	0
9538175	9552226	1241.3	0
9552226	9566304	1243.1	0
9566304	9580439	1242.1	0
9580439	9600569	1242.3	0
9600569	9608657	1237.7	0
9608657	9622899	1241.7	0
9622899	9651238	1241.1	0
9651238	9665431	1242.3	0
9665431	9679356	1241.7	0
9679356	9693838	1242.1	0
9693838	9714101	1240.5	0
9714101	9729250	1241.5	0
9729250	9742396	1239.3	0
9742396	9760969	1239.9	0
9760969	9776961	1235.3	0
9776961	9803545	1234.7	0
9803545	9812511	1241.1	0
9812511	9833083	1239.7	0
9833083	9841957	-1.0	0
9841957	9854239	-1.0	0
9854239	9874680	-1.0	0
9874680	9894316	-1.0	0
9894316	9901870	-1.0	0
9901870	9922868	1253.8	0
9922868	9929806	1254.2	0
9929806	9950965	1254.0	0
9950965	9959768	1266.0	0
9959768	9974505	1278.4	0
9974505	9990288	1279.8	0
9990288	10001120	1279.4	0
10001120	10024149	1291.7	0
10024149	10030895	1308.3	0
10030895	10043969	1298.7	0
10043969	10057037	1302.7	0
10057037	10075333	1304.9	0
10075333	10090018	1304.1	0
10090018	10108168	1294.3	0
10108168	10115313	1298.7	0
10115313	10128554	1298.5	0
10128554	10143428	1298.3	0
10143428	10158351	1307.3	0
10158351	10169806	1311.0	0
10169806	10189352	1309.1	0
10189352	10202612	1303.5	0
10202612	10209113	1304.3	0
10209113	10235868	1303.3	0
10235868	10239067	1303.3	0
10239067	10252201	1305.3	0
10252201	10265412	1311.8	0
10265412	10281200	1317.8	0
10281200	10294720	1315.0	0
10294720	10307817	1306.7	0
10307817	10321100	1308.5	0
10321100	10333671	1304.9	0
10333671	10346971	1304.1	0
10346971	10367932	1300.9	0
10367932	10376124	1300.5	0
10376124	10389482	1304.3	0
10389482	10402937	1304.1	0
10402937	10413362	1307.5	0
10413362	10431683	1320.2	0
10431683	10444741	1325.6	0
10444741	10457593	1328.6	0
10457593	10470575	1330.2	0
10470575	10483500	1322.8	0
10483500	10499531	1317.0	0
10499531	10509573	1311.8	0
10509573	10522628	1305.5	0
10522628	10536598	1301.5	0
10536598	10549796	1301.3	0
10549796	10567327	1309.7	0
10567327	10583537	1310.3	0
10583537	10591806	1299.1	0
10591806	10606931	1305.5	0
10606931	10620728	1307.9	0
10620728	10635977	1310.3	0
10635977	10647421	1315.2	0
10647421	10667591	1316.2	0
10667591	10677338	1315.4	0
10677338	10687184	1314.8	0
10687184	10703424	1308.5	0
10703424	10716119	1310.2	0
10716119	10727236	1317.2	0
10727236	10739440	1317.4	0
10739440	10755349	1311.0	0
10755349	10771609	1306.9	0
10771609	10791349	1313.8	0
10791349	10802887	1306.9	0
10802887	10810455	1276.2	0
10810455	10824377	1257.2	0
10824377	10841888	1241.9	0
10841888	10854184	-1.0	0
10854184	10866590	-1.0	0
10866590	10878950	-1.0	0
10878950	10891358	-1.0	0
10891358	10908630	-1.0	0
10908630	10926248	-1.0	0
10926248	10932749	-1.0	0
10932749	10945438	-1.0	0
10945438	10954404	-1.0	0
10954404	10975847	-1.0	0
10975847	10983204	-1.0	0
10983204	10994710	-1.0	0
10994710	11007860	-1.0	0
11007860	11019907	-1.0	0
11019907	11038068	-1.0	0
11038068	11047805	-1.0	0
11047805	11057420	-1.0	0
11057420	11068431	-1.0	0
11068431	11086505	-1.0	0
11086505	11103163	-1.0	0
11103163	11116502	-1.0	0
11116502	11128646	-1.0	0
11128646	11134724	-1.0	0
11134724	11162906	-1.0	0
11162906	11170179	-1.0	0
11170179	11182070	-1.0	0
11182070	11199738	-1.0	0
11199738	11205962	-1.0	0
11205962	11222172	-1.0	0
11222172	11232028	-1.0	0
11232028	11243455	-1.0	0
11243455	11255584	-1.0	0
11255584	11270694	-1.0	0
11270694	11284756	-1.0	0
11284756	11294322	-1.0	0
11294322	11311767	-1.0	0
11311767	11323384	-1.0	0
11323384	11345292	-1.0	0
11345292	11352528	-1.0	0
11352528	11364135	-1.0	0
11364135	11381608	-1.0	0
11381608	11388973	-1.0	0
11388973	11405076	-1.0	0
11405076	11419630	-1.0	0
11419630	11427098	-1.0	0
11427098	11440294	-1.0	0
11440294	11448827	-1.0	0
11448827	11469507	-1.0	0
11469507	11481257	-1.0	0
11481257	11487106	-1.0	0
11487106	11498398	-1.0	0
11498398	11519114	-1.0	0
11519114	11531683	-1.0	0
11531683	11540077	-1.0	0
11540077	11551039	-1.0	0
11551039	11566487	-1.0	0
11566487	11568604	-1.0	0
11568604	11585500	-1.0	0
11585500	11602312	-1.0	0
11602312	11606086	-1.0	0
11606086	11619482	-1.0	0
11619482	11630805	-1.0	0
11630805	11649378	-1.0	0
11649378	11660933	-1.0	0
11660933	11667732	-1.0	0
11667732	11685437	-1.0	0
11685437	11697049	-1.0	0
11697049	11708828	-1.0	0
11708828	11720631	-1.0	0
11720631	11732354	-1.0	0
11732354	11744079	-1.0	0
11744079	11767595	-1.0	0
11767595	11777119	-1.0	0
11777119	11789101	-1.0	0
11789101	11805178	-1.0	0
11805178	11819721	-1.0	0
11819721	11832043	-1.0	0
11832043	11841031	-1.0	0
11841031	11857399	-1.0	0
11857399	11864112	-1.0	0
11864112	11878211	-1.0	0
11878211	11891785	-1.0	0
11891785	11908248	-1.0	0
11908248	11919614	-1.0	0
11919614	11925718	-1.0	0
11925718	11936918	-1.0	0
11936918	11952513	-1.0	0
11952513	11969376	-1.0	0
11969376	11972772	-1.0	0
11972772	11989859	-1.0	0
11989859	11996110	-1.0	0
11996110	12012930	-1.0	0
12012930	12024595	-1.0	0
12024595	12036380	-1.0	0
12036380	12047779	-1.0	0
12047779	12059300	-1.0	0
12059300	12073299	-1.0	0
12073299	12083638	-1.0	0
12083638	12100230	-1.0	0
12100230	12112267	-1.0	0
12112267	12124039	-1.0	0
12124039	12138055	-1.0	0
12138055	12147823	-1.0	0
12147823	12158676	-1.0	0
12158676	12170058	-1.0	0
12170058	12187748	-1.0	0
12187748	12199647	-1.0	0
12199647	12211434	-1.0	0
12211434	12228854	-1.0	0
12228854	12234663	-1.0	0
12234663	12262331	-1.0	0
12262331	12274046	-1.0	0
12274046	12281636	-1.0	0
12281636	12299183	-1.0	0
12299183	12308914	-1.0	0
12308914	12322465	-1.0	0
12322465	12329234	-1.0	0
12329234	12345971	-1.0	0
12345971	12357480	-1.0	0
12357480	12363912	-1.0	0
12363912	12381058	-1.0	0
12381058	12390429	-1.0	0
12390429	12406928	-1.0	0
12406928	12416230	-1.0	0
12416230	12433514	-1.0	0
12433514	12445603	-1.0	0
12445603	12460511	-1.0	0
12460511	12471774	-1.0	0
12471774	12477834	-1.0	0
12477834	12489660	-1.0	0
12489660	12503874	-1.0	0
12503874	12515746	-1.0	0
12515746	12532895	-1.0	0
12532895	12538705	-1.0	0
12538705	12549311	-1.0	0
12549311	12569200	-1.0	0
12569200	12580587	-1.0	0
12580587	12586429	-1.0	0
12586429	12603469	-1.0	0
12603469	12609359	-1.0	0
12609359	12626587	-1.0	0
12626587	12638126	-1.0	0
12638126	12649805	-1.0	0
12649805	12661737	-1.0	0
12661737	12673768	-1.0	0
12673768	12691439	-1.0	0
12691439	12702087	-1.0	0
12702087	12715073	-1.0	0
12715073	12721008	-1.0	0
12721008	12738698	-1.0	0
12738698	12750432	-1.0	0
12750432	12762159	-1.0	0
12762159	12774010	-1.0	0
12774010	12785941	-1.0	0
12785941	12808973	-1.0	0
12808973	12819854	-1.0	0
12819854	12832122	-1.0	0
12832122	12843106	-1.0	0
12843106	12856109	-1.0	0
12856109	12873817	-1.0	0
12873817	12879621	-1.0	0
12879621	12891330	-1.0	0
12891330	12905163	-1.0	0
12905163	12917003	-1.0	0
12917003	12932216	-1.0	0
12932216	12948978	-1.0	0
12948978	12960687	-1.0	0
12960687	12971246	-1.0	0
12971246	12980992	-1.0	0
12980992	12996264	-1.0	0
12996264	13010401	-1.0	0
13010401	13022487	-1.0	0
13022487	13031075	-1.0	0
13031075	13059632	-1.0	0
13059632	13069845	-1.0	0
13069845	13077667	-1.0	0
13077667	13091694	-1.0	0
13091694	13107929	-1.0	0
13107929	13121425	-1.0	0
13121425	13130985	-1.0	0
13130985	13149131	-1.0	0
13149131	13157071	-1.0	0
13157071	13169913	-1.0	0
13169913	13185268	-1.0	0
13185268	13196126	-1.0	0
13196126	13212895	-1.0	0
13212895	13218936	-1.0	0
13218936	13231097	-1.0	0
13231097	13253410	-1.0	0
13253410	13263865	-1.0	0
13263865	13269950	-1.0	0
13269950	13282013	-1.0	0
13282013	13293998	-1.0	0
13293998	13314773	-1.0	0
13314773	13322862	-1.0	0
13322862	13332552	-1.0	0
13332552	13343305	-1.0	0
13343305	13357734	-1.0	0
13357734	13371747	-1.0	0
13371747	13381905	-1.0	0
13381905	13392930	-1.0	0
13392930	13404291	-1.0	0
13404291	13426130	-1.0	0
13426130	13436742	-1.0	0
13436742	13448264	-1.0	0
13448264	13456809	-1.0	0
13456809	13467824	-1.0	0
13467824	13484512	-1.0	0
13484512	13494829	-1.0	0
13494829	13509637	-1.0	0
13509637	13515652	-1.0	0
13515652	13532363	-1.0	0
13532363	13545351	-1.0	0
13545351	13553062	-1.0	0
13553062	13565740	-1.0	0
13565740	13573825	-1.0	0
13573825	13584652	-1.0	0
13584652	13600434	-1.0	0
13600434	13610744	-1.0	0
13610744	13627536	-1.0	0
13627536	13638642	-1.0	0
13638642	13645667	-1.0	0
13645667	13659391	-1.0	0
13659391	13671460	-1.0	0
13671460	13682602	-1.0	0
13682602	13693604	-1.0	0
13693604	13704511	-1.0	0
13704511	13715538	-1.0	0
13715538	13726958	-1.0	0
13726958	13735014	-1.0	0
13735014	13753444	-1.0	0
13753444	13763370	-1.0	0
13763370	13776307	-1.0	0
13776307	13787285	-1.0	0
13787285	13801239	-1.0	0
13801239	13808212	-1.0	0
13808212	13817881	-1.0	0
13817881	13835318	-1.0	0
13835318	13841514	-1.0	0
13841514	13853737	-1.0	0
13853737	13864719	-1.0	0
13864719	13874269	-1.0	0
13874269	13895004	-1.0	0
13895004	13899621	-1.0	0
13899621	13908973	-1.0	0
13908973	13917939	-1.0	0
13917939	13936708	-1.0	0
13936708	13945038	-1.0	0
13945038	13950244	-1.0	0
13950244	13965360	-1.0	0
13965360	13973506	-1.0	0
13973506	13990486	-1.0	0
13990486	13997595	1376.4	0
13997595	14018098	-1.0	0
14018098	14022839	-1.0	0
14022839	14037776	-1.0	0
14037776	14042342	-1.0	0
14042342	14058795	-1.0	0
14058795	14073180	-1.0	0
14073180	14089757	-1.0	0
14089757	14096450	-1.0	0
14096450	14110492	-1.0	0
14110492	14117619	-1.0	0
14117619	14133072	-1.0	0
14133072	14145127	-1.0	0
14145127	14162521	-1.0	0
14162521	14169484	-1.0	0
14169484	14187573	-1.0	0
14187573	14199761	-1.0	0
14199761	14211624	-1.0	0
14211624	14223233	-1.0	0
14223233	14235431	-1.0	0
14235431	14247885	-1.0	0
14247885	14266163	-1.0	0
14266163	14275058	-1.0	0
14275058	14287937	-1.0	0
14287937	14296434	-1.0	0
14296434	14308530	-1.0	0
14308530	14329004	-1.0	0
14329004	14336350	-1.0	0
14336350	14349869	-1.0	0
14349869	14366840	-1.0	0
14366840	14379371	-1.0	0
14379371	14391641	-1.0	0
14391641	14401185	-1.0	0
14401185	14413122	-1.0	0
14413122	14425641	-1.0	0
14425641	14441124	1233.3	0
14441124	14457115	1267.2	0
14457115	14469392	1267.8	0
14469392	14488553	1267.0	0
14488553	14496564	1266.8	0
14496564	14510315	1266.8	0
14510315	14530785	1267.0	0
14530785	14544995	1271.4	0
14544995	14553942	1271.0	0
14553942	14565188	1267.6	0
14565188	14578473	1266.0	0
14578473	14598248	1267.4	0
14598248	14610027	1269.4	0
14610027	14624320	1267.6	0
14624320	14636831	1269.0	0
14636831	14658173	1267.0	0
14658173	14672394	1267.4	0
14672394	14683560	1267.4	0
14683560	14699712	1268.2	0
14699712	14713185	1268.2	0
14713185	14741848	1266.6	0
14741848	14751437	1267.4	0
14751437	14764966	1267.2	0
14764966	14778707	1267.4	0
14778707	14791778	1267.4	0
14791778	14814933	1272.8	0
14814933	14830225	1272.8	0
14830225	14842135	1268.4	0
14842135	14848345	1268.4	0
14848345	14864280	1267.2	0
14864280	14882725	1269.0	0
14882725	14898146	1267.6	0
14898146	14911839	1268.0	0
14911839	14921420	1268.8	0
14921420	14934414	1269.0	0
14934414	14949992	1270.6	0
14949992	14963454	1272.6	0
14963454	14976792	1268.4	0
14976792	14990994	1267.6	0
14990994	15004969	1268.0	0
15004969	15023185	1269.4	0
15023185	15033713	1268.6	0
15033713	15047202	1267.4	0
15047202	15066352	1266.0	0
15066352	15074637	1266.6	0
15074637	15093010	1268.0	0
15093010	15107101	1269.6	0
15107101	15124058	1268.4	0
15124058	15132526	1269.0	0
15132526	15145157	1268.2	0
15145157	15163004	1267.4	0
15163004	15176005	1268.2	0
15176005	15189938	1267.8	0
15189938	15203748	1268.0	0
15203748	15216011	1268.0	0
15216011	15237794	1267.0	0
15237794	15244512	1272.2	0
15244512	15258021	1274.8	0
15258021	15274370	1273.0	0
15274370	15287735	1266.6	0
15287735	15305977	1266.0	0
15305977	15317183	1266.8	0
15317183	15329321	1265.6	0
15329321	15350580	1267.4	0
15350580	15358251	1267.2	0
15358251	15381253	1266.8	0
15381253	15388044	1266.6	0
15388044	15401829	1266.8	0
15401829	15422421	1268.6	0
15422421	15429159	1268.2	0
15429159	15449577	1268.0	0
15449577	15458792	1268.0	0
15458792	15473151	1267.8	0
15473151	15485861	1269.0	0
15485861	15500467	1269.0	0
15500467	15517703	1268.6	0
15517703	15531546	1269.8	0
15531546	15544173	1268.8	0
15544173	15558916	1267.6	0
15558916	15577617	1268.0	0
15577617	15599811	1267.4	0
15599811	15604609	1267.0	0
15604609	15623444	1266.6	0
15623444	15632571	1268.2	0
15632571	15646150	1266.0	0
15646150	15667978	1268.4	0
15667978	15674588	1269.2	0
15674588	15688173	1268.4	0
15688173	15702018	1271.6	0
15702018	15722360	1274.4	0
15722360	15735912	1271.4	0
15735912	15752035	1269.2	0
15752035	15765366	1267.4	0
15765366	15774298	1268.0	0
15774298	15787239	1271.4	0
15787239	15804236	1267.0	0
15804236	15816687	1267.2	0
15816687	15831154	1272.2	0
15831154	15844773	1269.6	0
15844773	15858342	1268.0	0
15858342	15875980	1267.6	0
15875980	15885729	1267.0	0
15885729	15899465	1268.6	0
15899465	15913077	1268.2	0
15913077	15926856	1268.0	0
15926856	15949190	1265.8	0
15949190	15965229	1266.0	0
15965229	15973653	1268.6	0
15973653	15985991	1268.8	0
15985991	15999666	1268.0	0
15999666	16017180	1268.0	0
16017180	16028871	1267.4	0
16028871	16049341	1268.2	0
16049341	16055769	1268.8	0
16055769	16069094	1268.0	0
16069094	16087816	1271.6	0
16087816	16099125	1268.6	0
16099125	16117596	1270.4	0
16117596	16125615	1268.6	0
16125615	16139190	1271.8	0
16139190	16163134	1267.8	0
16163134	16171809	1267.2	0
16171809	16184664	1268.4	0
16184664	16203365	1267.4	0
16203365	16217728	1266.8	0
16217728	16233144	1265.2	0
16233144	16246752	1268.6	0
16246752	16260577	1267.4	0
16260577	16272623	1268.4	0
16272623	16287800	1269.4	0
16287800	16303118	1268.2	0
16303118	16322105	1267.6	0
16322105	16329009	1267.4	0
16329009	16342656	1268.0	0
16342656	16356303	1268.6	0
16356303	16376399	1267.4	0
16376399	16394595	1268.0	0
16394595	16401887	1268.6	0
16401887	16413213	1270.8	0
16413213	16427042	1270.4	0
16427042	16450237	1268.6	0
16450237	16458674	1268.6	0
16458674	16472304	1266.8	0
16472304	16486340	1269.0	0
16486340	16499641	1268.0	0
16499641	16518415	1269.6	0
16518415	16529826	1269.2	0
16529826	16542562	1272.8	0
16542562	16557047	1272.0	0
16557047	16570229	1269.0	0
16570229	16588296	1267.8	0
16588296	16601985	1267.8	0
16601985	16614084	1266.8	0
16614084	16632387	1267.2	0
16632387	16640792	1268.4	0
16640792	16659126	1268.4	0
16659126	16670403	1266.6	0
16670403	16690912	1266.8	0
16690912	16697656	1266.8	0
16697656	16712819	1267.2	0
16712819	16730304	1267.8	0
16730304	16747413	1266.2	0
16747413	16755428	1267.2	0
16755428	16774712	1268.0	0
16774712	16786312	1267.6	0
16786312	16800392	1267.6	0
16800392	16814021	1268.6	0
16814021	16827697	1267.0	0
16827697	16841004	1265.0	0
16841004	16854988	1266.4	0
16854988	16875444	1265.8	0
16875444	16884285	1267.4	0
16884285	16898188	1265.0	0
16898188	16911814	1264.8	0
16911814	16931828	1265.4	0
16931828	16955469	1265.2	0
16955469	16957968	1260.4	0
16957968	16978484	1261.2	0
16978484	16992218	1261.2	0
16992218	16999006	1261.2	0
16999006	17017001	1259.2	0
17017001	17036227	1259.4	0
17036227	17044761	1259.6	0
17044761	17064808	1255.8	0
17064808	17076724	1264.2	0
17076724	17094948	1264.0	0
17094948	17104778	1256.2	0
17104778	17118544	1258.2	0
17118544	17131931	1256.0	0
17131931	17151857	1255.2	0
17151857	17169246	1256.0	0
17169246	17184678	1254.8	0
17184678	17199582	1257.4	0
17199582	17212416	1255.4	0
17212416	17226602	1257.2	0
17226602	17243088	1253.0	0
17243088	17255790	1253.2	0
17255790	17269638	1256.2	0
17269638	17283657	1252.4	0
17283657	17316185	1251.8	0
17316185	17323105	1256.2	0
17323105	17340902	1253.0	0
17340902	17351060	1252.6	0
17351060	17364898	1251.8	0
17364898	17385801	1252.4	0
17385801	17397106	1251.4	0
17397106	17416225	1254.2	0
17416225	17425042	1253.2	0
17425042	17437699	1251.4	0
17437699	17455412	1250.4	0
17455412	17474989	1250.8	0
17474989	17490274	1253.4	0
17490274	17497220	1252.4	0
17497220	17503969	1251.2	0
17503969	17513370	1233.9	0
17513370	17532558	1232.9	0
17532558	17539214	1234.5	0
17539214	17552133	1238.1	0
17552133	17562867	1239.1	0
17562867	17580105	1240.1	0
17580105	17601617	1242.5	0
17601617	17611439	1243.3	0
17611439	17625263	1244.5	0
17625263	17639604	1248.6	0
17639604	17658041	1246.5	0
17658041	17672436	1249.6	0
17672436	17686275	1250.4	0
17686275	17700247	1250.6	0
17700247	17719903	1251.6	0
17719903	17743677	1250.0	0
17743677	17754771	1250.8	0
17754771	17769287	1252.6	0
17769287	17781993	1252.6	0
17781993	17795794	1249.6	0
17795794	17816487	1248.4	0
17816487	17825491	1249.6	0
17825491	17840292	1250.8	0
17840292	17858327	1250.4	0
17858327	17865703	1250.4	0
17865703	17886115	1248.4	0
17886115	17899967	1250.4	0
17899967	17912134	1250.6	0
17912134	17925564	1252.6	0
17925564	17939870	1250.8	0
17939870	17963434	1250.4	0
17963434	17976411	1249.6	0
17976411	17983386	1250.4	0
17983386	17997215	1250.2	0
17997215	18018120	1249.0	0
18018120	18033099	1250.8	0
18033099	18045620	1250.0	0
18045620	18066373	1248.2	0
18066373	18078526	1249.6	0
18078526	18087138	1250.4	0
18087138	18105599	1249.4	0
18105599	18121886	1250.6	0
18121886	18136147	1251.2	0
18136147	18144628	1249.8	0
18144628	18160754	1249.2	0
18160754	18182427	1251.2	0
18182427	18189595	1253.4	0
18189595	18210692	1253.2	0
18210692	18216813	1252.2	0
18216813	18230935	1252.8	0
18230935	18253137	1254.0	0
18253137	18270105	1252.4	0
18270105	18273673	1252.0	0
18273673	18294822	1250.8	0
18294822	18308216	1253.2	0
18308216	18321878	1252.6	0
18321878	18335660	1252.6	0
18335660	18349547	1251.6	0
18349547	18363233	1251.4	0
18363233	18392704	1250.2	0
18392704	18404472	1250.8	0
18404472	18422895	1251.6	0
18422895	18431391	1251.6	0
18431391	18452137	1250.8	0
18452137	18466010	1248.4	0
18466010	18479696	1251.4	0
18479696	18493516	1249.6	0
18493516	18507387	1251.0	0
18507387	18526707	1252.2	0
18526707	18541909	1251.0	0
18541909	18554827	1249.8	0
18554827	18569532	1252.4	0
18569532	18586475	1252.2	0
18586475	18599523	1250.8	0
18599523	18615127	1250.0	0
18615127	18624999	1252.2	0
18624999	18638616	1251.6	0
18638616	18660604	1252.6	0
18660604	18666347	1251.6	0
18666347	18684992	1252.6	0
18684992	18704455	1251.8	0
18704455	18718477	1256.4	0
18718477	18723260	1255.6	0
18723260	18743846	1254.4	0
18743846	18766850	1253.2	0
18766850	18782276	1252.6	0
18782276	18793070	1252.6	0
18793070	18807476	1252.8	0
18807476	18829585	1253.6	0
18829585	18842901	1258.2	0
18842901	18857322	1250.6	0
18857322	18869176	1249.6	0
18869176	18887900	1252.6	0
18887900	18906820	1251.0	0
18906820	18918199	1252.0	0
18918199	18929781	1253.0	0
18929781	18944371	1250.8	0
18944371	18972355	1253.4	0
18972355	18987308	1254.8	0
18987308	18998105	1255.8	0
18998105	19017009	1253.2	0
19017009	19030061	1251.0	0
19030061	19050728	1252.4	0
19050728	19057615	1253.4	0
19057615	19071246	1252.6	0
19071246	19084999	1254.2	0
19084999	19097487	1254.4	0
19097487	19119338	1253.4	0
19119338	19133134	1253.6	0
19133134	19139995	1254.6	0
19139995	19161238	1252.6	0
19161238	19169634	1253.0	0
19169634	19189430	1255.4	0
19189430	19204348	1254.6	0
19204348	19213647	1253.6	0
19213647	19227765	1255.0	0
19227765	19241540	1252.8	0
19241540	19263710	1253.4	0
19263710	19277424	1255.2	0
19277424	19291146	1256.4	0
19291146	19298118	1252.6	0
19298118	19311827	1254.8	0
19311827	19332572	1253.6	0
19332572	19341940	1255.4	0
19341940	19356352	1257.0	0
19356352	19369620	1258.4	0
19369620	19383094	1253.4	0
19383094	19407325	1254.8	0
19407325	19414994	1256.6	0
19414994	19435472	1256.6	0
19435472	19441071	1256.0	0
19441071	19455712	1255.4	0
19455712	19471150	1253.0	0
19471150	19483682	1255.8	0
19483682	19504334	1252.8	0
19504334	19518085	1256.2	0
19518085	19527836	1255.0	0
19527836	19545951	1256.4	0
19545951	19557324	1259.8	0
19557324	19571249	1259.8	0
19571249	19583748	1257.0	0
19583748	19599106	1255.0	0
19599106	19615846	1254.2	0
19615846	19628555	1256.8	0
19628555	19642039	1257.6	0
19642039	19655660	1258.2	0
19655660	19669319	1259.8	0
19669319	19687708	1257.0	0
19687708	19703814	1257.2	0
19703814	19719132	1258.0	0
19719132	19733974	1259.8	0
19733974	19740427	1258.6	0
19740427	19758725	1256.4	0
19758725	19776362	1257.8	0
19776362	19790767	1258.2	0
19790767	19803940	1257.8	0
19803940	19812822	1258.2	0
19812822	19827333	1257.8	0
19827333	19844476	1259.2	0
19844476	19852649	1258.0	0
19852649	19867121	1259.8	0
19867121	19882160	1258.4	0
19882160	19902841	1257.4	0
19902841	19915265	1259.6	0
19915265	19933922	1258.4	0
19933922	19947652	1256.4	0
19947652	19955295	1256.8	0
19955295	19973228	1257.8	0
19973228	19985174	1260.8	0
19985174	20005107	1258.4	0
20005107	20011960	1256.8	0
20011960	20025730	1257.0	0
20025730	20044382	1257.4	0
20044382	20054781	1259.2	0
20054781	20068960	1258.4	0
20068960	20082621	1258.4	0
20082621	20096896	1258.0	0
20096896	20117552	1258.4	0
20117552	20126777	1258.0	0
20126777	20140446	1258.4	0
20140446	20154300	1258.4	0
20154300	20189793	1257.8	0
20189793	20203419	1258.2	0
20203419	20216822	1259.2	0
20216822	20231668	1259.2	0
20231668	20243807	1257.2	0
20243807	20264605	1258.6	0
20264605	20278109	1259.4	0
20278109	20284957	1260.0	0
20284957	20298500	1259.0	0
20298500	20312182	1260.2	0
20312182	20336224	1263.0	0
20336224	20342100	1260.0	0
20342100	20360997	1260.0	0
20360997	20373714	1261.2	0
20373714	20381690	1261.6	0
20381690	99999999	1260.2	0
