#Processing Run 48276 for polarization tables
#The run table thinks this was a DPERPL2 run
#Corresponding AMO file is :/home/clasg8/rootbeer2.1/dat/pol/amo_tesc_48265.dat
#Coherent Edge positions for TESC events follow:
#Event	Coh Edge	PolPlane(PARA=0,PERP=1,AMO=2,CHANGING=3)
0	3132	1290.1	1
3132	15380	1287.2	1
15380	25470	1283.6	1
25470	41195	1280.0	1
41195	49144	1277.4	1
49144	61975	1275.8	1
61975	81360	1275.4	1
81360	95313	1274.4	1
95313	108566	1274.0	1
108566	121869	1269.2	1
121869	130628	1271.2	1
130628	153251	1268.2	1
153251	161627	1266.6	1
161627	175131	1266.6	1
175131	188505	1265.4	1
188505	201426	1264.6	1
201426	216825	1267.0	1
216825	235150	1263.6	1
235150	241888	1262.0	1
241888	262183	1263.2	1
262183	269192	1262.2	1
269192	289202	1264.0	1
289202	302016	1260.0	1
302016	311927	1258.4	1
311927	327707	1259.0	1
327707	339617	1259.6	1
339617	358576	1259.2	1
358576	376593	1260.8	1
376593	384221	1263.8	1
384221	397696	1258.0	1
397696	410794	1257.4	1
410794	432702	1260.0	1
432702	439481	1257.4	1
439481	453680	1258.8	1
453680	466198	1260.6	1
466198	479676	1258.0	1
479676	502950	1259.0	1
502950	516171	1262.0	1
516171	525373	1262.0	1
525373	540988	1261.2	1
540988	552682	1256.6	1
552682	568563	1257.6	1
568563	586486	1258.2	1
586486	600229	1259.6	1
600229	613891	1259.4	1
613891	621594	1261.2	1
621594	638876	1262.0	1
638876	650786	1259.8	1
650786	665724	1259.2	1
665724	678901	1259.0	1
678901	696643	1260.0	1
696643	712123	1261.6	1
712123	726798	1262.2	1
726798	735773	1262.4	1
735773	749371	1262.4	1
749371	767173	1259.0	1
767173	781366	1259.4	1
781366	792632	1260.4	1
792632	809570	1261.4	1
809570	823152	1260.0	1
823152	831574	1259.8	1
831574	852918	1259.4	1
852918	868763	1262.0	1
868763	877075	1262.4	1
877075	895967	1263.4	1
895967	903141	1259.4	1
903141	919130	1260.0	1
919130	938108	1260.6	1
938108	944746	1261.6	1
944746	965086	1260.2	1
965086	971845	1261.2	1
971845	990241	1260.0	1
990241	1005624	1261.4	1
1005624	1016849	1262.6	1
1016849	1027883	1260.2	1
1027883	1039117	1260.0	1
1039117	1061912	1261.6	1
1061912	1072763	1262.4	1
1072763	1082060	1259.0	1
1082060	1095554	1258.6	1
1095554	1109182	1261.8	1
1109182	1132120	1260.4	1
1132120	1142644	1260.0	1
1142644	1151052	1259.8	1
1151052	1169919	1260.0	1
1169919	1183523	1261.6	1
1183523	1202159	1263.2	1
1202159	1208558	1262.6	1
1208558	1226887	1261.6	1
1226887	1236956	1262.4	1
1236956	1250503	1261.2	1
1250503	1264525	1259.8	1
1264525	1278873	1260.2	1
1278873	1291017	1260.2	1
1291017	1311217	1262.4	1
1311217	1322330	1263.6	1
1322330	1332054	1289.2	1
1332054	1337757	1285.8	1
1337757	1352638	1285.2	1
1352638	1357741	1284.2	1
1357741	1372410	1291.7	1
1372410	1379040	1288.2	1
1379040	1389145	1287.2	1
1389145	1398463	1286.0	1
1398463	1414759	1283.8	1
1414759	1434254	1284.2	1
1434254	1441082	1277.2	1
1441082	1462004	1274.6	1
1462004	1468908	1273.2	1
1468908	1510440	1274.8	1
1510440	1517519	1270.0	1
1517519	1538127	1270.4	1
1538127	1549340	1270.0	1
1549340	1558271	1264.8	1
1558271	1578644	1264.6	1
1578644	1588472	1264.8	1
1588472	1603325	1264.2	1
1603325	1626696	1262.4	1
1626696	1652820	1265.4	1
1652820	1666390	1263.0	1
1666390	1673138	1263.6	1
1673138	1686624	1262.8	1
1686624	1700017	1262.8	1
1700017	1717237	1265.0	1
1717237	1727114	1268.6	1
1727114	1747203	1264.2	1
1747203	1753973	1261.8	1
1753973	1767673	1263.2	1
1767673	1786008	1264.0	1
1786008	1803195	1263.4	1
1803195	1810974	1262.6	1
1810974	1823995	1265.0	1
1823995	1837238	1263.2	1
1837238	1855574	1262.6	1
1855574	1867431	1262.6	1
1867431	1885428	1263.4	1
1885428	1900461	1266.8	1
1900461	1911658	1264.0	1
1911658	1928660	1264.8	1
1928660	1942144	1264.0	1
1942144	1949496	1262.2	1
1949496	1968424	1262.6	1
1968424	1978994	1262.4	1
1978994	1995266	1264.4	1
1995266	2008572	1267.2	1
2008572	2021621	1262.4	1
2021621	2035410	1263.4	1
2035410	2049294	1265.0	1
2049294	2069314	1264.6	1
2069314	2082731	1263.0	1
2082731	2089371	1263.6	1
2089371	2102674	1263.0	1
2102674	2115484	1264.2	1
2115484	2135195	1263.4	1
2135195	2146237	1263.6	1
2146237	2158908	1263.8	1
2158908	2172559	1263.8	1
2172559	2184735	1263.4	1
2184735	2202605	1263.6	1
2202605	2215728	1262.6	1
2215728	2229057	1262.8	1
2229057	2242125	1263.6	1
2242125	2255849	1262.8	1
2255849	2281313	1264.4	1
2281313	2283597	1265.4	1
2283597	2303807	1264.6	1
2303807	2310582	1266.2	1
2310582	2324356	1265.4	1
2324356	2344016	1265.2	1
2344016	2356730	1265.0	1
2356730	2369555	1265.0	1
2369555	2379705	1267.0	1
2379705	2397525	1263.2	1
2397525	2413400	1262.4	1
2413400	2428891	1265.0	1
2428891	2437650	1265.2	1
2437650	2451014	1264.6	1
2451014	2464000	1264.4	1
2464000	2482430	1264.0	1
2482430	2497377	1265.2	1
2497377	2510735	1264.2	1
2510735	2519172	1264.2	1
2519172	2533953	1263.6	1
2533953	2550562	1266.6	1
2550562	2569094	1264.0	1
2569094	2577378	1265.6	1
2577378	2592653	1264.2	1
2592653	2602006	1263.4	1
2602006	2623421	1264.0	1
2623421	2629022	1262.6	1
2629022	2642543	1263.2	1
2642543	2657042	1263.6	1
2657042	2672403	1264.2	1
2672403	2690349	1266.0	1
2690349	2701602	1263.6	1
2701602	2717264	1263.6	1
2717264	2726857	1268.0	1
2726857	2740327	1264.6	1
2740327	2759988	1264.0	1
2759988	2776299	1264.2	1
2776299	2784260	1261.8	1
2784260	2802896	1262.6	1
2802896	2810998	1265.2	1
2810998	2833211	1264.6	1
2833211	2844469	1264.6	1
2844469	2857672	1263.8	1
2857672	2871379	1267.0	1
2871379	2880843	1262.6	1
2880843	2897624	1264.0	1
2897624	2910482	1263.0	1
2910482	2927156	1265.0	1
2927156	2937564	1264.2	1
2937564	2951720	1264.4	1
2951720	2967264	1263.6	1
2967264	2978434	1269.2	1
2978434	2992850	1265.2	1
2992850	3005930	1262.4	1
3005930	3025724	1263.0	1
3025724	3044956	1263.4	1
3044956	3052315	1264.8	1
3052315	3064641	1265.8	1
3064641	3075935	1264.2	1
3075935	3092763	1265.8	1
3092763	3112639	1265.4	1
3112639	3119329	1265.2	1
3119329	3132332	1268.0	1
3132332	3152748	1265.8	1
3152748	3159507	1262.8	1
3159507	3179372	1270.2	1
3179372	3186960	1265.0	1
3186960	3206018	1265.4	1
3206018	3215199	1265.2	1
3215199	3228572	1264.0	1
3228572	3245900	1264.6	1
3245900	3259654	1265.4	1
3259654	3270698	1262.8	1
3270698	3283900	1264.4	1
3283900	3297223	1261.8	1
3297223	3319977	1263.2	1
3319977	3333319	1264.6	1
3333319	3346483	1262.8	1
3346483	3358490	1264.6	1
3358490	3367028	1264.2	1
3367028	3387294	1263.0	1
3387294	3395821	1265.4	1
3395821	3414991	1264.8	1
3414991	3425398	1264.2	1
3425398	3436147	1264.4	1
3436147	3458129	1264.6	1
3458129	3467597	1265.0	1
3467597	3480938	1262.4	1
3480938	3494474	1264.0	1
3494474	3510719	1265.6	1
3510719	3527037	1270.0	1
3527037	3540331	1264.6	1
3540331	3559310	1264.0	1
3559310	3568458	1263.8	1
3568458	3594107	1263.8	1
3594107	3606928	1268.2	1
3606928	3623495	1264.8	1
3623495	3633969	1269.8	1
3633969	3647501	1263.6	1
3647501	3664318	1263.4	1
3664318	3681397	1262.8	1
3681397	3689323	1262.8	1
3689323	3702639	1264.6	1
3702639	3722982	1262.8	1
3722982	3742193	1265.6	1
3742193	3747393	1266.4	1
3747393	3763035	1266.4	1
3763035	3776594	1263.4	1
3776594	3789912	1263.6	1
3789912	3809733	1264.2	1
3809733	3816662	1263.2	1
3816662	3835819	1263.0	1
3835819	3845708	1262.8	1
3845708	3855272	1264.6	1
3855272	3870780	1267.2	1
3870780	3889897	1265.2	1
3889897	3903443	1262.6	1
3903443	3916764	1264.0	1
3916764	3924751	1263.4	1
3924751	3942524	1263.6	1
3942524	3954913	1265.2	1
3954913	3968032	1266.0	1
3968032	3981376	1263.8	1
3981376	3995150	1262.4	1
3995150	4017306	1265.0	1
4017306	4024022	1264.6	1
4024022	4037479	1264.0	1
4037479	4050709	1264.4	1
4050709	4064478	1264.6	1
4064478	4084101	1265.0	1
4084101	4093760	1263.6	1
4093760	4111697	1263.4	1
4111697	4125207	1263.2	1
4125207	4138365	1264.2	1
4138365	4157537	1262.8	1
4157537	4168116	1263.0	1
4168116	4179701	1263.2	1
4179701	4192542	1264.4	1
4192542	4202565	1264.0	1
4202565	4220374	1263.0	1
4220374	4238980	1265.0	1
4238980	4246963	1264.6	1
4246963	4258219	1263.8	1
4258219	4270716	1264.0	1
4270716	4291550	1261.8	1
4291550	4306289	1262.6	1
4306289	4316634	1264.6	1
4316634	4330282	1264.2	1
4330282	4341629	1264.0	1
4341629	4360227	1264.6	1
4360227	4372824	1262.8	1
4372824	4392567	1264.0	1
4392567	4399652	1263.8	1
4399652	4419090	1263.0	1
4419090	4433982	1264.6	1
4433982	4451115	1264.0	1
4451115	4460588	1263.8	1
4460588	4474657	1264.2	1
4474657	4500629	1265.0	1
4500629	4514349	1264.0	1
4514349	4530016	1263.4	1
4530016	4542401	1264.6	1
4542401	4555555	1264.2	1
4555555	4571788	1263.2	1
4571788	4588679	1265.2	1
4588679	4595922	1265.6	1
4595922	4614872	1272.6	1
4614872	4627049	1264.6	1
4627049	4642582	1263.2	1
4642582	4656417	1264.8	1
4656417	4665893	1263.6	1
4665893	4679459	1264.8	1
4679459	4696568	1265.4	1
4696568	4711219	1263.4	1
4711219	4730450	1262.6	1
4730450	4740203	1264.4	1
4740203	4752706	1271.4	1
4752706	4781516	1264.4	1
4781516	4790631	1264.0	1
4790631	4810656	1263.4	1
4810656	4817511	1262.2	1
4817511	4837448	1263.0	1
4837448	4851387	1263.4	1
4851387	4864718	1262.8	1
4864718	4873514	1264.4	1
4873514	4886435	1265.2	1
4886435	4902968	1264.2	1
4902968	4919490	1264.4	1
4919490	4931159	1264.8	1
4931159	4945335	1265.0	1
4945335	4958266	1265.6	1
4958266	4971951	1264.0	1
4971951	4989006	1265.0	1
4989006	5000498	1263.4	1
5000498	5019567	1264.8	1
5019567	5027810	1263.2	1
5027810	5039615	1264.6	1
5039615	5059906	1262.8	1
5059906	5070121	1264.0	1
5070121	5083646	1263.2	1
5083646	5099979	1264.0	1
5099979	5114422	1262.8	1
5114422	5134656	1262.8	1
5134656	5144576	1263.4	1
5144576	5157265	1265.4	1
5157265	5171438	1267.8	1
5171438	5198244	1263.6	1
5198244	5209297	1263.6	1
5209297	5222284	1264.0	1
5222284	5235736	1264.2	1
5235736	5265118	1264.0	1
5265118	5275460	1285.4	1
5275460	5285792	1284.0	1
5285792	5290998	1283.0	1
5290998	5303559	1281.4	1
5303559	5319963	1279.0	1
5319963	5333762	1278.0	1
5333762	5352664	1276.0	1
5352664	5360586	1275.0	1
5360586	5373915	1271.6	1
5373915	5397611	1270.0	1
5397611	5404384	1271.6	1
5404384	5417818	1269.2	1
5417818	5432760	1270.2	1
5432760	5449422	1272.0	1
5449422	5465076	1269.8	1
5465076	5478500	1268.8	1
5478500	5486718	1268.8	1
5486718	5505340	1266.6	1
5505340	5518717	1266.2	1
5518717	5536056	1265.2	1
5536056	5549961	1264.4	1
5549961	5560126	1264.8	1
5560126	5579302	1271.2	1
5579302	5603929	1264.4	1
5603929	5614226	1266.8	1
5614226	5628208	1265.4	1
5628208	5641273	1265.0	1
5641273	5656444	1263.8	1
5656444	5672833	1264.2	1
5672833	5684371	1264.0	1
5684371	5697996	1264.2	1
5697996	5710765	1264.4	1
5710765	5723767	1263.6	1
5723767	5743201	1262.4	1
5743201	5754153	1262.8	1
5754153	5767507	1263.6	1
5767507	5781028	1263.0	1
5781028	5794289	1262.2	1
5794289	5811699	1263.6	1
5811699	5824895	1268.4	1
5824895	5835793	1272.4	1
5835793	5854167	1270.8	1
5854167	5861400	1264.4	1
5861400	5881552	1265.4	1
5881552	5898868	1265.0	1
5898868	5906774	1265.0	1
5906774	5920153	1264.6	1
5920153	5934133	1268.2	1
5934133	5955512	1265.4	1
5955512	5967644	1265.2	1
5967644	5975899	1264.8	1
5975899	5988924	1270.8	1
5988924	6002276	1264.8	1
6002276	6020542	1265.2	1
6020542	6032183	1263.4	1
6032183	6044632	1270.8	1
6044632	6064939	1263.2	1
6064939	6075550	1263.8	1
6075550	6090871	1264.4	1
6090871	6102215	1264.2	1
6102215	6120765	1265.0	1
6120765	6127158	1265.0	1
6127158	6146408	1264.8	1
6146408	6162259	1264.0	1
6162259	6175673	1264.6	1
6175673	6189180	1264.2	1
6189180	6196583	1263.4	1
6196583	6215778	1263.0	1
6215778	6235905	1262.4	1
6235905	6249322	1263.2	1
6249322	6256486	1264.2	1
6256486	6269832	1265.6	1
6269832	6298794	1263.0	1
6298794	6315869	1264.4	1
6315869	6326303	1263.4	1
6326303	6336124	1272.8	1
6336124	6349623	1272.4	1
6349623	6368686	1265.4	1
6368686	6383290	1264.8	1
6383290	6396758	1264.8	1
6396758	6413534	1263.8	1
6413534	6423834	1263.2	1
6423834	6443148	1263.8	1
6443148	6453062	1297.3	1
6453062	6463101	1294.7	1
6463101	6475706	1289.9	1
6475706	6487285	1287.8	1
6487285	6497690	1283.4	1
6497690	6514946	1283.0	1
6514946	6527178	1283.2	1
6527178	6538558	1282.2	1
6538558	6555293	1278.8	1
6555293	6565879	1276.6	1
6565879	6585720	1276.0	1
6585720	6592882	1274.4	1
6592882	6609585	1273.0	1
6609585	6635385	1271.2	1
6635385	6650121	1288.8	1
6650121	6659722	1280.2	1
6659722	6667563	1288.8	1
6667563	6686070	1287.0	1
6686070	6696302	1279.0	1
6696302	6714297	1279.2	1
6714297	6731303	1277.0	1
6731303	6746211	1273.4	1
6746211	6758784	1273.2	1
6758784	6767694	1271.0	1
6767694	6786681	1272.2	1
6786681	6802707	1269.2	1
6802707	6817146	1267.4	1
6817146	6830373	1266.6	1
6830373	6837080	1268.2	1
6837080	6856091	1264.4	1
6856091	6870516	1264.2	1
6870516	6880265	1264.2	1
6880265	6899336	1264.4	1
6899336	6913234	1264.4	1
6913234	6924401	1266.4	1
6924401	6940166	1264.2	1
6940166	6956417	1265.0	1
6956417	6969927	1265.6	1
6969927	6977635	1262.0	1
6977635	6990781	1261.8	1
6990781	7010660	1263.4	1
7010660	7017800	1265.0	1
7017800	7034145	1263.8	1
7034145	7047311	1264.6	1
7047311	7061035	1265.2	1
7061035	7083184	1263.8	1
7083184	7089946	1263.2	1
7089946	7102240	1262.2	1
7102240	7116974	1264.0	1
7116974	7134214	1262.8	1
7134214	7156387	1263.0	1
7156387	7163686	1267.0	1
7163686	7171456	1267.8	1
7171456	7184871	1263.8	1
7184871	7198295	1262.6	1
7198295	7218387	1262.8	1
7218387	7234764	1262.8	1
7234764	7245194	1263.4	1
7245194	7255062	1273.8	1
7255062	7268720	1264.2	1
7268720	7285674	1269.2	1
7285674	7302862	1262.8	1
7302862	7312306	1264.6	1
7312306	7330649	1262.2	1
7330649	7342170	1264.8	1
7342170	7362071	1262.8	1
7362071	7368823	1263.8	1
7368823	7382357	1263.6	1
7382357	7396046	1263.2	1
7396046	7409220	1260.8	1
7409220	7432816	1262.2	1
7432816	7441906	1263.4	1
7441906	7449776	1263.2	1
7449776	7465745	1264.0	1
7465745	7477109	1260.8	1
7477109	7494083	1261.6	1
7494083	7506266	1260.2	1
7506266	7526084	1261.4	1
7526084	7533179	1263.4	1
7533179	7547016	1262.8	1
7547016	7566689	1264.0	1
7566689	7580026	1263.4	1
7580026	7593534	1263.0	1
7593534	7607009	1262.2	1
7607009	7620353	1261.0	1
7620353	7636235	1262.2	1
7636235	7651106	1263.8	1
7651106	7660596	1262.8	1
7660596	7673912	1262.0	1
7673912	7685104	1262.4	1
7685104	7703167	1263.0	1
7703167	7717730	1264.0	1
7717730	7730805	1262.6	1
7730805	7744192	1260.2	1
7744192	7755349	1262.6	1
7755349	7774530	1263.8	1
7774530	7786849	1261.4	1
7786849	7804464	1260.4	1
7804464	7813395	1260.2	1
7813395	7831142	1262.2	1
7831142	7845163	1262.4	1
7845163	7860198	1263.8	1
7860198	7868910	1262.4	1
7868910	7888914	1267.6	1
7888914	7896048	1262.8	1
7896048	7913202	1262.0	1
7913202	7927613	1262.8	1
7927613	7934254	1267.6	1
7934254	7949091	1263.0	1
7949091	7962667	1262.8	1
7962667	7985824	1263.4	1
7985824	7996543	1263.6	1
7996543	8014266	1262.6	1
8014266	8028990	1261.8	1
8028990	8036163	1262.2	1
8036163	8057212	1262.0	1
8057212	8064383	1263.4	1
8064383	8077648	1263.2	1
8077648	8097868	1262.6	1
8097868	8108235	1263.4	1
8108235	8129063	1264.2	1
8129063	8137016	1263.6	1
8137016	8150326	1262.6	1
8150326	8164425	1263.4	1
8164425	8175803	1260.4	1
8175803	8195061	1261.4	1
8195061	8205754	1262.2	1
8205754	8219213	1264.2	1
8219213	8232752	1263.4	1
8232752	8246065	1266.8	1
8246065	8263096	1263.6	1
8263096	8278899	1262.2	1
8278899	8292127	1262.4	1
8292127	8302097	1260.6	1
8302097	8315619	1263.6	1
8315619	8332714	1264.2	1
8332714	8346248	1267.2	1
8346248	8362967	1263.2	1
8362967	8372919	1266.4	1
8372919	8389158	1263.4	1
8389158	8404541	1262.8	1
8404541	8413436	1262.6	1
8413436	8427053	1262.0	1
8427053	8440618	1265.0	1
8440618	8454528	1266.2	1
8454528	8479930	1263.4	1
8479930	8490399	1260.4	1
8490399	8500641	1268.0	1
8500641	8511542	1263.4	1
8511542	8527787	1275.6	1
8527787	8548793	1261.6	1
8548793	8568886	1262.8	1
8568886	8581789	1266.2	1
8581789	8596269	1266.8	1
8596269	8614448	1262.8	1
8614448	8624204	1263.8	1
8624204	8639046	1262.8	1
8639046	8652843	1264.0	1
8652843	8665860	1263.2	1
8665860	8683755	1261.0	1
8683755	8697254	1262.6	1
8697254	8710655	1260.6	1
8710655	8722578	1263.8	1
8722578	8734915	1260.0	1
8734915	8757452	1263.8	1
8757452	8764131	1263.6	1
8764131	8777510	1263.4	1
8777510	8792739	1264.8	1
8792739	8811106	1264.2	1
8811106	8824539	1264.0	1
8824539	8834941	1260.6	1
8834941	8847914	1263.0	1
8847914	8874873	1263.0	1
8874873	8891824	1262.6	1
8891824	8904925	1265.2	1
8904925	8918335	1264.2	1
8918335	8932093	1264.2	1
8932093	8952353	1263.8	1
8952353	8967038	1263.8	1
8967038	8975023	1262.2	1
8975023	8988118	1263.8	1
8988118	9001188	1263.0	1
9001188	9015303	1270.6	1
9015303	9032846	1267.8	1
9032846	9046993	1265.6	1
9046993	9056345	1263.4	1
9056345	9070397	1263.8	1
9070397	9083256	1263.2	1
9083256	9100217	1264.8	1
9100217	9110155	1262.8	1
9110155	9122678	1284.2	1
9122678	9139849	1263.6	1
9139849	9150825	1264.0	1
9150825	9177014	1270.0	1
9177014	9187598	1264.0	1
9187598	9201114	1264.2	1
9201114	9211257	1263.2	1
9211257	9223219	1263.6	1
9223219	9247160	1263.0	1
9247160	9254326	1263.0	1
9254326	9267416	1262.0	1
9267416	9281449	1262.4	1
9281449	9293426	1263.4	1
9293426	9309555	1263.4	1
9309555	9321722	1263.4	1
9321722	9341845	1264.2	1
9341845	9355055	1264.4	1
9355055	9362660	1264.6	1
9362660	9384285	1263.8	1
9384285	9395615	1263.8	1
9395615	9405502	1264.0	1
9405502	9418502	1262.8	1
9418502	9433479	1261.2	1
9433479	9451310	1265.6	1
9451310	9462875	1263.4	1
9462875	9476154	1263.4	1
9476154	9489702	1263.2	1
9489702	9503130	1267.4	1
9503130	9521461	1264.2	1
9521461	9536639	1262.4	1
9536639	9550254	1262.8	1
9550254	9557363	1263.8	1
9557363	9570563	1263.0	1
9570563	9590869	1262.0	1
9590869	9603322	1263.2	1
9603322	9616395	1264.2	1
9616395	9634812	1263.2	1
9634812	9644961	1262.8	1
9644961	9661228	1264.0	1
9661228	9672052	1264.2	1
9672052	9692438	1263.4	1
9692438	9700111	1263.8	1
9700111	9718618	1263.4	1
9718618	9732972	1265.0	1
9732972	9742955	1263.6	1
9742955	9759829	1263.0	1
9759829	9769812	1262.4	1
9769812	9783464	1262.2	1
9783464	9802583	1260.4	1
9802583	9813705	1262.2	1
9813705	9831002	1264.6	1
9831002	9845753	1264.8	1
9845753	9853645	1263.0	1
9853645	9870635	1263.4	1
9870635	9887228	1263.4	1
9887228	9894408	1262.2	1
9894408	9908196	1263.0	1
9908196	9927767	1263.4	1
9927767	9947945	1263.2	1
9947945	9955529	1262.6	1
9955529	9975202	1263.0	1
9975202	9981910	1263.0	1
9981910	10009285	1260.4	1
10009285	10029205	1262.8	1
10029205	10036395	1262.6	1
10036395	10050492	1264.0	1
10050492	10063209	1263.8	1
10063209	10080990	1262.6	1
10080990	10092858	1262.2	1
10092858	10110182	1261.4	1
10110182	10119748	1262.4	1
10119748	10133221	1262.2	1
10133221	10157576	1263.6	1
10157576	10169377	1263.0	1
10169377	10177698	1263.0	1
10177698	10191315	1262.6	1
10191315	10205008	1263.2	1
10205008	10221076	1260.6	1
10221076	10232209	1265.2	1
10232209	10248455	1265.4	1
10248455	10266129	1264.6	1
10266129	10274982	1261.8	1
10274982	10292522	1263.4	1
10292522	10308673	1262.0	1
10308673	10317854	1262.4	1
10317854	10332117	1264.0	1
10332117	10349112	1263.8	1
10349112	10363985	1262.4	1
10363985	10374326	1262.2	1
10374326	10387788	1260.8	1
10387788	10401079	1262.8	1
10401079	10419462	1262.4	1
10419462	10437314	1263.0	1
10437314	10444258	1263.0	1
10444258	10461535	1263.6	1
10461535	10474905	1263.6	1
10474905	10483959	1260.6	1
10483959	10508733	1263.8	1
10508733	10515538	1264.0	1
10515538	10533699	1264.2	1
10533699	10542018	1262.6	1
10542018	10555194	1264.8	1
10555194	10570892	1263.8	1
10570892	10584349	1263.2	1
10584349	10597803	1269.8	1
10597803	10612707	1266.8	1
10612707	10623108	1263.2	1
10623108	10643352	1271.6	1
10643352	10654003	1264.4	1
10654003	10672561	1263.8	1
10672561	10686252	1260.0	1
10686252	10696204	1259.8	1
10696204	10711436	1260.0	1
10711436	10724914	1264.0	1
10724914	10743866	1261.4	1
10743866	10752386	1264.0	1
10752386	10765967	1262.0	1
10765967	10785100	1264.2	1
10785100	10799611	1262.0	1
10799611	10812988	1263.6	1
10812988	10826362	1263.2	1
10826362	10835451	1264.4	1
10835451	10859897	1264.0	1
10859897	10869734	1262.4	1
10869734	10879844	1264.2	1
10879844	10892535	1263.2	1
10892535	10909158	1264.6	1
10909158	10927427	1264.2	1
10927427	10940987	1263.8	1
10940987	10950126	1265.2	1
10950126	10968100	1263.8	1
10968100	10974880	1263.8	1
10974880	10997110	1264.2	1
10997110	11007128	1264.4	1
11007128	11019423	1264.6	1
11019423	11034504	1263.0	1
11034504	11045120	1262.8	1
11045120	11069520	1263.4	1
11069520	11076270	1263.4	1
11076270	11089895	1263.2	1
11089895	11103194	1264.0	1
11103194	11121133	1265.4	1
11121133	11135978	1264.4	1
11135978	11149358	1264.2	1
11149358	11159257	1264.2	1
11159257	11171951	1264.2	1
11171951	11185917	1270.8	1
11185917	11203446	1263.2	1
11203446	11221787	1262.4	1
11221787	11230096	1260.0	1
11230096	11243467	1262.4	1
11243467	11259238	1264.0	1
11259238	11280805	1262.4	1
11280805	11292208	1264.8	1
11292208	11304691	1263.6	1
11304691	11318218	1263.6	1
11318218	11345059	1265.0	1
11345059	11354962	1265.0	1
11354962	11371777	1264.8	1
11371777	11381717	1265.0	1
11381717	11393369	1268.0	1
11393369	11417856	1264.8	1
11417856	11428666	1264.0	1
11428666	11442282	1263.0	1
11442282	11455850	1264.8	1
11455850	11465079	1264.0	1
11465079	11481529	1263.0	1
11481529	11494816	1264.2	1
11494816	11512414	1265.2	1
11512414	11521046	1263.4	1
11521046	11539241	1263.8	1
11539241	11554854	1263.0	1
11554854	11566474	1265.0	1
11566474	11579733	1263.8	1
11579733	11592988	1263.4	1
11592988	11608413	1263.6	1
11608413	11624739	1262.6	1
11624739	11639873	1264.8	1
11639873	11646076	1269.8	1
11646076	11659762	1265.2	1
11659762	11673263	1264.2	1
11673263	11697603	1263.0	1
11697603	11702632	1262.8	1
11702632	11716933	1264.0	1
11716933	11737024	1263.2	1
11737024	11748545	1263.8	1
11748545	11765858	1264.4	1
11765858	11778319	1265.8	1
11778319	11789896	1268.8	1
11789896	11808140	1264.6	1
11808140	11837501	1263.2	1
11837501	11844216	1263.4	1
11844216	11861895	1265.0	1
11861895	11870101	1264.0	1
11870101	11888737	1264.4	1
11888737	11902253	1264.2	1
11902253	11915607	1263.4	1
11915607	11926790	1264.4	1
11926790	11940503	1263.4	1
11940503	11955743	1264.8	1
11955743	11971694	1267.2	1
11971694	11985657	1264.2	1
11985657	12002895	1264.6	1
12002895	12016407	1264.4	1
12016407	12023136	1265.6	1
12023136	12043112	1265.6	1
12043112	12053479	1262.2	1
12053479	12068434	1264.8	1
12068434	12079497	1261.4	1
12079497	12097842	1263.8	1
12097842	12112492	1265.2	1
12112492	12123285	1263.4	1
12123285	12138504	1264.0	1
12138504	12151884	1264.4	1
12151884	12165485	1265.0	1
12165485	12180889	1265.4	1
12180889	12194801	1263.0	1
12194801	12207548	1264.4	1
12207548	12220771	1263.4	1
12220771	12235271	1264.4	1
12235271	12253264	1264.0	1
12253264	12264557	1263.8	1
12264557	12278056	1264.0	1
12278056	12295046	1265.0	1
12295046	12305101	1262.6	1
12305101	12325925	1263.2	1
12325925	12334498	1264.2	1
12334498	12347982	1264.4	1
12347982	12368197	1263.4	1
12368197	12374876	1264.4	1
12374876	12391993	1264.4	1
12391993	12408536	1264.2	1
12408536	12426358	1263.0	1
12426358	12430494	1263.2	1
12430494	12446959	1264.4	1
12446959	12469761	1264.0	1
12469761	12476548	1263.6	1
12476548	12490136	1263.2	1
12490136	12503714	1262.2	1
12503714	12520656	1262.6	1
12520656	12541565	1262.2	1
12541565	12551030	1264.4	1
12551030	12557910	1264.6	1
12557910	12571381	1263.0	1
12571381	12587339	1263.6	1
12587339	12604986	1263.0	1
12604986	12620425	1264.6	1
12620425	12633614	1264.2	1
12633614	12643289	1262.4	1
12643289	12657190	1264.2	1
12657190	12672660	1265.0	1
12672660	12686349	1265.0	1
12686349	12700002	1265.8	1
12700002	12713330	1265.0	1
12713330	12726883	1265.2	1
12726883	12746929	1264.6	1
12746929	12756143	1263.0	1
12756143	12773041	1263.6	1
12773041	12789284	1263.4	1
12789284	12799490	1264.0	1
12799490	12814973	1264.8	1
12814973	12828432	1263.6	1
12828432	12841969	1264.2	1
12841969	12855469	1265.0	1
12855469	12869071	1264.4	1
12869071	12886616	1264.0	1
12886616	12896112	1267.2	1
12896112	12909717	1264.2	1
12909717	12929675	1264.4	1
12929675	12938170	1263.4	1
12938170	12963472	1265.2	1
12963472	12970390	1270.4	1
12970390	12995678	1265.2	1
12995678	13001234	1289.6	1
13001234	13016771	1286.8	1
13016771	13023527	1285.8	1
13023527	13034835	1285.2	1
13034835	13049228	1278.4	1
13049228	13064301	1278.6	1
13064301	13083444	1276.8	1
13083444	13095902	1272.6	1
13095902	13110306	1272.0	1
13110306	13123373	1271.0	1
13123373	13136741	1271.2	1
13136741	13152572	1267.0	1
13152572	13170271	1266.6	1
13170271	13176927	1266.6	1
13176927	13190381	1265.6	1
13190381	13203797	1265.6	1
13203797	13223778	1267.0	1
13223778	13234329	1267.4	1
13234329	13250644	1265.8	1
13250644	13261770	1266.2	1
13261770	13278566	1265.4	1
13278566	13294585	1265.4	1
13294585	13303912	1271.4	1
13303912	13317908	1269.4	1
13317908	13328612	1280.6	1
13328612	13338987	1282.2	1
13338987	13345520	1280.0	1
13345520	13356143	1281.2	1
13356143	13376107	1278.8	1
13376107	13379829	1276.6	1
13379829	13394794	1283.0	1
13394794	13412092	1274.2	1
13412092	13418668	1274.8	1
13418668	13442687	1275.0	1
13442687	13453648	1270.6	1
13453648	13467658	1274.4	1
13467658	13481254	1272.4	1
13481254	13492420	1271.4	1
13492420	13512684	1269.6	1
13512684	13522664	1268.6	1
13522664	13537351	1268.6	1
13537351	13550980	1269.4	1
13550980	13563659	1266.2	1
13563659	13585141	1265.6	1
13585141	13593542	1264.2	1
13593542	13606936	1265.8	1
13606936	13623021	1264.8	1
13623021	13634100	1264.8	1
13634100	13652149	1264.6	1
13652149	13663114	1265.6	1
13663114	13676255	1265.8	1
13676255	13689879	1262.4	1
13689879	13703521	1262.4	1
13703521	13724410	1262.6	1
13724410	13735418	1265.2	1
13735418	13748256	1263.6	1
13748256	13762343	1264.8	1
13762343	13773544	1264.2	1
13773544	13793193	1263.8	1
13793193	13809225	1264.6	1
13809225	13818013	1267.6	1
13818013	13835616	1263.8	1
13835616	13849225	1264.0	1
13849225	13862763	1269.6	1
13862763	13881109	1268.0	1
13881109	13886389	1286.6	1
13886389	13896557	1285.6	1
13896557	13906865	1284.4	1
13906865	13921520	1283.6	1
13921520	13932564	1281.8	1
13932564	13946882	1276.6	1
13946882	13966647	1275.2	1
13966647	13981321	1277.2	1
13981321	14000669	1272.4	1
14000669	14007272	1272.8	1
14007272	14022601	1270.4	1
14022601	14033447	1272.0	1
14033447	14046081	1268.0	1
14046081	14061957	1270.0	1
14061957	14072875	1267.6	1
14072875	14086187	1269.0	1
14086187	14099487	1267.2	1
14099487	14112743	1265.4	1
14112743	14131273	1267.0	1
14131273	14142682	1264.8	1
14142682	14155516	1264.8	1
14155516	14173442	1265.2	1
14173442	14184185	1266.0	1
14184185	14201285	1264.6	1
14201285	14212580	1264.8	1
14212580	14225943	1265.4	1
14225943	14239302	1266.2	1
14239302	14251412	1265.0	1
14251412	14275095	1266.2	1
14275095	14286322	1266.2	1
14286322	14294792	1267.8	1
14294792	14307163	1265.0	1
14307163	14320985	1264.6	1
14320985	14339509	1265.8	1
14339509	14356491	1263.8	1
14356491	14369781	1265.6	1
14369781	14379517	1265.8	1
14379517	14393871	1265.0	1
14393871	14415673	1264.6	1
14415673	14426687	1265.0	1
14426687	14433289	1265.8	1
14433289	14448190	1265.8	1
14448190	14460049	1265.6	1
14460049	14476513	1264.0	1
14476513	14486622	1265.0	1
14486622	14499958	1264.4	1
14499958	14513428	1266.2	1
14513428	14533220	1265.4	1
14533220	14553314	1264.0	1
14553314	14563922	1265.8	1
14563922	14576790	1264.4	1
14576790	14590438	1268.8	1
14590438	14598263	1264.6	1
14598263	14622634	1266.0	1
14622634	14628738	1264.4	1
14628738	14646892	1267.8	1
14646892	14660220	1265.6	1
14660220	14673590	1265.0	1
14673590	14692433	1265.2	1
14692433	14700078	1265.0	1
14700078	14714688	1264.8	1
14714688	14725422	1264.6	1
14725422	14741072	1265.2	1
14741072	14756763	1265.6	1
14756763	14768785	1264.0	1
14768785	14785148	1264.8	1
14785148	14793710	1264.6	1
14793710	14807278	1265.0	1
14807278	14832352	1263.4	1
14832352	14837788	1266.0	1
14837788	14850498	1265.8	1
14850498	14864920	1264.0	1
14864920	14876023	1265.4	1
14876023	14894822	1263.8	1
14894822	14908345	1265.0	1
14908345	14925235	1266.6	1
14925235	14935036	1264.2	1
14935036	14948665	1263.4	1
14948665	14969356	1264.4	1
14969356	14975726	1265.0	1
14975726	14989957	1264.4	1
14989957	15009023	1265.2	1
15009023	15016957	1264.4	1
15016957	15037402	1264.2	1
15037402	15051534	1264.6	1
15051534	15062858	1264.8	1
15062858	15082090	1264.0	1
15082090	15088274	1301.1	1
15088274	15101071	1301.5	1
15101071	15107643	1296.7	1
15107643	15116589	1294.3	1
15116589	15128072	1286.2	1
15128072	15146185	1241.3	1
15146185	15159547	1241.1	1
15159547	15174582	1238.7	1
15174582	15188735	1241.1	1
15188735	15200076	1250.2	1
15200076	15215684	1272.8	1
15215684	15229092	1268.2	1
15229092	15242012	1266.8	1
15242012	15258773	1267.2	1
15258773	15271927	1266.0	1
15271927	15291833	1266.4	1
15291833	15305197	1264.2	1
15305197	15318400	1265.8	1
15318400	15331618	1265.2	1
15331618	15357949	1265.4	1
15357949	15365841	1265.0	1
15365841	15378025	1264.4	1
15378025	15391187	1264.2	1
15391187	15404410	1263.0	1
15404410	15424204	1261.8	1
15424204	15434091	1263.0	1
15434091	15446587	1262.0	1
15446587	15460770	1269.0	1
15460770	15473146	1263.6	1
15473146	15493025	1263.4	1
15493025	15504370	1268.2	1
15504370	15522520	1267.4	1
15522520	15530987	1263.2	1
15530987	15544256	1265.0	1
15544256	15560275	1262.0	1
15560275	15572508	1263.8	1
15572508	15584475	1262.4	1
15584475	15597417	1263.8	1
15597417	15617662	1263.2	1
15617662	15634302	1269.6	1
15634302	15646783	1261.6	1
15646783	15657293	1263.2	1
15657293	15671395	1267.6	1
15671395	15699896	1264.8	1
15699896	15711252	1263.6	1
15711252	15725676	1266.8	1
15725676	15738256	1280.4	1
15738256	15745427	1280.0	1
15745427	15754381	1280.4	1
15754381	15783270	1278.0	1
15783270	15795494	1285.4	1
15795494	15800793	1285.6	1
15800793	15814412	1283.4	1
15814412	15828014	1283.2	1
15828014	15849574	1283.2	1
15849574	15856882	1276.8	1
15856882	15871133	1273.6	1
15871133	15886053	1274.4	1
15886053	15912247	1271.2	1
15912247	15925046	1270.6	1
15925046	15943864	1269.2	1
15943864	15951677	1269.8	1
15951677	15964941	1264.8	1
15964941	15984483	1266.6	1
15984483	15996739	1265.2	1
15996739	16008521	1265.4	1
16008521	16025014	1267.4	1
16025014	16034344	1265.2	1
16034344	16051609	1265.6	1
16051609	16064816	1264.0	1
16064816	16077698	1264.6	1
16077698	16093557	1269.4	1
16093557	16103339	1265.0	1
16103339	16126389	1264.2	1
16126389	16133063	1263.8	1
16133063	16146427	1265.2	1
16146427	16157460	1265.4	1
16157460	16171592	1264.4	1
16171592	16190653	1263.2	1
16190653	16202535	1263.2	1
16202535	16216644	1263.0	1
16216644	16229971	1266.8	1
16229971	16241064	1265.0	1
16241064	16258357	1267.2	1
16258357	16271112	1267.0	1
16271112	16290377	1263.6	1
16290377	16298351	1264.8	1
16298351	16310939	1263.8	1
16310939	16329536	1263.6	1
16329536	16340771	1264.4	1
16340771	16353825	1264.2	1
16353825	16371209	1264.8	1
16371209	16379920	1268.4	1
16379920	16402694	1267.6	1
16402694	16414291	1267.2	1
16414291	16424171	1264.8	1
16424171	16436327	1268.0	1
16436327	16451308	1265.6	1
16451308	16477448	1269.6	1
16477448	16485545	1292.7	1
16485545	16496392	1290.9	1
16496392	16508486	1290.3	1
16508486	16516414	1288.4	1
16516414	16534113	1286.0	1
16534113	16543542	1279.0	1
16543542	16560471	1278.0	1
16560471	16570037	1276.4	1
16570037	16582952	1276.4	1
16582952	16605209	1273.0	1
16605209	16618105	1270.0	1
16618105	16626445	1270.2	1
16626445	16642400	1269.0	1
16642400	16652329	1267.4	1
16652329	16666219	1266.8	1
16666219	16679231	1269.6	1
16679231	16691377	1268.8	1
16691377	16708466	1267.8	1
16708466	16721006	1269.8	1
16721006	16738455	1262.6	1
16738455	16752142	1264.8	1
16752142	16764439	1264.2	1
16764439	16775964	1265.2	1
16775964	16794695	1264.2	1
16794695	16806595	1264.4	1
16806595	16819228	1269.8	1
16819228	16832964	1262.6	1
16832964	16846443	1263.2	1
16846443	16859917	1264.4	1
16859917	16880143	1265.2	1
16880143	16892591	1267.2	1
16892591	16907152	1264.2	1
16907152	16917179	1265.0	1
16917179	16930636	1269.2	1
16930636	16948155	1268.8	1
16948155	16961794	1265.4	1
16961794	16975165	1266.2	1
16975165	16988372	1266.2	1
16988372	17004644	1265.2	1
17004644	17021247	1269.2	1
17021247	17029672	1265.8	1
17029672	17043264	1267.4	1
17043264	17056346	1267.6	1
17056346	17076403	1265.8	1
17076403	17093653	1265.6	1
17093653	17106164	1268.0	1
17106164	17118408	1262.6	1
17118408	17128613	1262.0	1
17128613	17141120	1262.0	1
17141120	17160094	1263.2	1
17160094	17172178	1265.6	1
17172178	17190936	1265.0	1
17190936	17199235	1266.4	1
17199235	17216636	1263.4	1
17216636	17233229	1264.4	1
17233229	17243954	1267.2	1
17243954	17257067	1266.4	1
17257067	17270961	1265.0	1
17270961	17288715	1263.6	1
17288715	17308774	1263.8	1
17308774	17315804	1264.8	1
17315804	17329464	1264.4	1
17329464	17344574	1264.6	1
17344574	17355718	1265.2	1
17355718	17371510	1265.2	1
17371510	17383965	1265.8	1
17383965	17397620	1268.0	1
17397620	17411057	1265.4	1
17411057	17424541	1264.6	1
17424541	17443774	1262.2	1
17443774	17454505	1264.8	1
17454505	17471643	1263.2	1
17471643	17483234	1263.6	1
17483234	17495273	1265.0	1
17495273	17519914	1265.2	1
17519914	17525999	1268.6	1
17525999	17543751	1262.4	1
17543751	17553046	1264.0	1
17553046	17566215	1264.2	1
17566215	17585314	1263.8	1
17585314	17600994	1263.0	1
17600994	17609960	1263.6	1
17609960	17628529	1265.8	1
17628529	17637815	1263.2	1
17637815	17662620	1263.6	1
17662620	17667815	1264.4	1
17667815	17681290	1264.2	1
17681290	17693792	1264.8	1
17693792	17707414	1263.6	1
17707414	17724808	1265.0	1
17724808	17738095	1264.8	1
17738095	17751990	1264.4	1
17751990	17764464	1264.6	1
17764464	17782784	1263.0	1
17782784	17798621	1264.8	1
17798621	17816959	1263.8	1
17816959	17831855	1264.2	1
17831855	17838558	1264.8	1
17838558	17865975	1265.8	1
17865975	17879528	1265.2	1
17879528	17893103	1264.8	1
17893103	17906313	1263.6	1
17906313	17917826	1265.8	1
17917826	17928220	1280.4	1
17928220	17933358	1280.2	1
17933358	17953559	1282.6	1
17953559	17959105	1282.2	1
17959105	17969009	1280.4	1
17969009	17984924	1279.0	1
17984924	17998092	1279.6	1
17998092	18017085	1275.8	1
18017085	18031357	1274.8	1
18031357	18038037	1274.0	1
18038037	18051532	1273.2	1
18051532	18071132	1272.6	1
18071132	18084761	1273.6	1
18084761	18098142	1272.0	1
18098142	18115543	1267.2	1
18115543	18125160	1270.2	1
18125160	18152163	1268.6	1
18152163	18165701	1266.0	1
18165701	18179283	1265.6	1
18179283	18192737	1266.6	1
18192737	18206294	1265.6	1
18206294	18221483	1269.0	1
18221483	18231162	1272.6	1
18231162	18251018	1265.4	1
18251018	18259256	1267.6	1
18259256	18273888	1262.4	1
18273888	18294551	1261.4	1
18294551	18312221	1270.0	1
18312221	18323120	1263.0	1
18323120	18333373	1264.6	1
18333373	18346221	1261.2	1
18346221	18364101	1263.2	1
18364101	18376109	1264.4	1
18376109	18396057	1264.8	1
18396057	18402818	1265.4	1
18402818	18421312	1264.0	1
18421312	18436958	1263.0	1
18436958	18448099	1263.4	1
18448099	18461797	1265.6	1
18461797	18478924	1267.2	1
18478924	18488434	1264.2	1
18488434	18508346	1264.0	1
18508346	18520905	1264.6	1
18520905	18531740	1264.8	1
18531740	18545440	1264.0	1
18545440	18562639	1266.4	1
18562639	18578666	1265.6	1
18578666	18586274	1265.0	1
18586274	18599704	1264.8	1
18599704	18614262	1263.4	1
18614262	18627043	1265.0	1
18627043	18647606	1263.2	1
18647606	18663072	1264.4	1
18663072	18676264	1265.0	1
18676264	18686620	1263.8	1
18686620	18703536	1264.4	1
18703536	18718608	1264.6	1
18718608	18736160	1264.6	1
18736160	18742873	1264.2	1
18742873	18760861	1263.6	1
18760861	18769877	1264.4	1
18769877	18789551	1264.0	1
18789551	18799015	1263.6	1
18799015	18812767	1263.4	1
18812767	18827210	1264.4	1
18827210	18843133	1263.2	1
18843133	18858409	1264.0	1
18858409	18875615	1265.6	1
18875615	18887877	1264.2	1
18887877	18898718	1265.6	1
18898718	18912809	1262.0	1
18912809	18933272	1262.8	1
18933272	18942463	1264.4	1
18942463	18959862	1263.8	1
18959862	18966780	1264.4	1
18966780	18979958	1264.4	1
18979958	19000924	1264.6	1
19000924	19010879	1264.0	1
19010879	19029070	1265.2	1
19029070	19038647	1263.0	1
19038647	19055901	1262.8	1
19055901	19071775	1264.2	1
19071775	19081681	1263.0	1
19081681	19095414	1263.2	1
19095414	19110601	1264.8	1
19110601	19122913	1263.4	1
19122913	19139299	1263.2	1
19139299	19151437	1264.6	1
19151437	19170167	1264.2	1
19170167	19183791	1263.2	1
19183791	19191383	1264.4	1
19191383	19213784	1264.0	1
19213784	19224453	1263.8	1
19224453	19235851	1264.2	1
19235851	19251423	1264.0	1
19251423	19265079	1264.0	1
19265079	19280943	1264.6	1
19280943	19299223	1264.0	1
19299223	19312844	1264.8	1
19312844	19326165	1267.2	1
19326165	19332990	1262.6	1
19332990	19353278	1264.2	1
19353278	19367969	1264.4	1
19367969	19380172	1263.8	1
19380172	19393111	1264.0	1
19393111	19405132	1263.4	1
19405132	19420984	1263.0	1
19420984	19428919	1263.2	1
19428919	19443037	1263.0	1
19443037	19461318	1264.6	1
19461318	19475286	1264.0	1
19475286	19495112	1263.6	1
19495112	19508633	1262.8	1
19508633	19522300	1263.6	1
19522300	19530380	1264.6	1
19530380	19543214	1264.6	1
19543214	19562999	1264.6	1
19562999	19575761	1268.0	1
19575761	19587605	1266.8	1
19587605	19600772	1265.8	1
19600772	19616453	1266.0	1
19616453	19630860	1267.0	1
19630860	19651186	1264.2	1
19651186	19664453	1263.4	1
19664453	19671638	1264.0	1
19671638	19685133	1262.6	1
19685133	19705318	1264.2	1
19705318	19715354	1265.4	1
19715354	19728960	1265.0	1
19728960	19742539	1266.6	1
19742539	19755594	1264.6	1
19755594	19772954	1264.2	1
19772954	19786871	1265.8	1
19786871	19799966	1263.8	1
19799966	19813610	1263.0	1
19813610	19827213	1263.4	1
19827213	19849099	1264.0	1
19849099	19854687	1264.2	1
19854687	19874740	1265.4	1
19874740	19881961	1264.4	1
19881961	19896070	1265.6	1
19896070	19913762	1267.0	1
19913762	19931166	1266.2	1
19931166	19939095	1266.2	1
19939095	19953488	1265.0	1
19953488	19971848	1264.2	1
19971848	19989628	1264.2	1
19989628	20000482	1262.2	1
20000482	20018897	1262.6	1
20018897	20027011	1262.4	1
20027011	20059715	1262.6	1
20059715	20070429	1264.6	1
20070429	20080427	1262.2	1
20080427	20097767	1266.4	1
20097767	1395	1266.4	1
1395	20116854	1294.9	1
20116854	20126544	1292.5	1
20126544	20136383	1289.2	1
20136383	20157138	1289.2	1
20157138	20176208	1285.4	1
20176208	20183118	1280.0	1
20183118	20202105	1279.8	1
20202105	20209952	1282.6	1
20209952	20223384	1276.4	1
20223384	20248690	1272.2	1
20248690	20256911	1272.8	1
20256911	20267823	1273.0	1
20267823	20279629	1269.8	1
20279629	20313354	1270.4	1
20313354	20328584	1267.0	1
20328584	20337305	1267.4	1
20337305	20349474	1265.8	1
20349474	99999999	1266.2	1
