#Processing Run 48115 for polarization tables
#The run table thinks this was a DSWAPL2 run
#Corresponding AMO file is :/home/clasg8/rootbeer2.1/dat/pol/amo_tesc_48112.dat
#Coherent Edge positions for TESC events follow:
#Event	Coh Edge	PolPlane(PARA=0,PERP=1,AMO=2,CHANGING=3)
0	4	1882.7	1
4	6851	1916.3	1
6851	23711	1908.8	1
23711	40840	1906.8	1
40840	53921	1901.4	1
53921	60100	1898.6	1
60100	77992	1896.4	1
77992	90145	1894.2	1
90145	102236	1893.2	1
102236	114381	1889.7	1
114381	129495	1889.9	1
129495	138317	1887.5	1
138317	156818	1890.7	1
156818	166157	1884.7	1
166157	178997	1885.9	1
178997	187797	1884.2	1
187797	203278	1885.7	1
203278	223624	1887.9	1
223624	230134	1888.9	1
230134	244265	1887.3	1
244265	257634	1887.3	1
257634	274441	1884.7	1
274441	289540	1885.9	1
289540	299855	1882.2	1
299855	313400	1882.6	1
313400	326274	1884.4	1
326274	338600	1885.1	1
338600	354140	1885.1	1
354140	369006	1886.7	1
369006	371030	1885.1	1
371030	383951	1887.3	1
383951	395657	1887.9	1
395657	411614	1886.9	1
411614	423524	1883.2	1
423524	435749	1881.2	1
435749	454946	1884.4	1
454946	461345	1884.7	1
461345	481747	1886.3	1
481747	492949	1887.7	1
492949	502042	1889.9	1
502042	517595	1887.9	1
517595	530436	1888.5	1
530436	542977	1886.9	1
542977	556675	1884.4	1
556675	567774	1886.0	1
567774	579469	1887.9	1
579469	597455	1885.1	1
597455	612985	1885.9	1
612985	618663	1888.3	1
618663	635083	1887.3	1
635083	649627	1887.1	1
649627	661541	1885.9	1
661541	673387	1885.8	1
673387	686805	1886.8	1
686805	696215	1884.6	1
696215	712097	1885.8	1
712097	724130	1886.8	1
724130	736400	1887.1	1
736400	752239	1889.3	1
752239	761196	1890.2	1
761196	778768	1889.5	1
778768	785439	1887.1	1
785439	802003	1886.3	1
802003	812298	1885.4	1
812298	827611	1887.3	1
827611	833839	1889.1	1
833839	846494	1886.9	1
846494	865123	1888.7	1
865123	877299	1890.8	1
877299	888542	1888.1	1
888542	902871	1887.3	1
902871	913597	1887.5	1
913597	930911	1883.0	1
930911	940712	1885.6	1
940712	958954	1886.5	1
958954	972180	1887.7	1
972180	981563	1890.4	1
981563	993561	1889.3	1
993561	1008640	1887.5	1
1008640	1014914	1885.2	1
1014914	1027732	1887.7	1
1027732	1040560	1887.6	1
1040560	1065198	1886.9	1
1065198	1077193	1886.2	1
1077193	1083442	1886.4	1
1083442	1095711	1888.5	1
1095711	1114596	1892.6	1
1114596	1125576	1889.5	1
1125576	1135932	1888.3	1
1135932	1155831	1887.6	1
1155831	1165257	1888.5	1
1165257	1170822	1886.6	1
1170822	1189364	1884.8	1
1189364	1201606	1886.8	1
1201606	1212092	1887.9	1
1212092	1226228	1887.3	1
1226228	1236656	1889.9	1
1236656	1254597	1888.9	1
1254597	1267860	1886.5	1
1267860	1278344	1886.4	1
1278344	1295224	1886.7	1
1295224	1301654	1885.2	1
1301654	1325741	1886.8	1
1325741	1331248	1885.8	1
1331248	1339647	1890.4	1
1339647	1355772	1891.6	1
1355772	1368428	1885.2	1
1368428	1382285	1885.8	1
1382285	1393011	1883.0	1
1393011	1405123	1885.4	1
1405123	1417871	1885.2	1
1417871	1424073	1885.4	1
1424073	1445190	1885.6	1
1445190	1458821	1888.7	1
1458821	1473968	1890.3	1
1473968	1486229	1890.3	1
1486229	1497799	1886.6	1
1497799	1511359	1889.7	1
1511359	1522177	1886.5	1
1522177	1534464	1889.5	1
1534464	1545619	1884.5	1
1545619	1565947	1885.8	1
1565947	1580868	1886.8	1
1580868	1586813	1888.5	1
1586813	1605102	1886.7	1
1605102	1611276	1891.0	1
1611276	1629885	1889.7	1
1629885	1639128	1889.5	1
1639128	1648707	1888.4	1
1648707	1660669	1886.1	1
1660669	1673082	1887.8	1
1673082	1685302	1884.4	1
1685302	1704159	1887.3	1
1704159	1721329	1888.0	1
1721329	1735485	1886.0	1
1735485	1741536	1886.5	1
1741536	1754183	1887.0	1
1754183	1769273	1887.4	1
1769273	1783778	1886.1	1
1783778	1792071	1885.2	1
1792071	1804207	1884.4	1
1804207	1816252	1884.4	1
1816252	1838531	1885.4	1
1838531	1844751	1887.0	1
1844751	1855953	1889.5	1
1855953	1873164	1889.3	1
1873164	1881300	1890.1	1
1881300	1900911	1890.1	1
1900911	1906896	1884.4	1
1906896	1925050	1887.6	1
1925050	1937374	1886.9	1
1937374	1943511	1888.3	1
1943511	1959266	1886.7	1
1959266	1969922	1889.7	1
1969922	1985687	1886.8	1
1985687	1998123	1891.6	1
1998123	2004845	1891.4	1
2004845	2027496	1888.4	1
2027496	2033054	1885.6	1
2033054	2045746	1884.8	1
2045746	2060102	1883.6	1
2060102	2190445	1888.1	1
2190445	2212634	1885.4	0
2212634	2222471	1885.4	0
2222471	2232376	1921.5	0
2232376	2250225	1903.3	0
2250225	2262915	1885.2	0
2262915	2272361	1925.0	0
2272361	2287599	1932.8	0
2287599	2300656	1940.5	0
2300656	2313275	1945.4	0
2313275	2320050	1856.2	0
2320050	2337102	1856.2	0
2337102	2353697	1878.8	0
2353697	2361603	1856.2	0
2361603	2373861	1945.4	0
2373861	2386990	1933.1	0
2386990	2404317	1945.3	0
2404317	2418330	1935.9	0
2418330	2424888	1926.5	0
2424888	2437462	1928.6	0
2437462	2450302	1930.7	0
2450302	2466264	1930.8	0
2466264	2476987	1930.9	0
2476987	2488731	1930.8	0
2488731	2504835	1932.9	0
2504835	2513472	1886.6	0
2513472	2536697	1938.3	0
2536697	2543098	1938.9	0
2543098	2562170	1880.0	0
2562170	2567763	1939.7	0
2567763	2580755	1938.9	0
2580755	2598634	-1.0	0
2598634	2605141	-1.0	0
2605141	2617817	-1.0	0
2617817	2635114	1941.5	0
2635114	2647447	1938.3	0
2647447	2659764	1938.7	0
2659764	2670856	1939.1	0
2670856	2683376	1876.0	0
2683376	2694603	1878.6	0
2694603	2706274	1944.1	0
2706274	2725562	1912.8	0
2725562	2740939	1881.6	0
2740939	2751101	-1.0	0
2751101	2764404	-1.0	0
2764404	2780723	-1.0	0
2780723	2789240	1943.3	0
2789240	2802649	1939.7	0
2802649	2814250	1880.2	0
2814250	2829892	1938.5	0
2829892	2844478	1942.1	0
2844478	2855717	1942.5	0
2855717	2871079	1940.6	0
2871079	2883832	1938.7	0
2883832	2889946	1939.9	0
2889946	2903019	1941.7	0
2903019	2920141	1938.3	0
2920141	2934242	1940.1	0
2934242	2945089	1943.1	0
2945089	2953524	1941.3	0
2953524	2965380	1939.7	0
2965380	2981910	1942.5	0
2981910	2991932	1940.3	0
2991932	3008324	1939.7	0
3008324	3022293	1941.5	0
3022293	3033863	1943.5	0
3033863	3052421	1947.1	0
3052421	3060822	1944.7	0
3060822	3068951	1942.9	0
3068951	3079956	1926.2	0
3079956	3093904	1950.7	0
3093904	3108982	1939.9	0
3108982	3120141	1942.3	0
3120141	3137021	1942.5	0
3137021	3145554	1943.5	0
3145554	3157067	1946.5	0
3157067	3173247	1944.7	0
3173247	3189268	1944.1	0
3189268	3200132	1942.7	0
3200132	3211019	1942.7	0
3211019	3224581	1942.1	0
3224581	3236337	1940.3	0
3236337	3243119	1940.9	0
3243119	3256892	1940.5	0
3256892	3267674	1943.3	0
3267674	3282550	1944.1	0
3282550	3304504	1936.7	0
3304504	3313219	1940.3	0
3313219	3329519	1939.7	0
3329519	3335140	1940.1	0
3335140	3352537	1951.7	0
3352537	3364334	1940.9	0
3364334	3379056	1939.1	0
3379056	3390829	1941.9	0
3390829	3401259	1941.9	0
3401259	3415275	1943.1	0
3415275	3431796	1943.3	0
3431796	3440117	-1.0	0
3440117	3451334	-1.0	0
3451334	3464176	-1.0	0
3464176	3477604	-1.0	0
3477604	3496096	1945.9	0
3496096	3506668	1929.4	0
3506668	3519475	1935.5	0
3519475	3526723	1944.5	0
3526723	3538651	1941.7	0
3538651	3555437	1938.3	0
3555437	3573854	1937.3	0
3573854	3581159	1944.1	0
3581159	3588662	1940.1	0
3588662	3599682	1940.1	0
3599682	3623082	1940.1	0
3623082	3627279	1942.9	0
3627279	3640926	1949.3	0
3640926	3658764	1943.3	0
3658764	3664903	1942.1	0
3664903	3680558	1940.7	0
3680558	3690556	1939.9	0
3690556	3703155	1935.1	0
3703155	3715497	1936.9	0
3715497	3725851	1928.9	0
3725851	3745999	1935.9	0
3745999	3756694	1936.4	0
3756694	3773645	1936.9	0
3773645	3780466	1943.7	0
3780466	3798337	1938.7	0
3798337	3810939	1933.7	0
3810939	3826427	1945.4	0
3826427	3832660	1899.0	0
3832660	3848932	1938.0	0
3848932	3858382	-1.0	0
3858382	3875880	-1.0	0
3875880	3890109	-1.0	0
3890109	3903764	1934.5	0
3903764	3911331	1953.3	0
3911331	3922242	1930.6	0
3922242	3945809	1929.6	0
3945809	3952012	1939.1	0
3952012	3963145	1932.4	0
3963145	3983777	1940.5	0
3983777	3990813	1940.1	0
3990813	4009573	1940.7	0
4009573	4018816	1944.3	0
4018816	4030411	1944.7	0
4030411	4047569	1945.1	0
4047569	4060673	1941.5	0
4060673	4076515	1941.3	0
4076515	4082458	1945.4	0
4082458	4099720	1939.3	0
4099720	4107065	1941.9	0
4107065	4119086	1937.9	0
4119086	4134120	1933.8	0
4134120	4148839	1938.3	0
4148839	4156056	1935.7	0
4156056	4173402	1935.5	0
4173402	4186018	1930.2	0
4186018	4197962	1930.0	0
4197962	4208609	1926.5	0
4208609	4224595	1925.7	0
4224595	4231847	1933.1	0
4231847	4243691	1944.1	0
4243691	4254070	1942.9	0
4254070	4270301	1911.4	0
4270301	4278080	1914.7	0
4278080	4296977	1932.1	0
4296977	4303297	1945.4	0
4303297	4316412	1934.6	0
4316412	4336747	1923.7	0
4336747	4349311	1922.5	0
4349311	4361675	1938.9	0
4361675	4374745	-1.0	0
4374745	4383846	-1.0	0
4383846	4399063	-1.0	0
4399063	4413008	-1.0	0
4413008	4425981	1882.8	0
4425981	4432040	1921.9	0
4432040	4452926	1925.3	0
4452926	4463310	1921.5	0
4463310	4478202	1876.0	0
4478202	4491835	1856.2	0
4491835	4503870	1856.2	0
4503870	4511220	1890.0	0
4511220	4528313	1923.8	0
4528313	4545295	1945.4	0
4545295	4556360	1909.8	0
4556360	4564254	1883.0	0
4564254	4576953	1856.2	0
4576953	4593040	1930.1	0
4593040	4608134	1933.6	0
4608134	4615132	1890.0	0
4615132	4633756	1922.2	0
4633756	4645935	1856.2	0
4645935	4658625	1888.8	0
4658625	4669000	1921.3	0
4669000	4681624	1920.9	0
4681624	4699591	1921.1	0
4699591	4711306	1888.7	0
4711306	4726125	1856.2	0
4726125	4739227	1920.1	0
4739227	4745513	1932.5	0
4745513	4759064	1879.6	0
4759064	4778382	1930.4	0
4778382	4788209	1934.7	0
4788209	4803889	1931.9	0
4803889	4813011	1936.9	0
4813011	4832080	1929.2	0
4832080	4837089	1939.1	0
4837089	4860552	1937.7	0
4860552	4866669	1936.3	0
4866669	4882382	1934.5	0
4882382	4891145	1944.3	0
4891145	4903159	-1.0	0
4903159	4920430	-1.0	0
4920430	4934191	-1.0	0
4934191	4946822	1873.4	0
4946822	4958886	1945.5	0
4958886	4971108	1901.2	0
4971108	4983282	1878.0	0
4983282	4995570	1877.2	0
4995570	5008039	1944.1	0
5008039	5020891	1941.9	0
5020891	5033132	1896.4	0
5033132	5051529	1958.0	0
5051529	5057713	1942.9	0
5057713	5075271	1929.0	0
5075271	5087519	1937.1	0
5087519	5099865	1946.7	0
5099865	5110807	1933.5	0
5110807	5128027	1928.4	0
5128027	5140263	1856.2	0
5140263	5152482	1945.4	0
5152482	5165000	1945.4	0
5165000	5181725	1916.8	0
5181725	5188254	1953.3	0
5188254	5198780	1940.2	0
5198780	5212036	1932.6	0
5212036	5224520	1952.8	0
5224520	5243717	1937.9	0
5243717	5250104	1945.4	0
5250104	5262887	1942.9	0
5262887	5275736	1935.7	0
5275736	5294606	1938.5	0
5294606	5306665	1924.1	0
5306665	5316501	1945.4	0
5316501	5334392	1945.4	0
5334392	5345529	1945.4	0
5345529	5357210	1945.4	0
5357210	5370686	1900.8	0
5370686	5379615	1856.2	0
5379615	5397479	1926.1	0
5397479	5409816	1926.7	0
5409816	5422164	1943.3	0
5422164	5434053	1945.4	0
5434053	5440119	1940.7	0
5440119	5452511	1945.4	0
5452511	5464447	1939.9	0
5464447	5476844	1856.2	0
5476844	5494741	1924.6	0
5494741	5507450	1925.8	0
5507450	5519131	1924.4	0
5519131	5536431	1923.1	0
5536431	5544832	1945.4	0
5544832	5565770	1924.1	0
5565770	5569839	-1.0	0
5569839	5582432	-1.0	0
5582432	5596377	-1.0	0
5596377	5615698	-1.0	0
5615698	5632950	-1.0	0
5632950	5639236	1931.7	0
5639236	5656960	1925.7	0
5656960	5669446	1922.6	0
5669446	5682394	1921.0	0
5682394	5697208	1925.3	0
5697208	5707840	1922.3	0
5707840	5716069	1928.2	0
5716069	5733610	1934.2	0
5733610	5739487	1907.6	0
5739487	5760772	1914.3	0
5760772	5767090	1921.1	0
5767090	5782625	1918.1	0
5782625	5795085	1916.9	0
5795085	5802845	1924.3	0
5802845	5819110	1925.9	0
5819110	5996505	1921.9	0
5996505	6009106	1898.2	1
6009106	6026803	1891.8	1
6026803	6033590	1894.8	1
6033590	6050612	1891.0	1
6050612	6064271	1891.6	1
6064271	6075996	1893.2	1
6075996	6088984	1892.8	1
6088984	6101772	1887.9	1
6101772	6114668	1886.5	1
6114668	6124746	1892.8	1
6124746	6136750	1892.0	1
6136750	6155868	1891.8	1
6155868	6160542	1888.6	1
6160542	6182255	1892.8	1
6182255	6192573	1887.5	1
6192573	6205076	1890.4	1
6205076	6217922	1888.8	1
6217922	6233062	1891.6	1
6233062	6248784	1889.6	1
6248784	6254637	1891.4	1
6254637	6270181	1893.0	1
6270181	6279031	1893.4	1
6279031	6291691	1889.8	1
6291691	6308636	1891.6	1
6308636	6325286	1890.8	1
6325286	6338230	1892.2	1
6338230	6346734	1890.2	1
6346734	6363039	1890.2	1
6363039	6374264	1889.8	1
6374264	6387398	1894.2	1
6387398	6399411	1895.0	1
6399411	6413686	1894.8	1
6413686	6423403	1894.6	1
6423403	6435742	1892.2	1
6435742	6448173	1891.8	1
6448173	6462525	1890.2	1
6462525	6470408	1886.1	1
6470408	6483461	1887.5	1
6483461	6506524	1887.4	1
6506524	6518555	1889.6	1
6518555	6529724	1890.6	1
6529724	6541365	1891.4	1
6541365	6554455	1892.4	1
6554455	6572939	1894.2	1
6572939	6579943	1890.6	1
6579943	6591519	1889.4	1
6591519	6606093	1890.6	1
6606093	6619605	1892.8	1
6619605	6629979	1893.0	1
6629979	6646557	1892.8	1
6646557	6650571	1892.6	1
6650571	6664906	1892.2	1
6664906	6675836	1893.2	1
6675836	6695806	1892.2	1
6695806	6707074	1892.2	1
6707074	6721155	1885.7	1
6721155	6732463	1886.7	1
6732463	6744040	1887.7	1
6744040	6764284	1891.8	1
6764284	6776703	1891.8	1
6776703	6789297	1891.0	1
6789297	6799617	1887.6	1
6799617	6813841	1891.4	1
6813841	6831196	1889.7	1
6831196	6833786	1892.2	1
6833786	6851169	1887.1	1
6851169	6861628	1888.0	1
6861628	6875143	1888.7	1
6875143	6887080	1889.3	1
6887080	6898177	1889.9	1
6898177	6910587	1889.7	1
6910587	6922836	1888.9	1
6922836	6940134	1887.9	1
6940134	6954466	1890.4	1
6954466	6960845	1889.8	1
6960845	6973513	1890.2	1
6973513	6986141	1888.5	1
6986141	7004431	1892.6	1
7004431	7015869	1893.6	1
7015869	7027026	1891.8	1
7027026	7043326	1890.4	1
7043326	7051650	1892.4	1
7051650	7063728	1892.8	1
7063728	7082159	1891.0	1
7082159	7089817	1890.4	1
7089817	7109724	1888.8	1
7109724	7116314	1889.2	1
7116314	7128499	1890.7	1
7128499	7145065	1890.4	1
7145065	7161246	1891.0	1
7161246	7168798	1887.5	1
7168798	7185982	1888.8	1
7185982	7198174	1888.6	1
7198174	7216489	1888.7	1
7216489	7224545	1889.3	1
7224545	7234784	1889.7	1
7234784	7249838	1890.2	1
7249838	7256782	1888.8	1
7256782	7277008	1893.2	1
7277008	7283261	1889.8	1
7283261	7302061	1890.6	1
7302061	7308388	1887.8	1
7308388	7326780	1890.6	1
7326780	7339045	1888.0	1
7339045	7348647	1889.5	1
7348647	7366568	1889.2	1
7366568	7373839	1894.4	1
7373839	7385493	1894.2	1
7385493	7406036	1892.8	1
7406036	7412362	1893.6	1
7412362	7429556	1894.6	1
7429556	7440847	1893.4	1
7440847	7454198	1891.8	1
7454198	7466970	1890.1	1
7466970	7473922	1889.3	1
7473922	7487339	1890.2	1
7487339	7505033	1893.4	1
7505033	7517056	1891.8	1
7517056	7532036	1893.2	1
7532036	7541239	1891.1	1
7541239	7551898	1890.4	1
7551898	7567801	1889.7	1
7567801	7581795	1891.0	1
7581795	7597919	1887.1	1
7597919	7611211	1886.9	1
7611211	7617700	1889.2	1
7617700	7629898	1889.6	1
7629898	7642336	1892.6	1
7642336	7660443	1887.8	1
7660443	7669756	1890.8	1
7669756	7682209	1888.8	1
7682209	7699016	1890.0	1
7699016	7711680	1890.6	1
7711680	7724366	1889.4	1
7724366	7742304	1889.1	1
7742304	7753214	1892.6	1
7753214	7761091	1891.8	1
7761091	7772606	1892.0	1
7772606	7790420	1894.6	1
7790420	7799574	1888.7	1
7799574	7811981	1888.3	1
7811981	7828759	1888.1	1
7828759	7836152	1885.7	1
7836152	7857563	1886.9	1
7857563	7867328	1887.9	1
7867328	7883051	1891.4	1
7883051	7888838	1888.1	1
7888838	7900952	1890.6	1
7900952	7917945	1890.8	1
7917945	7934526	1891.2	1
7934526	7947078	1888.4	1
7947078	7953241	1887.1	1
7953241	7971374	1885.9	1
7971374	7987524	1886.5	1
7987524	7995073	1891.0	1
7995073	8005170	1895.0	1
8005170	8017387	1894.2	1
8017387	8029750	1893.0	1
8029750	8048310	1891.2	1
8048310	8056359	1892.8	1
8056359	8066636	1890.6	1
8066636	8078468	1888.3	1
8078468	8093537	1887.5	1
8093537	8108675	1887.1	1
8108675	8119287	1894.4	1
8119287	8135757	1892.0	1
8135757	8142021	1895.6	1
8142021	8155864	1893.2	1
8155864	8173774	1890.6	1
8173774	8183835	1887.4	1
8183835	8197320	1886.5	1
8197320	8210023	1888.9	1
8210023	8223965	1888.9	1
8223965	8242656	1891.4	1
8242656	8248720	1893.4	1
8248720	8261276	1891.8	1
8261276	8273524	1889.3	1
8273524	8285938	1891.0	1
8285938	8303433	1891.8	1
8303433	8313572	1889.6	1
8313572	8328269	1890.1	1
8328269	8342862	1891.8	1
8342862	8350509	1892.8	1
8350509	8365292	1893.0	1
8365292	8375969	1891.6	1
8375969	8389758	1892.0	1
8389758	8400776	1892.0	1
8400776	8417117	1888.4	1
8417117	8433562	1893.6	1
8433562	8443709	1888.5	1
8443709	8458702	1885.5	1
8458702	8465730	1887.5	1
8465730	8484375	1889.8	1
8484375	8498016	1893.4	1
8498016	8512446	1889.0	1
8512446	8526294	1888.7	1
8526294	8538243	1890.8	1
8538243	8543263	1888.5	1
8543263	8558368	1888.5	1
8558368	8570922	1886.3	1
8570922	8583199	1884.1	1
8583199	8596155	1885.6	1
8596155	8614152	1888.7	1
8614152	8627727	1891.2	1
8627727	8638871	1888.9	1
8638871	8651348	1890.1	1
8651348	8663679	1889.6	1
8663679	8669948	1889.9	1
8669948	8687928	1889.5	1
8687928	8699809	1886.3	1
8699809	8712896	1887.1	1
8712896	8724115	1885.9	1
8724115	8736692	1887.3	1
8736692	8756187	1886.3	1
8756187	8762420	1886.9	1
8762420	8779830	1889.1	1
8779830	8791552	1890.2	1
8791552	8804285	1889.8	1
8804285	8813982	1888.9	1
8813982	8831514	1888.7	1
8831514	8841533	1887.5	1
8841533	8853091	1888.9	1
8853091	8865525	1889.0	1
8865525	8885256	1889.3	1
8885256	8890349	1891.4	1
8890349	8901696	1890.1	1
8901696	8913458	1890.9	1
8913458	8925715	1891.2	1
8925715	8942452	1890.4	1
8942452	8956933	1887.7	1
8956933	8970732	1890.1	1
8970732	8981632	1890.3	1
8981632	8989124	1890.3	1
8989124	9013762	1889.8	1
9013762	9018224	1889.8	1
9018224	9029380	1889.8	1
9029380	9042382	1891.4	1
9042382	9053792	1889.8	1
9053792	9075314	1886.1	1
9075314	9083489	1885.8	1
9083489	9102375	1884.7	1
9102375	9109455	1887.7	1
9109455	9122485	1887.1	1
9122485	9139872	1886.3	1
9139872	9155283	1884.3	1
9155283	9166689	1885.3	1
9166689	9179457	1882.6	1
9179457	9192548	1885.2	1
9192548	9204136	1884.0	1
9204136	9221279	1883.6	1
9221279	9233517	1883.5	1
9233517	9247129	1888.3	1
9247129	9252684	1883.9	1
9252684	9273813	1886.7	1
9273813	9279947	1886.3	1
9279947	9291517	1886.7	1
9291517	9312330	1888.1	1
9312330	9321371	1889.9	1
9321371	9331641	1886.7	1
9331641	9345400	1887.9	1
9345400	9358721	1891.1	1
9358721	9371402	1890.3	1
9371402	9384247	1889.1	1
9384247	9394758	1888.3	1
9394758	9406961	1888.7	1
9406961	9425659	1888.3	1
9425659	9431788	1889.1	1
9431788	9444070	1889.1	1
9444070	9464927	1888.9	1
9464927	9475497	1887.1	1
9475497	9488108	1889.1	1
9488108	9494815	1887.7	1
9494815	9512371	1888.5	1
9512371	9527617	1892.0	1
9527617	9536559	1888.5	1
9536559	9548756	1890.5	1
9548756	9565180	1888.7	1
9565180	9576410	1886.7	1
9576410	9587503	1887.5	1
9587503	9598154	1889.5	1
9598154	9610431	1892.6	1
9610431	9623326	1890.3	1
9623326	9642733	1887.7	1
9642733	9655118	1885.7	1
9655118	9665194	1886.1	1
9665194	9683824	1885.1	1
9683824	9690961	1886.1	1
9690961	9824357	1885.5	1
9824357	9841827	1890.5	0
9841827	9851236	1895.6	0
9851236	9862296	1917.0	0
9862296	9874655	1898.4	0
9874655	9887001	1905.2	0
9887001	9903235	1915.8	0
9903235	9915105	1905.2	0
9915105	9921458	1886.4	0
9921458	9939571	1902.8	0
9939571	9946107	1906.8	0
9946107	9965002	-1.0	0
9965002	9980777	-1.0	0
9980777	9990002	-1.0	0
9990002	9998526	1934.7	0
9998526	10011297	1891.8	0
10011297	10033205	1917.4	0
10033205	10038918	1925.0	0
10038918	10051602	1870.6	0
10051602	10064500	1914.0	0
10064500	10077976	1921.2	0
10077976	10093940	1880.4	0
10093940	10109973	1921.8	0
10109973	10122138	1923.2	0
10122138	10135288	1914.6	0
10135288	10143336	1906.2	0
10143336	10162639	1914.4	0
10162639	10168828	1922.6	0
10168828	10179757	1874.0	0
10179757	10192289	1925.8	0
10192289	10208732	1920.6	0
10208732	10220583	1856.2	0
10220583	10232753	1916.4	0
10232753	10244913	1892.4	0
10244913	10257273	1922.0	0
10257273	10275417	1945.4	0
10275417	10286738	-1.0	0
10286738	10294667	-1.0	0
10294667	10313177	-1.0	0
10313177	10325769	-1.0	0
10325769	10337928	1921.4	0
10337928	10350353	1909.6	0
10350353	10360268	1910.8	0
10360268	10374000	1908.0	0
10374000	10386594	1906.5	0
10386594	10399699	1905.0	0
10399699	10415101	1929.4	0
10415101	10428753	-1.0	0
10428753	10436229	-1.0	0
10436229	10449650	-1.0	0
10449650	10466214	1917.0	0
10466214	10481482	1915.0	0
10481482	10491076	1893.0	0
10491076	10509266	1906.2	0
10509266	10520379	1919.5	0
10520379	10532415	1923.0	0
10532415	10547972	1910.2	0
10547972	10559958	1912.8	0
10559958	10572257	1902.4	0
10572257	10580450	1916.8	0
10580450	10591334	1915.1	0
10591334	10611248	1915.5	0
10611248	10622310	1917.2	0
10622310	10635610	1916.8	0
10635610	10642317	1891.3	0
10642317	10654758	1865.8	0
10654758	10673567	1908.6	0
10673567	10685572	1910.4	0
10685572	10698223	1911.4	0
10698223	10710395	1912.6	0
10710395	10722898	1909.8	0
10722898	10737165	1917.1	0
10737165	10746869	1924.4	0
10746869	10759501	1934.1	0
10759501	10777733	1925.0	0
10777733	10791046	1935.9	0
10791046	10804284	1910.6	0
10804284	10815767	1919.8	0
10815767	10827813	1932.3	0
10827813	10833959	1923.9	0
10833959	10846249	1912.0	0
10846249	10864524	1870.8	0
10864524	10881228	1923.4	0
10881228	10888830	1920.2	0
10888830	10901431	1919.7	0
10901431	10914206	1920.3	0
10914206	10934776	1920.2	0
10934776	10946337	1922.9	0
10946337	10959007	1932.1	0
10959007	10971356	1921.8	0
10971356	10977518	1913.0	0
10977518	11000216	1929.0	0
11000216	11005895	1921.5	0
11005895	11024087	1912.2	0
11024087	11029710	1914.8	0
11029710	11047419	1919.6	0
11047419	11062669	1920.3	0
11062669	11074770	1922.3	0
11074770	11087345	1916.4	0
11087345	11098864	1909.4	0
11098864	11109511	1916.9	0
11109511	11121894	1921.2	0
11121894	11131936	1920.7	0
11131936	11149560	1920.1	0
11149560	11161813	1921.5	0
11161813	11177426	1920.9	0
11177426	11187974	1904.2	0
11187974	11203649	1907.0	0
11203649	11216325	1919.6	0
11216325	11229066	1881.0	0
11229066	11235778	1922.5	0
11235778	11255875	1918.2	0
11255875	11262057	1864.2	0
11262057	11274875	1908.2	0
11274875	11293775	1911.7	0
11293775	11305797	1915.2	0
11305797	11319697	1919.0	0
11319697	11327850	1918.9	0
11327850	11352952	1916.2	0
11352952	11364127	1916.6	0
11364127	11386313	1916.9	0
11386313	11395231	1913.8	0
11395231	11405114	1888.2	0
11405114	11417449	1856.2	0
11417449	11434767	1888.0	0
11434767	11450165	1919.8	0
11450165	11458385	1913.6	0
11458385	11470617	1911.0	0
11470617	11480932	1909.6	0
11480932	11498484	1916.4	0
11498484	11511535	1917.4	0
11511535	11523777	1909.8	0
11523777	11542448	1914.2	0
11542448	11547248	1866.2	0
11547248	11559376	1921.2	0
11559376	11579106	1920.5	0
11579106	11585155	1920.8	0
11585155	11603819	1908.2	0
11603819	11616217	1904.0	0
11616217	11626702	1924.7	0
11626702	11640742	1925.7	0
11640742	11651137	1921.7	0
11651137	11661084	1921.5	0
11661084	11679471	1921.8	0
11679471	11687676	1922.3	0
11687676	11708857	1920.3	0
11708857	11714703	1915.0	0
11714703	11727306	1916.0	0
11727306	11744983	1916.2	0
11744983	11751952	1914.4	0
11751952	11768512	1923.2	0
11768512	11783096	1923.6	0
11783096	11789752	1919.8	0
11789752	11802049	1916.3	0
11802049	11819413	1918.0	0
11819413	11836357	1923.4	0
11836357	11844710	1916.6	0
11844710	11855247	1915.8	0
11855247	11867953	1909.8	0
11867953	11879985	1913.8	0
11879985	11899177	1914.4	0
11899177	11910113	1918.8	0
11910113	11922608	1914.0	0
11922608	11929893	1905.2	0
11929893	11943258	1903.6	0
11943258	11963829	1914.8	0
11963829	11973889	1913.9	0
11973889	11991591	1913.0	0
11991591	11998717	1915.8	0
11998717	12010497	1915.5	0
12010497	12028028	1914.4	0
12028028	12038756	1913.0	0
12038756	12050172	1902.8	0
12050172	12067174	1911.6	0
12067174	12081087	1910.6	0
12081087	12092645	1910.6	0
12092645	12103929	1911.2	0
12103929	12118248	1912.6	0
12118248	12130635	1912.8	0
12130635	12143105	-1.0	0
12143105	12159005	-1.0	0
12159005	12166532	-1.0	0
12166532	12185305	1911.0	0
12185305	12195660	1918.4	0
12195660	12208327	1914.2	0
12208327	12219419	1918.4	0
12219419	12230207	1915.4	0
12230207	12243289	1911.6	0
12243289	12261745	1913.6	0
12261745	12275236	1906.2	0
12275236	12287822	1876.4	0
12287822	12297855	1856.2	0
12297855	12309712	1918.0	0
12309712	12326910	1916.0	0
12326910	12333810	1917.3	0
12333810	12351255	1911.8	0
12351255	12361948	1913.1	0
12361948	12374588	1914.4	0
12374588	12387216	1916.8	0
12387216	12404596	1907.6	0
12404596	12416985	1913.0	0
12416985	12426382	1912.0	0
12426382	12444191	1912.6	0
12444191	12457153	1914.8	0
12457153	12469469	1912.8	0
12469469	12482132	1910.8	0
12482132	12493412	1903.6	0
12493412	12504775	1910.8	0
12504775	12523680	1916.4	0
12523680	12531316	1915.4	0
12531316	12543641	1908.6	0
12543641	12556300	1915.6	0
12556300	12568510	1916.4	0
12568510	12580508	1911.4	0
12580508	12592564	1907.2	0
12592564	12611232	1912.2	0
12611232	12625074	1911.4	0
12625074	12631384	-1.0	0
12631384	12648741	-1.0	0
12648741	12656823	-1.0	0
12656823	12677894	1917.7	0
12677894	12691630	1903.5	0
12691630	12704850	1889.2	0
12704850	12711183	1899.4	0
12711183	12729426	1909.6	0
12729426	12739362	1911.0	0
12739362	12756058	1910.2	0
12756058	12761073	1905.4	0
12761073	12779657	1919.4	0
12779657	12792189	1911.4	0
12792189	12804509	1920.8	0
12804509	12820575	1916.3	0
12820575	12832326	1912.2	0
12832326	12844887	1910.8	0
12844887	12852657	1911.6	0
12852657	12874558	1918.0	0
12874558	12879326	1917.6	0
12879326	12898008	1916.6	0
12898008	12904247	1919.0	0
12904247	12917504	1908.0	0
12917504	12934254	1925.8	0
12934254	12948476	1919.7	0
12948476	12960817	1910.0	0
12960817	12968331	1916.2	0
12968331	12980314	1916.2	0
12980314	12996071	1915.4	0
12996071	13007618	1916.3	0
13007618	13020100	1915.4	0
13020100	13031950	1913.6	0
13031950	13051342	1915.8	0
13051342	13061742	1917.2	0
13061742	13071651	1911.6	0
13071651	13089400	1915.4	0
13089400	13096474	1920.0	0
13096474	13109470	1894.0	0
13109470	13130922	1904.2	0
13130922	13140127	1914.4	0
13140127	13152549	1914.7	0
13152549	13168640	1911.0	0
13168640	13174708	1918.6	0
13174708	13190398	1913.0	0
13190398	13204346	1916.6	0
13204346	13212157	1914.6	0
13212157	13224293	1919.3	0
13224293	13241950	1916.4	0
13241950	13259031	1919.3	0
13259031	13266972	1924.4	0
13266972	13284624	1922.0	0
13284624	13296360	1921.1	0
13296360	13309153	1926.9	0
13309153	13327310	1924.5	0
13327310	13333312	1928.5	0
13333312	13345133	1932.5	0
13345133	13362421	1921.0	0
13362421	13375798	1935.1	0
13375798	13386564	1916.8	0
13386564	13396843	1925.0	0
13396843	13413807	1924.8	0
13413807	13425616	1925.2	0
13425616	13437727	1926.0	0
13437727	13451985	1924.7	0
13451985	13466472	1920.5	0
13466472	13471308	1925.8	0
13471308	13489066	1926.6	0
13489066	13496286	1926.3	0
13496286	13517497	1869.4	0
13517497	13529880	1954.2	0
13529880	13721555	1934.5	0
13721555	13732423	1884.0	1
13732423	13743905	1887.2	1
13743905	13758404	1888.8	1
13758404	13765666	1887.4	1
13765666	13783444	1888.6	1
13783444	13791253	1887.8	1
13791253	13812118	1888.2	1
13812118	13820218	1889.4	1
13820218	13832520	1887.0	1
13832520	13844772	1886.8	1
13844772	13859528	1884.8	1
13859528	13875962	1890.4	1
13875962	13888494	1887.8	1
13888494	13894651	1890.0	1
13894651	13907169	1889.0	1
13907169	13925453	1890.8	1
13925453	13941258	1889.4	1
13941258	13950505	1891.0	1
13950505	13962068	1885.6	1
13962068	13970096	1891.4	1
13970096	13986856	1890.6	1
13986856	14000336	1893.4	1
14000336	14013542	1894.4	1
14013542	14019096	1892.0	1
14019096	14036490	1887.4	1
14036490	14048932	1886.8	1
14048932	14067553	1892.0	1
14067553	14079894	1890.4	1
14079894	14092349	1893.8	1
14092349	14100345	1893.0	1
14100345	14110978	1894.0	1
14110978	14133805	1894.2	1
14133805	14140421	1894.0	1
14140421	14156228	1894.6	1
14156228	14168448	1895.2	1
14168448	14176117	1891.8	1
14176117	14198226	1893.0	1
14198226	14210156	1885.6	1
14210156	14222669	1886.3	1
14222669	14235112	1887.4	1
14235112	14241258	1891.2	1
14241258	14257425	1890.8	1
14257425	14273108	1891.4	1
14273108	14279478	1890.2	1
14279478	14295417	1888.0	1
14295417	14304417	1889.2	1
14304417	14323559	1886.0	1
14323559	14335921	1884.8	1
14335921	14348036	1887.0	1
14348036	14362264	1886.6	1
14362264	14372133	1889.2	1
14372133	14391941	1884.6	1
14391941	14402279	1883.9	1
14402279	14411883	1885.4	1
14411883	14426704	1888.6	1
14426704	14439665	1890.8	1
14439665	14451107	1888.6	1
14451107	14464946	1887.4	1
14464946	14475175	1891.0	1
14475175	14488143	1890.6	1
14488143	14502128	1890.6	1
14502128	14522398	1890.4	1
14522398	14535205	1890.6	1
14535205	14546276	1890.4	1
14546276	14553394	1887.2	1
14553394	14565500	1890.4	1
14565500	14582202	1883.4	1
14582202	14591580	1892.0	1
14591580	14608391	1887.6	1
14608391	14615981	1895.4	1
14615981	14633153	1893.8	1
14633153	14645714	1892.6	1
14645714	14658229	1894.4	1
14658229	14670596	1891.6	1
14670596	14682911	1892.4	1
14682911	14698818	1892.6	1
14698818	14712514	1892.0	1
14712514	14726715	1893.2	1
14726715	14739389	1893.2	1
14739389	14751890	1894.4	1
14751890	14763860	1893.4	1
14763860	14781412	1893.4	1
14781412	14785836	1894.2	1
14785836	14801868	1896.0	1
14801868	14810809	1893.4	1
14810809	14827072	1893.0	1
14827072	14841375	1892.2	1
14841375	14856891	1892.8	1
14856891	14863017	1894.0	1
14863017	14880617	1893.4	1
14880617	14887430	1895.0	1
14887430	14905446	1896.0	1
14905446	14918297	1895.6	1
14918297	14928013	1894.2	1
14928013	14942364	1895.0	1
14942364	14954797	1889.6	1
14954797	14977487	1891.4	1
14977487	14996788	1895.4	1
14996788	15009859	1895.6	1
15009859	15020943	1894.8	1
15020943	15034057	1896.0	1
15034057	15042337	1894.4	1
15042337	15053670	1893.0	1
15053670	15071670	1893.2	1
15071670	15083240	1894.8	1
15083240	15094735	1892.8	1
15094735	15105891	1895.8	1
15105891	15124360	1895.8	1
15124360	15131636	1896.4	1
15131636	15148204	1895.2	1
15148204	15160407	1894.6	1
15160407	15171382	1894.4	1
15171382	15190220	1894.4	1
15190220	15196301	1895.4	1
15196301	15208238	1892.2	1
15208238	15225265	1896.4	1
15225265	15240225	1896.0	1
15240225	15252072	1893.4	1
15252072	15259402	1894.2	1
15259402	15271878	1895.2	1
15271878	15289156	1896.0	1
15289156	15305454	1895.8	1
15305454	15320355	1894.6	1
15320355	15331609	1897.2	1
15331609	15342244	1891.4	1
15342244	15356463	1894.8	1
15356463	15364908	1894.8	1
15364908	15382903	1891.6	1
15382903	15388082	1894.0	1
15388082	15407248	1894.6	1
15407248	15419777	1894.4	1
15419777	15432824	1890.8	1
15432824	15447030	1891.4	1
15447030	15454429	1890.0	1
15454429	15466228	1892.6	1
15466228	15488280	1893.0	1
15488280	15494055	1892.8	1
15494055	15506100	1893.8	1
15506100	15518605	1888.6	1
15518605	15531351	1891.6	1
15531351	15547085	1890.4	1
15547085	15556215	1887.4	1
15556215	15568427	1886.4	1
15568427	15586195	1886.0	1
15586195	15592963	1888.4	1
15592963	15614574	1892.0	1
15614574	15623749	1891.4	1
15623749	15635808	1890.2	1
15635808	15647290	1887.2	1
15647290	15657541	1885.4	1
15657541	15679389	1888.2	1
15679389	15694253	1890.2	1
15694253	15705378	1886.6	1
15705378	15717929	1886.4	1
15717929	15724251	1891.4	1
15724251	15743764	1890.4	1
15743764	15755808	1891.4	1
15755808	15768085	1888.8	1
15768085	15777412	1889.0	1
15777412	15790057	1888.0	1
15790057	15807178	1887.0	1
15807178	15817560	1887.2	1
15817560	15829666	1885.4	1
15829666	15845738	1890.4	1
15845738	15859756	1889.6	1
15859756	15872563	1890.2	1
15872563	15881153	1890.6	1
15881153	15892254	1888.2	1
15892254	15902947	1888.9	1
15902947	15915193	1890.8	1
15915193	15935544	1890.8	1
15935544	15947569	1889.4	1
15947569	15962186	1888.4	1
15962186	15972088	1887.4	1
15972088	15984462	1889.8	1
15984462	16000892	1888.2	1
16000892	16012335	1890.6	1
16012335	16025606	1890.0	1
16025606	16038308	1888.6	1
16038308	16044439	1886.2	1
16044439	16068221	1887.4	1
16068221	16072919	1883.1	1
16072919	16087575	1887.4	1
16087575	16096050	1889.2	1
16096050	16114227	1886.8	1
16114227	16129668	1886.4	1
16129668	16137101	1888.6	1
16137101	16149252	1887.4	1
16149252	16163494	1889.0	1
16163494	16179646	1890.8	1
16179646	16193064	1888.6	1
16193064	16204877	1888.0	1
16204877	16211273	1884.1	1
16211273	16223118	1888.2	1
16223118	16235538	1886.0	1
16235538	16254745	1888.6	1
16254745	16269133	1884.8	1
16269133	16276162	1885.6	1
16276162	16294945	1885.6	1
16294945	16306483	1885.0	1
16306483	16318638	1886.4	1
16318638	16331110	1885.6	1
16331110	16343375	1884.6	1
16343375	16360849	1887.2	1
16360849	16370901	1886.8	1
16370901	16387544	1888.4	1
16387544	16398265	1889.0	1
16398265	16411036	1888.0	1
16411036	16423812	1885.0	1
16423812	16430932	1886.6	1
16430932	16446714	1886.8	1
16446714	16463942	1887.8	1
16463942	16470797	1892.6	1
16470797	16486960	1890.0	1
16486960	16495607	1888.4	1
16495607	16513044	1889.8	1
16513044	16527640	1891.2	1
16527640	16540273	1889.4	1
16540273	16546505	1884.4	1
16546505	16559133	1887.2	1
16559133	16582409	1886.2	1
16582409	16593774	1886.0	1
16593774	16601571	1890.0	1
16601571	16619308	1888.4	1
16619308	16630896	1889.0	1
16630896	16644914	1888.6	1
16644914	16651741	1887.8	1
16651741	16663959	1884.6	1
16663959	16676609	1883.3	1
16676609	16688845	1881.8	1
16688845	16707182	1886.6	1
16707182	16713345	1888.6	1
16713345	16725594	1891.0	1
16725594	16737404	1889.8	1
16737404	16749443	1887.4	1
16749443	16771174	1888.2	1
16771174	16786511	1887.8	1
16786511	16799566	1890.8	1
16799566	16805149	1887.6	1
16805149	16821030	1885.4	1
16821030	16836361	1886.4	1
16836361	16848995	1891.6	1
16848995	16861476	1892.6	1
16861476	16873796	1891.8	1
16873796	16880154	1890.6	1
16880154	16902554	1892.6	1
16902554	16914923	1941.7	1
16914923	16927707	1925.8	1
16927707	16934159	1913.8	1
16934159	16953160	1911.0	1
16953160	16972734	1908.4	1
16972734	16986457	1909.6	1
16986457	16997064	1903.0	1
16997064	17009648	1905.4	1
17009648	17028536	1903.0	1
17028536	17037537	1902.2	1
17037537	17053231	1903.6	1
17053231	17059358	1901.0	1
17059358	17072076	1900.6	1
17072076	17091005	1900.8	1
17091005	17097222	1899.4	1
17097222	17115014	1898.4	1
17115014	17160688	1897.6	1
17160688	17174881	1897.4	0
17174881	17180602	1897.2	0
17180602	17192771	1911.6	0
17192771	17212936	1911.8	0
17212936	17224986	1908.0	0
17224986	17241808	1907.4	0
17241808	17249701	1911.0	0
17249701	17267101	1913.0	0
17267101	17285388	1906.2	0
17285388	17297376	1914.2	0
17297376	17303597	1908.0	0
17303597	17319684	1910.2	0
17319684	17331960	1895.0	0
17331960	17341037	1916.0	0
17341037	17358627	1904.4	0
17358627	17370995	1908.0	0
17370995	17383566	1904.6	0
17383566	17389856	1912.8	0
17389856	17410644	1902.0	0
17410644	17420701	1910.8	0
17420701	17431805	1914.2	0
17431805	17444201	1905.2	0
17444201	17456261	1918.0	0
17456261	17472585	1890.2	0
17472585	17492753	1900.0	0
17492753	17499040	1907.1	0
17499040	17511772	1914.2	0
17511772	17528339	1904.0	0
17528339	17541352	1915.0	0
17541352	17555476	1911.6	0
17555476	17563476	1913.5	0
17563476	17582140	1915.4	0
17582140	17588666	1901.6	0
17588666	17605300	1887.8	0
17605300	17623290	1911.0	0
17623290	17629297	-1.0	0
17629297	17641838	-1.0	0
17641838	17655489	-1.0	0
17655489	17670416	1903.8	0
17670416	17680273	1902.0	0
17680273	17698747	1905.8	0
17698747	17704890	1893.4	0
17704890	17723484	1897.6	0
17723484	17735715	1901.8	0
17735715	17744027	1891.2	0
17744027	17756376	1917.8	0
17756376	17770085	1913.2	0
17770085	17779647	1912.4	0
17779647	17801764	1907.0	0
17801764	17809335	1915.2	0
17809335	17821303	1918.4	0
17821303	17839535	1916.7	0
17839535	17845759	1914.8	0
17845759	17862282	1922.8	0
17862282	17876878	1915.6	0
17876878	17883266	1918.7	0
17883266	17895269	1921.7	0
17895269	17907421	1922.5	0
17907421	17930714	1922.7	0
17930714	17942454	1918.3	0
17942454	17950363	1915.4	0
17950363	17960955	1918.5	0
17960955	17977417	1918.3	0
17977417	17993350	1918.2	0
17993350	18005970	1916.4	0
18005970	18018769	1916.2	0
18018769	18030878	1917.6	0
18030878	18039422	1917.4	0
18039422	18055861	1921.0	0
18055861	18071165	1915.0	0
18071165	18082300	1915.3	0
18082300	18094940	1916.8	0
18094940	18103378	1913.6	0
18103378	18120001	1913.6	0
18120001	18130355	1915.4	0
18130355	18142474	1913.6	0
18142474	18160219	1914.6	0
18160219	18167947	1913.6	0
18167947	18186895	1911.8	0
18186895	18199360	1914.4	0
18199360	18205762	1910.2	0
18205762	18217995	1917.2	0
18217995	18236870	1914.6	0
18236870	18248083	1909.8	0
18248083	18254686	1916.4	0
18254686	18272740	1916.3	0
18272740	18278620	1914.6	0
18278620	18290803	1914.4	0
18290803	18309369	1856.2	0
18309369	18328220	1902.8	0
18328220	18334256	1917.5	0
18334256	18352430	1911.8	0
18352430	18365514	1914.6	0
18365514	18379963	1919.2	0
18379963	18386234	1913.8	0
18386234	18401216	1911.2	0
18401216	18413323	1914.4	0
18413323	18425939	1913.6	0
18425939	18447323	1919.4	0
18447323	18460202	1913.8	0
18460202	18471526	1912.0	0
18471526	18478998	1893.4	0
18478998	18490576	1911.8	0
18490576	18506293	1918.6	0
18506293	18515713	1915.2	0
18515713	18533878	1913.4	0
18533878	18540196	1912.2	0
18540196	18552469	1913.6	0
18552469	18573386	1915.0	0
18573386	18587172	1915.0	0
18587172	18594709	1912.0	0
18594709	18611762	1913.0	0
18611762	18620109	1903.6	0
18620109	18636709	1894.2	0
18636709	18647000	1916.6	0
18647000	18665804	1915.1	0
18665804	18672023	1912.8	0
18672023	18690099	1903.2	0
18690099	18695863	1915.6	0
18695863	18703111	1906.6	0
18703111	18720694	1895.4	0
18720694	18727969	1910.8	0
18727969	18746907	1912.0	0
18746907	18753123	1907.0	0
18753123	18771595	1911.8	0
18771595	18777745	1912.0	0
18777745	18795050	1912.0	0
18795050	18809578	1910.4	0
18809578	18822399	1898.6	0
18822399	18836414	1904.2	0
18836414	18843627	-1.0	0
18843627	18861492	-1.0	0
18861492	18874155	-1.0	0
18874155	18886134	1912.8	0
18886134	18898750	1915.6	0
18898750	18917018	1913.4	0
18917018	18923781	1919.8	0
18923781	18938196	1923.9	0
18938196	18947632	1914.2	0
18947632	18965658	1916.0	0
18965658	18971624	1941.3	0
18971624	18989907	1921.6	0
18989907	19007825	1894.4	0
19007825	19013064	1925.4	0
19013064	19024756	1932.5	0
19024756	19040388	1932.7	0
19040388	19048459	1932.1	0
19048459	19067815	1937.9	0
19067815	19081541	1922.6	0
19081541	19093883	1938.7	0
19093883	19100158	1906.8	0
19100158	19112378	1915.4	0
19112378	19128042	1924.0	0
19128042	19142650	1930.3	0
19142650	19150615	1934.5	0
19150615	19163417	1924.5	0
19163417	19180160	1931.7	0
19180160	19194345	1925.7	0
19194345	19204864	1921.4	0
19204864	19217965	1924.8	0
19217965	19225276	1916.2	0
19225276	19242132	1923.3	0
19242132	19263398	1921.8	0
19263398	19268827	1921.8	0
19268827	19281687	1901.6	0
19281687	19299252	1922.3	0
19299252	19311150	1928.0	0
19311150	19321066	1918.2	0
19321066	19333954	1918.8	0
19333954	19350826	1920.3	0
19350826	19361383	1916.0	0
19361383	19372647	1915.8	0
19372647	19385025	1921.6	0
19385025	19401460	1916.4	0
19401460	19407116	1916.5	0
19407116	19424892	1917.3	0
19424892	19437000	1917.9	0
19437000	19450017	1915.8	0
19450017	19463580	1918.8	0
19463580	19475334	1923.7	0
19475334	19487847	1922.1	0
19487847	19495495	1892.2	0
19495495	19515931	1891.8	0
19515931	19523633	1907.0	0
19523633	19535656	1921.0	0
19535656	19547644	1918.4	0
19547644	19559906	1923.3	0
19559906	19577394	1919.5	0
19577394	19591952	1922.8	0
19591952	19598058	1920.2	0
19598058	19615979	1919.6	0
19615979	19622264	1917.4	0
19622264	19641604	1917.6	0
19641604	19657206	1894.8	0
19657206	19669834	1912.6	0
19669834	19682230	1890.0	0
19682230	19690035	1898.0	0
19690035	19702026	1922.4	0
19702026	19718966	1902.2	0
19718966	19726525	1904.2	0
19726525	19745116	1907.4	0
19745116	19759784	1909.0	0
19759784	19772137	1906.6	0
19772137	19783273	1904.2	0
19783273	19795534	1911.8	0
19795534	19808256	1909.2	0
19808256	19820437	1903.2	0
19820437	19838148	1897.2	0
19838148	19854324	1896.6	0
19854324	19866931	1906.8	0
19866931	19874104	1917.1	0
19874104	19891387	1917.5	0
19891387	19908595	1911.8	0
19908595	19914898	1920.5	0
19914898	19933798	1914.8	0
19933798	19939465	-1.0	0
19939465	19951065	-1.0	0
19951065	19972200	-1.0	0
19972200	19979876	1912.4	0
19979876	19997162	1907.4	0
19997162	20005719	1911.4	0
20005719	20024324	1909.4	0
20024324	20039741	1912.2	0
20039741	20052804	1887.4	0
20052804	20059544	1919.0	0
20059544	20071400	1909.4	0
20071400	20085008	1905.6	0
20085008	20102660	1904.6	0
20102660	20109872	1900.3	0
20109872	99999999	1896.0	0
