#Processing Run 48350 for polarization tables
#The run table thinks this was a DPERPL2 run
#Corresponding AMO file is :/home/clasg8/rootbeer2.1/dat/pol/amo_tesc_48308.dat
#Coherent Edge positions for TESC events follow:
#Event	Coh Edge	PolPlane(PARA=0,PERP=1,AMO=2,CHANGING=3)
0	9812	2095.7	1
9812	40778	2095.7	1
40778	56234	2095.7	1
56234	79734	2095.9	1
79734	93838	2095.7	1
93838	114361	2095.5	1
114361	127543	2095.7	1
127543	134605	2095.9	1
134605	154733	2096.1	1
154733	162930	2096.1	1
162930	186434	2096.1	1
186434	194612	2095.3	1
194612	208581	2095.5	1
208581	218465	2095.9	1
218465	235671	2095.9	1
235671	255860	2095.9	1
255860	263550	2095.9	1
263550	275960	2096.1	1
275960	288950	2095.9	1
288950	301839	2095.7	1
301839	320024	2095.7	1
320024	332725	2095.5	1
332725	352976	2095.7	1
352976	362273	2095.9	1
362273	375736	2095.9	1
375736	396078	2095.9	1
396078	403951	2095.7	1
403951	417286	2095.5	1
417286	431813	2095.5	1
431813	443083	2095.7	1
443083	456587	2095.7	1
456587	476900	2095.9	1
476900	484410	2096.1	1
484410	503602	2096.1	1
503602	511071	2095.9	1
511071	529657	2095.7	1
529657	540965	2096.3	1
540965	555800	2095.9	1
555800	566549	2096.3	1
566549	586431	2096.3	1
586431	600210	2095.9	1
600210	615736	2096.5	1
615736	624762	2096.1	1
624762	638281	2096.1	1
638281	655110	2096.3	1
655110	670525	2096.1	1
670525	679528	2095.9	1
679528	695824	2095.7	1
695824	709401	2095.7	1
709401	726076	2095.7	1
726076	744484	2095.9	1
744484	755545	2095.9	1
755545	768185	2096.3	1
768185	779002	2095.9	1
779002	813614	2096.3	1
813614	821523	2095.9	1
821523	834604	2095.7	1
834604	852530	2095.7	1
852530	860938	2095.7	1
860938	881330	2095.9	1
881330	898084	2095.7	1
898084	904649	2095.7	1
904649	922196	2095.9	1
922196	937195	2096.1	1
937195	951188	2095.9	1
951188	980494	2096.3	1
980494	993615	2095.9	1
993615	1002696	2095.9	1
1002696	1020073	2095.9	1
1020073	1030782	2096.1	1
1030782	1051126	2095.7	1
1051126	1063464	2095.9	1
1063464	1077007	2096.1	1
1077007	1094101	2096.1	1
1094101	1102850	2096.1	1
1102850	1117461	2095.9	1
1117461	1128749	2096.1	1
1128749	1143035	2096.1	1
1143035	1163740	2095.7	1
1163740	1174114	2095.7	1
1174114	1188554	2095.5	1
1188554	1196701	2095.5	1
1196701	1215296	2095.7	1
1215296	1229491	2096.3	1
1229491	1252411	2095.9	1
1252411	1266519	2095.9	1
1266519	1281625	2095.7	1
1281625	1298025	2095.9	1
1298025	1311515	2096.1	1
1311515	1324961	2096.1	1
1324961	1341940	2095.9	1
1341940	1351814	2095.9	1
1351814	1370504	2095.9	1
1370504	1378824	2096.1	1
1378824	1392430	2096.1	1
1392430	1406003	2096.1	1
1406003	1426239	2095.5	1
1426239	1437071	2095.9	1
1437071	1451231	2133.8	1
1451231	1468235	2129.0	1
1468235	1478025	2123.1	1
1478025	1490441	2117.6	1
1490441	1503477	2116.0	1
1503477	1519502	2113.6	1
1519502	1535597	2109.5	1
1535597	1550800	2107.7	1
1550800	1563331	2106.5	1
1563331	1608327	2105.3	1
1608327	1617280	2099.9	1
1617280	1630723	2099.7	1
1630723	1649944	2098.3	1
1649944	1657665	2097.9	1
1657665	1677692	2097.9	1
1677692	1686959	2097.9	1
1686959	1700496	2097.9	1
1700496	1715891	2097.3	1
1715891	1732368	2097.3	1
1732368	1751458	2096.9	1
1751458	1758226	2096.7	1
1758226	1775301	2096.5	1
1775301	1788741	2096.7	1
1788741	1798619	2096.3	1
1798619	1820561	2096.3	1
1820561	1831791	2096.1	1
1831791	1845899	2096.7	1
1845899	1858480	2096.9	1
1858480	1867866	2097.3	1
1867866	1892526	2097.1	1
1892526	1903957	2090.4	1
1903957	1913211	2091.0	1
1913211	1924729	2095.5	1
1924729	1938350	2099.5	1
1938350	1959472	2098.7	1
1959472	1966279	2098.5	1
1966279	1979992	2097.7	1
1979992	1992925	2098.5	1
1992925	2012843	2097.9	1
2012843	2030438	2097.5	1
2030438	2038672	2097.7	1
2038672	2054053	2098.1	1
2054053	2062867	2096.9	1
2062867	2081296	2095.5	1
2081296	2095176	2096.5	1
2095176	2107752	2095.9	1
2107752	2124619	2098.7	1
2124619	2134734	2098.7	1
2134734	2151758	2098.7	1
2151758	2168871	2098.1	1
2168871	2175391	2096.3	1
2175391	2195636	2097.9	1
2195636	2209050	2097.5	1
2209050	2218113	2095.1	1
2218113	2238130	2097.3	1
2238130	2250032	2097.3	1
2250032	2263496	2095.7	1
2263496	2273523	2099.3	1
2273523	2287725	2094.9	1
2287725	2308730	2094.9	1
2308730	2315893	2103.5	1
2315893	2334359	2100.3	1
2334359	2349275	2099.9	1
2349275	2362896	2099.3	1
2362896	2376596	2099.3	1
2376596	2389840	2097.5	1
2389840	2402799	2095.9	1
2402799	2416331	2095.5	1
2416331	2425543	2099.7	1
2425543	2443435	2095.9	1
2443435	2460687	2098.1	1
2460687	2483900	2095.7	1
2483900	2497240	2097.1	1
2497240	2530389	2098.3	1
2530389	2543461	2098.5	1
2543461	2550708	2099.1	1
2550708	2565446	2098.7	1
2565446	2584116	2098.3	1
2584116	2596513	2097.9	1
2596513	2611876	2098.1	1
2611876	2621794	2098.5	1
2621794	2636206	2098.1	1
2636206	2651193	2097.7	1
2651193	2664363	2097.7	1
2664363	2677952	2097.3	1
2677952	2697962	2096.7	1
2697962	2712008	2096.3	1
2712008	2725474	2095.9	1
2725474	2742489	2095.3	1
2742489	2752284	2095.5	1
2752284	2765699	2095.3	1
2765699	2792626	2095.1	1
2792626	2811471	2095.3	1
2811471	2825372	2095.3	1
2825372	2836002	2095.5	1
2836002	2849829	2095.3	1
2849829	2864146	2095.1	1
2864146	2879858	2095.3	1
2879858	2886561	2095.5	1
2886561	2906111	2095.3	1
2906111	2916432	2095.5	1
2916432	2933643	2095.7	1
2933643	2948599	2095.3	1
2948599	2959241	2095.3	1
2959241	2973141	2095.5	1
2973141	2985776	2095.7	1
2985776	3001755	2095.1	1
3001755	3018463	2095.5	1
3018463	3028421	2095.3	1
3028421	3041893	2095.5	1
3041893	3055635	2095.3	1
3055635	3076864	2095.3	1
3076864	3085881	2095.1	1
3085881	3098682	2095.1	1
3098682	3112046	2095.5	1
3112046	3130500	2094.9	1
3130500	3144032	2095.1	1
3144032	3157673	2095.3	1
3157673	3174513	2095.3	1
3174513	3184728	2094.9	1
3184728	3197999	2095.3	1
3197999	3213891	2095.5	1
3213891	3231721	2095.3	1
3231721	3238862	2095.3	1
3238862	3258140	2095.3	1
3258140	3271950	2095.3	1
3271950	3286026	2095.3	1
3286026	3299954	2095.3	1
3299954	3311173	2095.3	1
3311173	3323348	2095.5	1
3323348	3339942	2095.5	1
3339942	3360409	2095.3	1
3360409	3365849	2095.3	1
3365849	3379378	2094.9	1
3379378	3393861	2094.9	1
3393861	3407107	2095.1	1
3407107	3425677	2095.3	1
3425677	3440581	2095.3	1
3440581	3447703	2095.3	1
3447703	3460967	2095.3	1
3460967	3474181	2095.5	1
3474181	3497394	2095.5	1
3497394	3504870	2095.5	1
3504870	3521965	2095.3	1
3521965	3536273	2095.1	1
3536273	3549693	2095.5	1
3549693	3565189	2095.3	1
3565189	3579965	2095.9	1
3579965	3593003	2094.9	1
3593003	3606338	2095.1	1
3606338	3618639	2095.1	1
3618639	3636571	2095.3	1
3636571	3648738	2094.9	1
3648738	3663535	2095.3	1
3663535	3672182	2095.1	1
3672182	3685673	2095.1	1
3685673	3704001	2095.5	1
3704001	3718226	2094.9	1
3718226	3734373	2095.1	1
3734373	3743211	2095.1	1
3743211	3757596	2094.9	1
3757596	3777888	2094.7	1
3777888	3784640	2095.1	1
3784640	3798221	2094.9	1
3798221	3811705	2095.1	1
3811705	3830591	2094.9	1
3830591	3845133	2094.7	1
3845133	3855810	2095.1	1
3855810	3871459	2095.1	1
3871459	3883462	2095.3	1
3883462	3899209	2095.3	1
3899209	3917554	2095.3	1
3917554	3930473	2095.3	1
3930473	3938686	2095.1	1
3938686	3951579	2095.1	1
3951579	3967664	2095.1	1
3967664	3989091	2095.1	1
3989091	3998936	2095.5	1
3998936	4012948	2095.5	1
4012948	4026340	2095.3	1
4026340	4035903	2095.1	1
4035903	4058900	2094.7	1
4058900	4067785	2094.7	1
4067785	4083672	2095.1	1
4083672	4093975	2095.7	1
4093975	4105557	2095.5	1
4105557	4123320	2095.1	1
4123320	4133197	2095.5	1
4133197	4147309	2095.1	1
4147309	4165920	2094.7	1
4165920	4179290	2094.9	1
4179290	4193477	2095.5	1
4193477	4203345	2094.9	1
4203345	4217346	2095.1	1
4217346	4234932	2095.1	1
4234932	4247558	2095.1	1
4247558	4274283	2095.3	1
4274283	4287169	2095.3	1
4287169	4301294	2094.9	1
4301294	4314184	2094.9	1
4314184	4332886	2095.1	1
4332886	4344143	2095.1	1
4344143	4361878	2095.3	1
4361878	4374580	2095.1	1
4374580	4381769	2095.1	1
4381769	4402168	2095.3	1
4402168	4413454	2095.1	1
4413454	4454588	2094.9	1
4454588	4469891	2094.9	1
4469891	4483041	2094.7	1
4483041	4503371	2094.9	1
4503371	4508426	2094.7	1
4508426	4529167	2094.7	1
4529167	4543373	2095.1	1
4543373	4552844	2095.1	1
4552844	4566435	2094.9	1
4566435	4581898	2094.9	1
4581898	4597786	2094.9	1
4597786	4611644	2095.1	1
4611644	4624753	2095.1	1
4624753	4638236	2095.1	1
4638236	4651127	2094.9	1
4651127	4666632	2094.9	1
4666632	4682799	2094.7	1
4682799	4694741	2094.9	1
4694741	4712182	2094.9	1
4712182	4720418	2094.9	1
4720418	4758276	2094.9	1
4758276	4764457	2094.9	1
4764457	4777571	2095.3	1
4777571	4793501	2094.9	1
4793501	4804991	2094.9	1
4804991	4826509	2095.1	1
4826509	4833991	2095.1	1
4833991	4847672	2095.1	1
4847672	4860170	2095.3	1
4860170	4874597	2094.9	1
4874597	4885855	2094.9	1
4885855	4899618	2125.7	1
4899618	4908344	2121.5	1
4908344	4929964	2117.2	1
4929964	4942581	2113.6	1
4942581	4956910	2109.3	1
4956910	4970065	2108.1	1
4970065	4983573	2106.5	1
4983573	5003240	2105.5	1
5003240	5011209	2103.9	1
5011209	5022389	2103.7	1
5022389	5037942	2099.9	1
5037942	5051041	2099.3	1
5051041	5071607	2098.5	1
5071607	5077622	2097.9	1
5077622	5108272	2097.9	1
5108272	5118075	2096.9	1
5118075	5137048	2096.7	1
5137048	5153497	2096.7	1
5153497	5165130	2096.3	1
5165130	5173832	2095.9	1
5173832	5186482	2095.7	1
5186482	5205375	2095.5	1
5205375	5219569	2095.5	1
5219569	5229961	2095.5	1
5229961	5244211	2095.3	1
5244211	5260281	2095.5	1
5260281	5276867	2095.5	1
5276867	5291005	2095.1	1
5291005	5299497	2095.5	1
5299497	5312958	2095.1	1
5312958	5326468	2095.5	1
5326468	5344647	2095.3	1
5344647	5357542	2095.1	1
5357542	5370843	2095.3	1
5370843	5380567	2095.1	1
5380567	5396323	2094.9	1
5396323	5414061	2095.1	1
5414061	5432378	2095.1	1
5432378	5444063	2094.9	1
5444063	5454819	2095.1	1
5454819	5468466	2094.9	1
5468466	5499033	2095.1	1
5499033	5509448	2094.5	1
5509448	5523494	2094.9	1
5523494	5542609	2095.3	1
5542609	5581449	2094.9	1
5581449	5596939	2095.1	1
5596939	5612847	2095.1	1
5612847	5628942	2095.1	1
5628942	5643331	2095.1	1
5643331	5650809	2095.3	1
5650809	5669005	2095.3	1
5669005	5677779	2095.3	1
5677779	5699355	2095.3	1
5699355	5707658	2095.1	1
5707658	5725046	2095.1	1
5725046	5735514	2094.7	1
5735514	5751862	2094.9	1
5751862	5772192	2095.1	1
5772192	5778907	2094.9	1
5778907	5797235	2095.7	1
5797235	5810137	2095.5	1
5810137	5819684	2095.1	1
5819684	5841902	2095.1	1
5841902	5849423	2094.7	1
5849423	5865985	2094.9	1
5865985	5893540	2094.7	1
5893540	5907985	2094.7	1
5907985	5918817	2095.1	1
5918817	5936801	2095.3	1
5936801	5950725	2095.1	1
5950725	5966798	2095.1	1
5966798	5979852	2095.1	1
5979852	5994672	2095.1	1
5994672	6007186	2094.7	1
6007186	6016155	2095.1	1
6016155	6029806	2095.1	1
6029806	6048581	2094.9	1
6048581	6063938	2094.9	1
6063938	6075185	2094.9	1
6075185	6087725	2094.9	1
6087725	6105559	2094.9	1
6105559	6122441	2095.1	1
6122441	6133260	2094.7	1
6133260	6151724	2094.9	1
6151724	6165202	2094.7	1
6165202	6205916	2095.1	1
6205916	6218067	2095.1	1
6218067	6233146	2094.9	1
6233146	6260469	2094.9	1
6260469	6273071	2095.1	1
6273071	6287540	2094.7	1
6287540	6298751	2094.7	1
6298751	6312947	2095.1	1
6312947	6334974	2094.9	1
6334974	6341770	2095.1	1
6341770	6356465	2095.1	1
6356465	6368875	2094.9	1
6368875	6382124	2095.1	1
6382124	6402462	2095.1	1
6402462	6415964	2095.1	1
6415964	6426758	2094.7	1
6426758	6443077	2094.9	1
6443077	6455728	2094.9	1
6455728	6472455	2094.9	1
6472455	6483678	2095.1	1
6483678	x	2094.9	1
6487351	99999999	2095.1	1
