#Processing Run 48340 for polarization tables
#The run table thinks this was a DPERPL2 run
#Corresponding AMO file is :/home/clasg8/rootbeer2.1/dat/pol/amo_tesc_48308.dat
#Coherent Edge positions for TESC events follow:
#Event	Coh Edge	PolPlane(PARA=0,PERP=1,AMO=2,CHANGING=3)
0	248	2103.1	1
248	7002	2103.1	1
7002	28100	2100.3	1
28100	40590	2103.1	1
40590	47550	2100.3	1
47550	61943	2100.3	1
61943	74002	2103.5	1
74002	101277	2100.3	1
101277	107995	2103.5	1
107995	121268	2103.5	1
121268	139286	2103.3	1
139286	148507	2103.1	1
148507	167754	2103.5	1
167754	182779	2103.3	1
182779	192214	2103.1	1
192214	207932	2103.1	1
207932	223407	2103.5	1
223407	239294	2103.1	1
239294	253758	2103.1	1
253758	271054	2103.1	1
271054	284567	2103.3	1
284567	308425	2103.7	1
308425	319172	2103.3	1
319172	339137	2102.9	1
339137	352625	2103.1	1
352625	361880	2103.3	1
361880	379148	2103.7	1
379148	392026	2103.9	1
392026	407123	2103.3	1
407123	419490	2103.5	1
419490	435031	2103.7	1
435031	453669	2103.5	1
453669	461278	2103.9	1
461278	481149	2103.9	1
481149	487969	2104.1	1
487969	501485	2104.1	1
501485	519315	2103.9	1
519315	535265	2103.9	1
535265	545584	2103.3	1
545584	559080	2103.7	1
559080	575776	2103.9	1
575776	589153	2104.5	1
589153	603517	2103.9	1
603517	614692	2103.7	1
614692	627342	2103.9	1
627342	643861	2104.1	1
643861	662287	2103.9	1
662287	670610	2103.7	1
670610	683706	2103.9	1
683706	697191	2103.7	1
697191	716735	2103.7	1
716735	730490	2103.7	1
730490	745118	2103.5	1
745118	755074	2103.9	1
755074	767419	2103.7	1
767419	783223	2103.9	1
783223	800411	2103.7	1
800411	812314	2103.7	1
812314	826488	2103.9	1
826488	843205	2103.7	1
843205	856963	2103.7	1
856963	876781	2103.7	1
876781	882368	2103.1	1
882368	895252	2103.3	1
895252	907015	2103.5	1
907015	921183	2103.7	1
921183	940917	2103.5	1
940917	957738	2103.7	1
957738	968084	2103.5	1
968084	981026	2103.9	1
981026	994890	2103.7	1
994890	1010009	2103.5	1
1010009	1022212	2103.5	1
1022212	1035672	2103.3	1
1035672	1049427	2103.7	1
1049427	1062900	2103.5	1
1062900	1086275	2103.9	1
1086275	1094639	2103.7	1
1094639	1112182	2103.5	1
1112182	1129200	2134.2	1
1129200	1142581	2131.6	1
1142581	1149829	2125.9	1
1149829	1170133	2122.9	1
1170133	1181681	2117.4	1
1181681	1200197	2116.4	1
1200197	1214075	2115.2	1
1214075	1227826	2114.0	1
1227826	1240444	2112.8	1
1240444	1256691	2109.1	1
1256691	1270034	2108.5	1
1270034	1276978	2108.1	1
1276978	1296477	2107.7	1
1296477	1314065	2107.1	1
1314065	1323549	2106.1	1
1323549	1334878	2106.1	1
1334878	1347691	2106.3	1
1347691	1359831	2105.9	1
1359831	1378948	2105.5	1
1378948	1393088	2105.3	1
1393088	1403037	2104.9	1
1403037	1416079	2104.7	1
1416079	1430229	2104.7	1
1430229	1450443	2104.3	1
1450443	1458026	2104.5	1
1458026	1475780	2104.5	1
1475780	1489507	2104.5	1
1489507	1503183	2104.3	1
1503183	1517480	2104.3	1
1517480	1532704	2104.5	1
1532704	1542899	2104.3	1
1542899	1557983	2103.9	1
1557983	1568395	2104.3	1
1568395	1586604	2104.5	1
1586604	1597355	2103.9	1
1597355	1617008	2103.9	1
1617008	1625796	2103.9	1
1625796	1639271	2103.7	1
1639271	1656564	2103.9	1
1656564	1673263	2103.9	1
1673263	1680994	2103.7	1
1680994	1700402	2103.5	1
1700402	1710857	2103.5	1
1710857	1733687	2103.7	1
1733687	1738887	2103.1	1
1738887	1755905	2103.3	1
1755905	1769416	2103.1	1
1769416	1783007	2103.5	1
1783007	1799991	2103.7	1
1799991	1813523	2103.3	1
1813523	1821795	2103.3	1
1821795	1835398	2103.7	1
1835398	1853766	2103.7	1
1853766	1869338	2103.7	1
1869338	1879223	2103.3	1
1879223	1893144	2103.7	1
1893144	1909887	2104.1	1
1909887	1920169	2104.1	1
1920169	1937226	2104.1	1
1937226	1950368	2104.5	1
1950368	1962373	2103.9	1
1962373	1976204	2103.5	1
1976204	1989386	2103.7	1
1989386	2012768	2103.5	1
2012768	2023634	2103.3	1
2023634	2031224	2103.3	1
2031224	2049849	2104.3	1
2049849	2063253	2103.9	1
2063253	2077762	2103.7	1
2077762	2089721	2103.9	1
2089721	2103794	2104.1	1
2103794	2116899	2103.7	1
2116899	2128849	2104.3	1
2128849	2152254	2104.3	1
2152254	2158867	2103.7	1
2158867	2172393	2104.1	1
2172393	2185682	2103.9	1
2185682	2204192	2104.1	1
2204192	2224664	2104.1	1
2224664	2233314	2104.1	1
2233314	2246744	2104.1	1
2246744	2260421	2103.9	1
2260421	2274219	2104.1	1
2274219	2289269	2103.9	1
2289269	2302423	2104.1	1
2302423	2313783	2103.9	1
2313783	2326506	2103.9	1
2326506	2339964	2104.1	1
2339964	2359538	2103.9	1
2359538	2368767	2103.9	1
2368767	2387247	2103.9	1
2387247	2400943	2103.9	1
2400943	2409145	2103.9	1
2409145	2429438	2103.9	1
2429438	2440984	2104.1	1
2440984	2459755	2103.9	1
2459755	2470576	2103.9	1
2470576	2481377	2104.3	1
2481377	2497325	2103.9	1
2497325	2510353	2103.7	1
2510353	2527102	2103.7	1
2527102	2537502	2103.9	1
2537502	2550950	2103.9	1
2550950	2568777	2104.3	1
2568777	2584569	2104.3	1
2584569	2598073	2104.1	1
2598073	2606805	2103.7	1
2606805	2619782	2103.7	1
2619782	2637398	2103.9	1
2637398	2651859	2103.9	1
2651859	2665395	2103.9	1
2665395	2676251	2103.9	1
2676251	2692124	2104.1	1
2692124	2708163	2104.1	1
2708163	2720175	2104.5	1
2720175	2739618	2104.1	1
2739618	2746390	2104.1	1
2746390	2759828	2104.1	1
2759828	2780822	2104.5	1
2780822	2789107	2104.5	1
2789107	2803151	2104.3	1
2803151	2816336	2104.1	1
2816336	2834365	2104.3	1
2834365	2847927	2104.1	1
2847927	2860220	2103.9	1
2860220	2878676	2104.1	1
2878676	2887206	2103.9	1
2887206	2901281	2103.7	1
2901281	2922957	2104.1	1
2922957	2929784	2103.7	1
2929784	2943548	2103.9	1
2943548	2957079	2103.7	1
2957079	2970555	2103.9	1
2970555	2997670	2103.5	1
2997670	3000608	2103.7	1
3000608	3014314	2104.1	1
3014314	3027434	2103.9	1
3027434	3045711	2103.9	1
3045711	3062120	2103.9	1
3062120	3070967	2103.7	1
3070967	3086533	2104.1	1
3086533	3100182	2104.1	1
3100182	3113613	2103.9	1
3113613	3134314	2104.1	1
3134314	3142698	2103.7	1
3142698	3160892	2104.1	1
3160892	3167528	2103.9	1
3167528	3186842	2104.1	1
3186842	3208020	2104.3	1
3208020	3217432	2104.3	1
3217432	3225633	2104.1	1
3225633	3241858	2104.1	1
3241858	3252964	2104.3	1
3252964	3269986	2104.3	1
3269986	3287215	2104.5	1
3287215	3294760	2104.3	1
3294760	3313426	2104.1	1
3313426	3322665	2104.1	1
3322665	3344865	2103.9	1
3344865	3352121	2103.9	1
3352121	3370191	2103.9	1
3370191	3384039	2104.1	1
3384039	3394330	2104.1	1
3394330	3411163	2103.5	1
3411163	3424187	2104.1	1
3424187	3438033	2104.1	1
3438033	3450792	2104.1	1
3450792	3464640	2104.1	1
3464640	3478456	2103.5	1
3478456	3489647	2103.9	1
3489647	3504898	2104.1	1
3504898	3517165	2103.9	1
3517165	3531304	2103.9	1
3531304	3550721	2103.9	1
3550721	3564788	2104.1	1
3564788	3576679	2103.7	1
3576679	3590676	2104.1	1
3590676	3603989	2104.1	1
3603989	3620803	2103.9	1
3620803	3634558	2103.7	1
3634558	3648228	2103.9	1
3648228	3664064	2103.9	1
3664064	3675264	2104.1	1
3675264	3692482	2104.1	1
3692482	3705413	2103.7	1
3705413	3722126	2103.9	1
3722126	3730398	2103.7	1
3730398	3748964	2103.5	1
3748964	3761859	2103.7	1
3761859	3775994	2103.7	1
3775994	3791183	2104.1	1
3791183	3803113	2103.7	1
3803113	3815812	2103.7	1
3815812	3838441	2103.7	1
3838441	3849726	2103.7	1
3849726	3863282	2103.5	1
3863282	3871226	2103.7	1
3871226	3883391	2103.5	1
3883391	3902788	2103.5	1
3902788	3917004	2103.7	1
3917004	3926860	2104.1	1
3926860	3939016	2104.3	1
3939016	3954776	2104.3	1
3954776	3977008	2103.7	1
3977008	3983687	2103.7	1
3983687	3997095	2103.9	1
3997095	4010164	2104.1	1
4010164	4026650	2104.1	1
4026650	4040899	2104.5	1
4040899	4051071	2104.3	1
4051071	4063550	2104.1	1
4063550	4083349	2104.5	1
4083349	4096561	2104.1	1
4096561	4112427	2104.1	1
4112427	4122788	2103.9	1
4122788	4135075	2103.9	1
4135075	4150312	2103.3	1
4150312	4166048	2103.1	1
4166048	4181827	2103.3	1
4181827	4192560	2103.7	1
4192560	4206350	2103.7	1
4206350	4220042	2103.5	1
4220042	4233690	2103.3	1
4233690	4254240	2103.5	1
4254240	4263171	2103.7	1
4263171	4276924	2103.1	1
4276924	4296160	2103.5	1
4296160	4303102	2103.7	1
4303102	4323079	2103.5	1
4323079	4342229	2103.1	1
4342229	4350093	2103.3	1
4350093	4362143	2103.3	1
4362143	4380875	2103.1	1
4380875	4399208	2103.3	1
4399208	4406698	2103.1	1
4406698	4418815	2103.5	1
4418815	4438393	2103.7	1
4438393	4445494	2103.9	1
4445494	4464153	2104.1	1
4464153	4481353	2103.9	1
4481353	4490744	2104.3	1
4490744	4500542	2104.3	1
4500542	4515414	2104.5	1
4515414	4532714	2104.7	1
4532714	4545802	2104.3	1
4545802	4558160	2104.3	1
4558160	4571943	2104.1	1
4571943	4590975	2104.3	1
4590975	4604631	2103.7	1
4604631	4620031	2103.7	1
4620031	4629475	2104.1	1
4629475	4642030	2104.1	1
4642030	4655933	2103.9	1
4655933	4673686	2104.3	1
4673686	4685491	2103.9	1
4685491	4701360	2103.1	1
4701360	5495001	2103.5	1
5495001	5510648	2103.9	1
5510648	5522419	2103.9	1
5522419	5536173	2103.9	1
5536173	5548473	2103.9	1
5548473	5567441	2103.9	1
5567441	5590705	2103.5	1
5590705	5597472	2103.9	1
5597472	5610934	2103.9	1
5610934	5630787	2104.1	1
5630787	5640187	2104.1	1
5640187	350	2104.1	1
350	5676109	2125.1	1
5676109	5688447	2123.3	1
5688447	5703764	2118.8	1
5703764	5714835	2117.4	1
5714835	5736313	2115.4	1
5736313	5742988	2114.2	1
5742988	5756541	2113.0	1
5756541	5769456	2109.7	1
5769456	5782784	2108.9	1
5782784	5804900	2108.3	1
5804900	5812529	2107.5	1
5812529	5827474	2107.3	1
5827474	5841414	2106.9	1
5841414	5856952	2106.7	1
5856952	5870528	2106.5	1
5870528	5884121	2106.1	1
5884121	5897188	2105.9	1
5897188	5916722	2105.7	1
5916722	5923214	2105.1	1
5923214	5942037	2104.7	1
5942037	5952593	2105.1	1
5952593	5966744	2105.1	1
5966744	5985797	2105.1	1
5985797	5993648	2104.7	1
5993648	6010931	2104.3	1
6010931	6026234	2104.3	1
6026234	6036529	2104.7	1
6036529	6050001	2104.7	1
6050001	6068947	2104.3	1
6068947	6086803	2104.3	1
6086803	6098951	2104.5	1
6098951	6106930	2104.9	1
6106930	6120493	2104.7	1
6120493	6138853	2104.3	1
6138853	6154662	2104.3	1
6154662	6168023	2103.7	1
6168023	6176086	2104.3	1
6176086	6189478	2104.3	1
6189478	6208606	2104.1	1
6208606	6223111	2104.1	1
6223111	6236172	2103.7	1
6236172	6248933	2104.1	1
6248933	6261780	2103.9	1
6261780	6275053	2103.5	1
6275053	6292237	2103.7	1
6292237	6311064	2103.7	1
6311064	6324732	2103.7	1
6324732	6337236	2104.1	1
6337236	6349965	2103.5	1
6349965	6370487	2103.7	1
6370487	6376139	2103.9	1
6376139	6389418	2103.9	1
6389418	6406155	2103.7	1
6406155	6416992	2103.5	1
6416992	6440131	2100.3	1
6440131	6446932	2103.7	1
6446932	6460590	2103.9	1
6460590	6474138	2103.5	1
6474138	6487784	2103.7	1
6487784	6506782	2103.3	1
6506782	6522203	2103.7	1
6522203	6530181	2103.7	1
6530181	6544202	2103.5	1
6544202	6562787	2103.3	1
6562787	6576360	2103.9	1
6576360	6589822	2103.9	1
6589822	6604092	2103.7	1
6604092	6614585	2103.7	1
6614585	6629601	2103.9	1
6629601	6647934	2103.7	1
6647934	6663161	2103.5	1
6663161	6676579	2103.9	1
6676579	6689315	2103.7	1
6689315	6704084	2104.1	1
6704084	6719176	2103.7	1
6719176	6732119	2103.9	1
6732119	6742567	2103.9	1
6742567	6756994	2103.5	1
6756994	6773040	2103.3	1
6773040	6792809	2103.7	1
6792809	6799586	2103.5	1
6799586	6813071	2103.5	1
6813071	6826980	2103.3	1
6826980	6840073	2103.5	1
6840073	6862291	2103.1	1
6862291	6873803	2103.5	1
6873803	6881779	2104.1	1
6881779	6902050	2103.9	1
6902050	6908197	2103.9	1
6908197	6930827	2103.7	1
6930827	6940346	2103.9	1
6940346	6955586	2103.9	1
6955586	6965956	2103.5	1
6965956	6979542	2103.7	1
6979542	6997032	2103.9	1
6997032	7009201	2103.9	1
7009201	7028727	2103.9	1
7028727	7039746	2103.9	1
7039746	7054941	2104.1	1
7054941	7068830	2103.9	1
7068830	7079552	2104.3	1
7079552	7096283	2104.5	1
7096283	7105492	2104.1	1
7105492	7119055	2103.7	1
7119055	7137818	2104.1	1
7137818	7157280	2104.1	1
7157280	7164101	2104.1	1
7164101	7180041	2104.3	1
7180041	7191162	2103.9	1
7191162	7211239	2103.9	1
7211239	7220449	2103.9	1
7220449	7238750	2104.3	1
7238750	7252491	2104.3	1
7252491	7260542	2103.9	1
7260542	7277194	2104.1	1
7277194	7292842	2104.3	1
7292842	7308365	2103.7	1
7308365	7320259	2103.5	1
7320259	7333618	2103.9	1
7333618	7350175	2103.7	1
7350175	7360940	2103.5	1
7360940	7374533	2103.9	1
7374533	7389104	2103.9	1
7389104	7408190	2104.1	1
7408190	7421620	2103.9	1
7421620	7432108	2104.1	1
7432108	7444762	2103.9	1
7444762	7458246	2103.9	1
7458246	7472394	2104.3	1
7472394	7488141	2104.1	1
7488141	7501694	2103.7	1
7501694	7516851	2104.3	1
7516851	7532854	2104.1	1
7532854	7542017	2104.1	1
7542017	7559550	2103.7	1
7559550	7576380	2103.9	1
7576380	7590024	2103.9	1
7590024	7603542	2103.9	1
7603542	7610484	2103.3	1
7610484	7630871	2103.7	1
7630871	7644140	2103.9	1
7644140	7656990	2103.7	1
7656990	7671384	2103.7	1
7671384	7684562	2104.1	1
7684562	7701035	2103.9	1
7701035	7716993	2103.7	1
7716993	7725318	2104.1	1
7725318	7743552	2104.1	1
7743552	7752255	2104.1	1
7752255	7771070	2103.5	1
7771070	7786359	2103.5	1
7786359	7796433	2103.9	1
7796433	7808084	2103.7	1
7808084	7826904	2103.9	1
7826904	7840867	2103.7	1
7840867	7854205	2103.9	1
7854205	7867059	2104.3	1
7867059	7880425	2103.9	1
7880425	7893325	2103.9	1
7893325	7910823	2104.1	1
7910823	7927880	2104.1	1
7927880	7935291	2103.9	1
7935291	7954973	2104.1	1
7954973	7962654	2104.5	1
7962654	7982007	2104.3	1
7982007	7992374	2104.1	1
7992374	8006577	2104.1	1
8006577	8018085	2104.1	1
8018085	8035027	2104.1	1
8035027	8057761	2104.3	1
8057761	8063586	2103.9	1
8063586	8080959	2103.9	1
8080959	8090338	2103.9	1
8090338	8105332	2104.3	1
8105332	8123397	2104.3	1
8123397	8132900	2104.1	1
8132900	8145492	2104.3	1
8145492	8160072	2104.3	1
8160072	8171009	2104.1	1
8171009	8196336	2104.1	1
8196336	8202827	2104.1	1
8202827	8216316	2104.5	1
8216316	8230958	2104.3	1
8230958	8247543	2104.3	1
8247543	8260792	2104.5	1
8260792	8271881	2104.5	1
8271881	8290815	2104.5	1
8290815	8298788	2104.3	1
8298788	8313528	2104.5	1
8313528	8331708	2104.9	1
8331708	8341629	2104.7	1
8341629	8355016	2104.7	1
8355016	8371020	2104.7	1
8371020	8381728	2104.3	1
8381728	8402882	2104.1	1
8402882	8417674	2104.5	1
8417674	8426347	2104.3	1
8426347	8439715	2104.3	1
8439715	8453433	2104.7	1
8453433	8475247	2103.9	1
8475247	8487303	2103.9	1
8487303	8500831	2104.1	1
8500831	8508576	2104.1	1
8508576	8528092	2103.9	1
8528092	8548682	2104.1	1
8548682	8557600	2103.9	1
8557600	8569161	2104.3	1
8569161	8583785	2104.5	1
8583785	8593847	2104.3	1
8593847	8616404	2104.1	1
8616404	8623589	2104.3	1
8623589	8637310	2103.7	1
8637310	8650720	2103.7	1
8650720	8664099	2103.9	1
8664099	8683005	2104.5	1
8683005	8698401	2103.9	1
8698401	8706452	2104.1	1
8706452	8725375	2104.3	1
8725375	8733806	2104.1	1
8733806	8752851	2104.5	1
8752851	8769990	2104.5	1
8769990	8784969	2104.3	1
8784969	8793172	2103.9	1
8793172	8805905	2103.9	1
8805905	8827623	2104.1	1
8827623	8836731	2104.1	1
8836731	8853902	2104.3	1
8853902	8867400	2104.1	1
8867400	8876086	2104.3	1
8876086	8897557	2104.1	1
8897557	8905955	2104.5	1
8905955	8919672	2104.3	1
8919672	8936171	2104.5	1
8936171	8945827	2104.5	1
8945827	8969043	2104.5	1
8969043	8975652	2104.9	1
8975652	8989633	2104.7	1
8989633	9003302	2104.9	1
9003302	9016446	2104.7	1
9016446	9035693	2104.5	1
9035693	9048119	2104.1	1
9048119	9059154	2104.1	1
9059154	9072220	2104.3	1
9072220	9091089	2104.5	1
9091089	9111750	2104.3	1
9111750	9119057	2104.5	1
9119057	9132554	2104.3	1
9132554	9151932	2104.3	1
9151932	9179593	2104.5	1
9179593	9192729	2104.5	1
9192729	9200607	2104.3	1
9200607	9214666	2104.3	1
9214666	9226479	2104.5	1
9226479	9250073	2104.1	1
9250073	9258562	2104.5	1
9258562	9272486	2104.3	1
9272486	9285503	2104.1	1
9285503	9299250	2104.9	1
9299250	9321645	2104.5	1
9321645	9328262	2104.1	1
9328262	9341566	2104.1	1
9341566	9355504	2104.1	1
9355504	9369133	2104.3	1
9369133	9388533	2104.3	1
9388533	9403085	2104.5	1
9403085	9413633	2104.7	1
9413633	9425364	2104.7	1
9425364	9438409	2104.3	1
9438409	9462873	2104.1	1
9462873	9473614	2104.1	1
9473614	9487014	2104.3	1
9487014	9496985	2104.1	1
9496985	9511442	2104.1	1
9511442	9525992	2104.3	1
9525992	9544250	2104.3	1
9544250	9558907	2104.1	1
9558907	9565796	2103.9	1
9565796	9580859	2103.9	1
9580859	9601386	2104.3	1
9601386	9609310	2103.9	1
9609310	9622937	2104.1	1
9622937	9637150	2104.3	1
9637150	9649557	2104.5	1
9649557	9668071	2104.3	1
9668071	9680433	2104.1	1
9680433	9693513	2104.1	1
9693513	9706653	2105.1	1
9706653	9719997	2105.3	1
9719997	9745318	2104.3	1
9745318	9755379	2104.7	1
9755379	9762062	2104.7	1
9762062	9775112	2104.1	1
9775112	9793779	2104.5	1
9793779	9807974	2104.3	1
9807974	9821103	2104.7	1
9821103	9834231	2104.5	1
9834231	9858886	2104.5	1
9858886	9876382	2104.5	1
9876382	9889197	2104.1	1
9889197	9904616	2104.3	1
9904616	9915569	2104.7	1
9915569	9926287	2104.5	1
9926287	9951869	2104.5	1
9951869	9960964	2104.3	1
9960964	9973019	2103.1	1
9973019	9987641	2103.1	1
9987641	10000018	2103.3	1
10000018	10016987	2103.9	1
10016987	10029318	2103.9	1
10029318	10043448	2104.3	1
10043448	10060131	2104.1	1
10060131	10070242	2104.3	1
10070242	10089802	2104.1	1
10089802	10098254	2104.1	1
10098254	10117758	2104.3	1
10117758	10125327	2104.1	1
10125327	10138747	2104.3	1
10138747	10156713	2104.3	1
10156713	10171213	2104.5	1
10171213	10185035	2104.3	1
10185035	10194884	2104.3	1
10194884	10211087	2104.3	1
10211087	10228011	2104.3	1
10228011	10244570	2104.7	1
10244570	10251278	2104.9	1
10251278	10264764	2104.9	1
10264764	10278254	2104.7	1
10278254	10295935	2104.7	1
10295935	10309528	2104.5	1
10309528	10325314	2104.7	1
10325314	10338590	2104.7	1
10338590	10346847	2104.7	1
10346847	10371890	2104.7	1
10371890	10378647	2104.5	1
10378647	10396837	2104.5	1
10396837	10405365	2104.3	1
10405365	10418276	2104.5	1
10418276	10434837	2104.7	1
10434837	10446476	2104.5	1
10446476	10459224	2104.3	1
10459224	10479505	2104.1	1
10479505	10486138	2104.5	1
10486138	10506408	2104.5	1
10506408	10520028	2104.5	1
10520028	10531679	2104.3	1
10531679	10546277	2104.5	1
10546277	10559351	2104.3	1
10559351	10573950	2103.9	1
10573950	10587166	2104.1	1
10587166	10600631	2104.3	1
10600631	10613885	2104.5	1
10613885	10627602	2104.3	1
10627602	10645635	2104.7	1
10645635	10657832	2104.5	1
10657832	10670699	2104.5	1
10670699	10683818	2104.5	1
10683818	10700971	2104.7	1
10700971	10718240	2104.9	1
10718240	10729003	2104.5	1
10729003	10742499	2104.3	1
10742499	10755584	2104.3	1
10755584	10768586	2104.1	1
10768586	10788810	2103.9	1
10788810	10809849	2104.5	1
10809849	10827863	2104.1	1
10827863	10836001	2104.7	1
10836001	10853736	2104.3	1
10853736	10868413	2104.1	1
10868413	10886289	2103.9	1
10886289	10895846	2104.1	1
10895846	10908636	2104.3	1
10908636	10929852	2104.5	1
10929852	10936594	2104.5	1
10936594	10954601	2104.7	1
10954601	10963776	2104.3	1
10963776	10977152	2104.1	1
10977152	10995317	2104.3	1
10995317	11004776	2104.1	1
11004776	11023032	2104.1	1
11023032	11034009	2104.5	1
11034009	11044397	2104.7	1
11044397	11064305	2104.3	1
11064305	11071149	2104.7	1
11071149	11085340	2104.5	1
11085340	11098352	2104.3	1
11098352	11111619	2104.7	1
11111619	11133516	2104.3	1
11133516	11150595	2104.9	1
11150595	11159728	2104.5	1
11159728	11172259	2104.3	1
11172259	11190407	2104.7	1
11190407	11211845	2105.1	1
11211845	11219783	2104.1	1
11219783	11230424	2104.5	1
11230424	11241731	2104.7	1
11241731	11255732	2104.5	1
11255732	11279152	2104.5	1
11279152	11290741	2104.3	1
11290741	11299969	2104.9	1
11299969	11313448	2105.1	1
11313448	11326969	2104.9	1
11326969	11345298	2104.5	1
11345298	11360791	2103.9	1
11360791	11373955	2103.9	1
11373955	11386372	2104.1	1
11386372	11401023	2104.1	1
11401023	11414317	2104.7	1
11414317	11425787	2104.1	1
11425787	11450150	2103.9	1
11450150	11469814	2125.9	1
11469814	11484692	2123.3	1
11484692	11497346	2118.4	1
11497346	11510723	2117.2	1
11510723	11520276	2116.4	1
11520276	11532648	2115.2	1
11532648	11556861	2113.8	1
11556861	11564923	2110.1	1
11564923	11578569	2109.1	1
11578569	11596174	2108.9	1
11596174	11608731	2108.3	1
11608731	11626634	2107.5	1
11626634	11639554	2107.3	1
11639554	11653211	2106.9	1
11653211	11662081	2106.7	1
11662081	11673975	2106.5	1
11673975	11697557	2105.7	1
11697557	11708123	2105.5	1
11708123	11719367	2105.1	1
11719367	11734436	2105.3	1
11734436	11748196	2105.5	1
11748196	11768611	2105.1	1
11768611	11775367	2105.1	1
11775367	11788805	2104.9	1
11788805	11802698	2105.1	1
11802698	11815791	2104.5	1
11815791	11835891	2104.9	1
11835891	11849383	2104.9	1
11849383	11862815	2104.9	1
11862815	11871582	2104.9	1
11871582	11885386	2104.5	1
11885386	11903012	2104.5	1
11903012	11916410	2104.3	1
11916410	11931787	2104.3	1
11931787	11947212	2104.5	1
11947212	11956490	2104.7	1
11956490	11977709	2104.5	1
11977709	11985505	2104.9	1
11985505	11997053	2104.3	1
11997053	12010577	2103.9	1
12010577	12029459	2104.3	1
12029459	12044070	2104.1	1
12044070	12060868	2104.5	1
12060868	12067745	2104.1	1
12067745	12084401	2104.1	1
12084401	12100255	2104.1	1
12100255	12118941	2104.1	1
12118941	12130121	2103.9	1
12130121	12143516	2104.1	1
12143516	12156800	2104.3	1
12156800	12184916	2104.7	1
12184916	12198917	2104.1	1
12198917	12207342	2104.3	1
12207342	12225974	2103.9	1
12225974	12239322	2104.1	1
12239322	12259167	2104.3	1
12259167	12265969	2103.9	1
12265969	12282699	2103.3	1
12282699	12293130	2102.9	1
12293130	12306878	2103.5	1
12306878	12325733	2103.9	1
12325733	12333991	2103.7	1
12333991	12353531	2103.9	1
12353531	12361173	2103.9	1
12361173	12374614	2103.9	1
12374614	12399936	2104.3	1
12399936	12408333	2104.3	1
12408333	12420064	2104.3	1
12420064	12433974	2104.3	1
12433974	12448240	2104.1	1
12448240	12468777	2104.3	1
12468777	12481885	2104.3	1
12481885	12489441	2103.9	1
12489441	12502835	2104.3	1
12502835	12520063	2104.7	1
12520063	12535400	2104.5	1
12535400	12550302	2104.5	1
12550302	12558291	2104.7	1
12558291	12577526	2104.5	1
12577526	12585279	2104.5	1
12585279	12603997	2104.3	1
12603997	12613762	2104.5	1
12613762	12627192	2104.3	1
12627192	12642799	2104.3	1
12642799	12654101	2104.3	1
12654101	12676399	2104.1	1
12676399	12692150	2104.5	1
12692150	12698962	2104.7	1
12698962	12712371	2104.3	1
12712371	12732120	2104.5	1
12732120	12748856	2104.1	1
12748856	12762451	2104.5	1
12762451	12773058	2104.3	1
12773058	12781778	2104.7	1
12781778	12799621	2104.5	1
12799621	12816729	2104.3	1
12816729	12826564	2104.3	1
12826564	12839274	2104.1	1
12839274	12853378	2104.9	1
12853378	12866874	2104.9	1
12866874	12883847	2104.5	1
12883847	12900734	2104.1	1
12900734	12908634	2104.5	1
12908634	12920833	2104.7	1
12920833	12934392	2104.5	1
12934392	12954431	2104.5	1
12954431	12967517	2104.9	1
12967517	12980907	2105.3	1
12980907	12994198	2105.1	1
12994198	13005554	2104.3	1
13005554	13023055	2104.9	1
13023055	13035162	2104.5	1
13035162	13048838	2104.7	1
13048838	13068686	2104.5	1
13068686	13075391	2104.5	1
13075391	13097838	2104.7	1
13097838	13109398	2104.3	1
13109398	13122727	2104.3	1
13122727	13136013	2104.5	1
13136013	13147530	2104.5	1
13147530	13162476	2104.5	1
13162476	13175747	2104.5	1
13175747	13189007	2104.5	1
13189007	13202538	2104.9	1
13202538	13222642	2105.3	1
13222642	13236045	2103.9	1
13236045	13243813	2103.7	1
13243813	13257383	2103.9	1
13257383	13274207	2104.3	1
13274207	13283909	2104.3	1
13283909	13308047	2104.1	1
13308047	13314416	2104.3	1
13314416	13331976	2104.5	1
13331976	13342809	2104.3	1
13342809	13355674	2104.5	1
13355674	13370777	2104.7	1
13370777	13382528	2104.5	1
13382528	13396760	2104.7	1
13396760	13407454	2104.9	1
13407454	13423565	2104.9	1
13423565	13445693	2104.7	1
13445693	13454425	2104.9	1
13454425	13465491	2104.9	1
13465491	13483790	2104.7	1
13483790	13497283	2104.5	1
13497283	13517038	2104.5	1
13517038	13529394	2104.7	1
13529394	13536954	2104.9	1
13536954	13551872	2104.5	1
13551872	13565256	2104.3	1
13565256	13582264	2104.5	1
13582264	13596820	2104.9	1
13596820	13610327	2105.1	1
13610327	13617119	2105.1	1
13617119	13636212	2104.5	1
13636212	13650823	2104.3	1
13650823	13662387	2105.1	1
13662387	13676775	2105.1	1
13676775	13691051	2104.9	1
13691051	13704253	2104.7	1
13704253	13719173	2104.9	1
13719173	13731875	2104.7	1
13731875	13749801	2104.7	1
13749801	13763274	2104.9	1
13763274	13772652	2104.9	1
13772652	13791011	2104.7	1
13791011	13803240	2104.7	1
13803240	850	2104.9	1
850	13834439	2139.7	1
13834439	13842304	2133.8	1
13842304	13856534	2131.4	1
13856534	13874164	2125.7	1
13874164	13888141	2123.3	1
13888141	13901336	2118.4	1
13901336	13912230	2117.2	1
13912230	13925570	2115.6	1
13925570	13943230	2114.2	1
13943230	13955667	2112.8	1
13955667	13975551	2109.3	1
13975551	13982436	2108.9	1
13982436	14000346	2108.3	1
14000346	14013697	2107.9	1
14013697	14024947	2107.5	1
14024947	14039079	2107.1	1
14039079	14052722	2106.9	1
14052722	14063369	2106.1	1
14063369	14083077	2106.3	1
14083077	14098315	2106.3	1
14098315	14113726	2106.3	1
14113726	14123680	2105.7	1
14123680	14137502	2105.5	1
14137502	14152463	2105.3	1
14152463	14166185	2105.1	1
14166185	14181853	2104.9	1
14181853	14197546	2105.5	1
14197546	14204748	2104.9	1
14204748	14223221	2105.1	1
14223221	14238102	2104.7	1
14238102	14252369	2104.5	1
14252369	14264259	2104.5	1
14264259	14274447	2104.7	1
14274447	14297553	2104.7	1
14297553	14305332	2104.5	1
14305332	14324217	2104.7	1
14324217	14332309	2104.5	1
14332309	14345727	2104.7	1
14345727	14366079	2104.7	1
14366079	14376580	2104.5	1
14376580	14388804	2104.5	1
14388804	14406968	2104.7	1
14406968	14414053	2104.3	1
14414053	14433919	2104.7	1
14433919	14446306	2104.9	1
14446306	14460590	2104.5	1
14460590	14473292	2103.9	1
14473292	14486758	2104.1	1
14486758	14506373	2104.9	1
14506373	14514425	2104.7	1
14514425	14533837	2104.9	1
14533837	14541057	2104.5	1
14541057	14555337	2104.5	1
14555337	14574346	2104.7	1
14574346	14584668	2104.5	1
14584668	14597658	2104.5	1
14597658	14611000	2104.5	1
14611000	14625512	2104.3	1
14625512	14644413	2104.5	1
14644413	14659285	2104.7	1
14659285	14668113	2104.3	1
14668113	14686209	2104.3	1
14686209	14699782	2104.5	1
14699782	14714984	2104.5	1
14714984	14723317	2104.5	1
14723317	14735963	2104.5	1
14735963	14749221	2104.7	1
14749221	14762557	2104.7	1
14762557	14787119	2104.3	1
14787119	14800052	2104.5	1
14800052	14809449	2104.5	1
14809449	14820212	2104.3	1
14820212	14835128	2104.5	1
14835128	14851649	2104.1	1
14851649	14869405	2104.7	1
14869405	14877052	2104.1	1
14877052	14896173	2104.1	1
14896173	14903297	2104.7	1
14903297	14920755	2104.7	1
14920755	14932962	2104.1	1
14932962	14950419	2104.1	1
14950419	14959977	2104.1	1
14959977	14979861	2104.3	1
14979861	14991402	2104.1	1
14991402	15003960	2104.7	1
15003960	15017548	2104.5	1
15017548	15035048	2104.7	1
15035048	15048609	2104.5	1
15048609	15062009	2104.5	1
15062009	15089862	2134.4	1
15089862	15097030	2126.3	1
15097030	15110554	2123.7	1
15110554	15124094	2118.8	1
15124094	15141078	2118.0	1
15141078	15154280	2116.0	1
15154280	15164065	2114.4	1
15164065	15177765	2113.6	1
15177765	15190834	2110.1	1
15190834	15210408	2109.5	1
15210408	15224687	2109.3	1
15224687	15235785	2108.1	1
15235785	15254445	2107.9	1
15254445	15262989	2107.5	1
15262989	15281664	2107.1	1
15281664	15296826	2106.7	1
15296826	15305273	2106.3	1
15305273	15319299	2106.1	1
15319299	15332513	2105.5	1
15332513	15353104	2105.1	1
15353104	15371128	2104.9	1
15371128	15380404	2104.7	1
15380404	15398954	2104.7	1
15398954	15408144	2104.7	1
15408144	15437630	2104.1	1
15437630	15449137	2104.1	1
15449137	15469068	2104.7	1
15469068	15476010	2104.5	1
15476010	15488850	2104.3	1
15488850	15508644	2104.7	1
15508644	15519197	2104.3	1
15519197	15534778	2104.5	1
15534778	15549680	2104.3	1
15549680	15557560	2104.1	1
15557560	15576544	2104.1	1
15576544	15591491	2104.5	1
15591491	15607072	2104.5	1
15607072	15620925	2104.1	1
15620925	15634035	2104.1	1
15634035	15647619	2104.5	1
15647619	15662776	2104.3	1
15662776	15670462	2104.5	1
15670462	15683885	2104.7	1
15683885	15700231	2104.9	1
15700231	15717405	2105.1	1
15717405	15727965	2105.3	1
15727965	15741160	2105.3	1
15741160	15756570	2104.9	1
15756570	15770575	2104.7	1
15770575	15787551	2104.7	1
15787551	15802900	2104.5	1
15802900	15813272	2104.3	1
15813272	15826798	2104.7	1
15826798	15837067	2104.7	1
15837067	15859998	2104.7	1
15859998	15871551	2104.5	1
15871551	15878557	2104.3	1
15878557	15897606	2104.5	1
15897606	15907133	2104.3	1
15907133	15924361	2104.5	1
15924361	15941273	2104.9	1
15941273	15954661	2104.7	1
15954661	15964000	2104.5	1
15964000	15976851	2104.7	1
15976851	15994431	2104.7	1
15994431	16005980	2104.9	1
16005980	16019429	2104.7	1
16019429	16032988	2104.9	1
16032988	16046127	2104.9	1
16046127	16071029	2104.7	1
16071029	16077210	2104.9	1
16077210	16089926	2104.7	1
16089926	16102863	2104.9	1
16102863	16116732	2104.7	1
16116732	16138191	2105.1	1
16138191	16151127	2104.9	1
16151127	16159044	2105.1	1
16159044	16172875	2104.7	1
16172875	16191971	2104.3	1
16191971	16211904	2104.5	1
16211904	16219047	2105.1	1
16219047	16233227	2105.3	1
16233227	16244535	2105.3	1
16244535	16277497	2104.9	1
16277497	16285137	2104.9	1
16285137	16301283	2104.3	1
16301283	16311691	2104.7	1
16311691	16327561	2104.9	1
16327561	16343218	2105.1	1
16343218	16355064	2104.7	1
16355064	16384866	2104.3	1
16384866	16395308	2104.7	1
16395308	16414957	2105.1	1
16414957	16429126	2104.7	1
16429126	16442581	2104.7	1
16442581	16451195	2104.9	1
16451195	16463945	2104.9	1
16463945	16483410	2104.7	1
16483410	16500422	2104.7	1
16500422	16515087	2104.9	1
16515087	16522801	2104.7	1
16522801	16534945	2105.1	1
16534945	16551720	2104.9	1
16551720	16568897	2104.9	1
16568897	16577929	2104.9	1
16577929	16591680	2104.7	1
16591680	16603513	2104.9	1
16603513	16626257	2105.1	1
16626257	16634219	2105.1	1
16634219	16648046	2104.3	1
16648046	16661060	2104.5	1
16661060	16681643	2104.7	1
16681643	16695396	2104.9	1
16695396	16707991	2104.7	1
16707991	16721310	2105.1	1
16721310	16734785	2104.7	1
16734785	16762049	2104.9	1
16762049	16772591	2104.9	1
16772591	16785233	2105.1	1
16785233	16798299	2104.7	1
16798299	16818182	2104.7	1
16818182	16835973	2104.9	1
16835973	16849242	2105.1	1
16849242	16856408	2104.9	1
16856408	16875230	2105.1	1
16875230	16883561	2104.9	1
16883561	16900536	2104.7	1
16900536	16912937	2104.9	1
16912937	16926602	2104.7	1
16926602	16940219	2104.7	1
16940219	16953892	2104.7	1
16953892	16975518	2104.5	1
16975518	16983589	2104.7	1
16983589	16998235	2104.1	1
16998235	17015310	2104.7	1
17015310	17025003	2104.3	1
17025003	17042726	2104.3	1
17042726	17056408	2104.3	1
17056408	17070169	2103.7	1
17070169	17083075	2104.1	1
17083075	17097241	2104.1	1
17097241	17112680	2103.9	1
17112680	17130525	2104.1	1
17130525	17138567	2103.9	1
17138567	17152240	2103.9	1
17152240	17167547	2103.9	1
17167547	17185652	2103.9	1
17185652	17198611	2104.1	1
17198611	17211351	2103.9	1
17211351	17225125	2103.9	1
17225125	17237370	2104.5	1
17237370	17253854	2104.1	1
17253854	17267364	2104.3	1
17267364	17284534	2104.1	1
17284534	17297108	2104.3	1
17297108	17307130	2104.7	1
17307130	17324468	2104.5	1
17324468	17335098	2105.1	1
17335098	17354266	2104.7	1
17354266	17362121	2104.9	1
17362121	17381176	2104.9	1
17381176	17394451	2104.5	1
17394451	17408184	2105.5	1
17408184	17425858	2104.9	1
17425858	17432181	2104.7	1
17432181	17450769	2104.5	1
17450769	17466143	2104.5	1
17466143	17489867	2104.3	1
17489867	17503377	2104.3	1
17503377	17516998	2104.3	1
17516998	17539678	2104.3	1
17539678	17548062	2104.5	1
17548062	17561097	2104.9	1
17561097	17574510	2104.3	1
17574510	17587818	2104.5	1
17587818	17610915	2104.7	1
17610915	17622224	2104.5	1
17622224	17635751	2105.1	1
17635751	17644887	2104.9	1
17644887	17662435	2104.9	1
17662435	17679201	2104.5	1
17679201	17687032	2104.9	1
17687032	17705772	2104.9	1
17705772	17713551	2104.9	1
17713551	17727387	2104.7	1
17727387	17745993	2105.1	1
17745993	17757726	2104.9	1
17757726	17774999	2104.7	1
17774999	17784566	2104.9	1
17784566	17801870	2105.5	1
17801870	17819497	2105.3	1
17819497	17826238	2105.3	1
17826238	17844913	2105.3	1
17844913	17853293	2105.1	1
17853293	17866532	2105.3	1
17866532	17892395	2105.5	1
17892395	17896448	2104.9	1
17896448	17910297	2105.1	1
17910297	17927984	2104.9	1
17927984	17937143	2104.7	1
17937143	17954959	2104.9	1
17954959	17964938	2104.7	1
17964938	17983378	2104.7	1
17983378	17992566	2104.9	1
17992566	18004690	2104.7	1
18004690	18026567	2104.7	1
18026567	18043227	2104.5	1
18043227	18056484	2104.3	1
18056484	18064598	2104.5	1
18064598	18080365	2104.5	1
18080365	18095856	2104.1	1
18095856	18110018	2104.5	1
18110018	18127018	2104.9	1
18127018	18137952	2104.3	1
18137952	18150944	2104.1	1
18150944	18168857	2104.5	1
18168857	18180213	2104.3	1
18180213	18196755	2104.7	1
18196755	18211083	2104.9	1
18211083	18219239	2104.3	1
18219239	18238032	2104.3	1
18238032	18250253	2104.7	1
18250253	18263702	2104.7	1
18263702	18276270	2104.3	1
18276270	18293817	2104.5	1
18293817	18310840	2104.7	1
18310840	18320776	2104.7	1
18320776	18338041	2104.9	1
18338041	18347118	2104.9	1
18347118	18360746	2104.7	1
18360746	18381681	2104.7	1
18381681	18389792	2104.7	1
18389792	18403679	2104.5	1
18403679	18417683	2104.7	1
18417683	18431429	2104.7	1
18431429	18449191	2104.5	1
18449191	18461145	2104.3	1
18461145	18476217	2104.5	1
18476217	18487066	2104.3	1
18487066	18503297	2104.7	1
18503297	18518778	2104.5	1
18518778	18535091	2104.9	1
18535091	18543926	2104.7	1
18543926	18563116	2104.7	1
18563116	18570967	2104.7	1
18570967	18589166	2104.5	1
18589166	18600294	2104.5	1
18600294	18613483	2104.7	1
18613483	18628949	2105.1	1
18628949	18644747	2104.7	1
18644747	18660169	2104.9	1
18660169	18671829	2104.5	1
18671829	18688087	2104.5	1
18688087	18698161	2104.5	1
18698161	18710937	2104.3	1
18710937	18727122	2104.5	1
18727122	18739051	2104.7	1
18739051	18751950	2104.7	1
18751950	18769640	2104.5	1
18769640	18778915	2105.1	1
18778915	18799418	2104.7	1
18799418	18809708	2104.5	1
18809708	18825765	2104.3	1
18825765	18837444	2104.5	1
18837444	18847993	2104.7	1
18847993	18866273	2104.5	1
18866273	18883056	2104.3	1
18883056	18893342	2104.5	1
18893342	18906819	2104.5	1
18906819	18922784	2104.7	1
18922784	18939404	2104.3	1
18939404	18953671	2104.7	1
18953671	18967613	2104.5	1
18967613	18974483	2104.3	1
18974483	18994024	2104.5	1
18994024	19008494	2104.3	1
19008494	19023737	2104.3	1
19023737	19033304	2104.9	1
19033304	19047373	2105.1	1
19047373	19063053	2105.1	1
19063053	19078918	2104.5	1
19078918	19094822	2104.5	1
19094822	19107952	2104.3	1
19107952	19120769	2104.5	1
19120769	19134906	2104.5	1
19134906	19148112	2105.1	1
19148112	19165397	2104.7	1
19165397	19174254	2104.9	1
19174254	19192459	2104.5	1
19192459	19205399	2104.5	1
19205399	19225632	2104.7	1
19225632	19234378	2104.5	1
19234378	19250421	2104.7	1
19250421	19259631	2104.5	1
19259631	19288783	2104.7	1
19288783	19301231	2104.9	1
19301231	19316469	2104.9	1
19316469	19333789	2104.7	1
19333789	19342126	2104.5	1
19342126	19367429	2105.1	1
19367429	19374670	2104.7	1
19374670	19385095	2104.5	1
19385095	19398592	2104.5	1
19398592	19412631	2104.3	1
19412631	19434774	2104.7	1
19434774	19446737	2104.3	1
19446737	19455804	2104.5	1
19455804	19469406	2104.9	1
19469406	19489610	2104.3	1
19489610	19503154	2104.5	1
19503154	19516198	2104.1	1
19516198	19530377	2104.3	1
19530377	19544116	2104.1	1
19544116	19573687	2103.9	1
19573687	99999999	2104.5	1
