#Processing Run 48503 for polarization tables
#The run table thinks this was a DPARAL2 run
#Corresponding AMO file is :/home/clasg8/rootbeer2.1/dat/pol/amo_tesc_48492.dat
#Coherent Edge positions for TESC events follow:
#Event	Coh Edge	PolPlane(PARA=0,PERP=1,AMO=2,CHANGING=3)
0	5093	1509.3	0
5093	23520	1510.3	0
23520	39059	1509.3	0
39059	55080	1509.3	0
55080	68968	1508.9	0
68968	88779	1508.5	0
88779	102026	1509.5	0
102026	120645	1508.9	0
120645	137214	1509.3	0
137214	148146	1508.7	0
148146	170896	1509.1	0
170896	187147	1508.9	0
187147	197063	1509.1	0
197063	216502	1507.5	0
216502	232141	1507.1	0
232141	249477	1508.1	0
249477	267316	1508.3	0
267316	283113	1507.7	0
283113	292743	1506.7	0
292743	312187	1506.1	0
312187	333398	1506.9	0
333398	346588	1507.7	0
346588	361482	1506.5	0
361482	377301	1506.9	0
377301	386497	1507.1	0
386497	414141	1507.5	0
414141	427740	1507.7	0
427740	436812	1507.7	0
436812	452349	1507.9	0
452349	472762	1507.7	0
472762	487221	1508.1	0
487221	508723	1507.7	0
508723	517314	1507.9	0
517314	537854	1508.1	0
537854	548057	1508.3	0
548057	574940	1508.1	0
574940	587320	1508.7	0
587320	598287	1508.9	0
598287	616463	1509.1	0
616463	626624	1509.5	0
626624	657393	1510.1	0
657393	665360	1509.1	0
665360	685566	1509.1	0
685566	700731	1508.9	0
700731	716375	1508.9	0
716375	731175	1509.3	0
731175	747595	1508.9	0
747595	763193	1508.1	0
763193	773774	1507.7	0
773774	794006	1507.1	0
794006	811443	1508.5	0
811443	824620	1507.5	0
824620	837580	1507.5	0
837580	863853	1507.7	0
863853	872264	1508.3	0
872264	892582	1509.3	0
892582	911125	1510.1	0
911125	924440	1509.5	0
924440	942163	1509.3	0
942163	954761	1509.3	0
954761	970180	1509.7	0
970180	980055	1509.1	0
980055	1001970	1510.3	0
1001970	1010054	1509.7	0
1010054	1028909	1509.3	0
1028909	1057658	1509.9	0
1057658	1068568	1509.7	0
1068568	1080420	1509.7	0
1080420	1100917	1509.7	0
1100917	1109316	1510.3	0
1109316	1131502	1508.9	0
1131502	1151461	1507.9	0
1151461	1182629	1509.1	0
1182629	1193468	1509.3	0
1193468	1212183	1508.3	0
1212183	1233108	1508.7	0
1233108	1246737	1508.7	0
1246737	1260530	1508.3	0
1260530	1269575	1492.5	0
1269575	1285790	1495.5	0
1285790	1313293	1495.7	0
1313293	1327226	1502.9	0
1327226	1335033	1501.3	0
1335033	1353342	1503.3	0
1353342	1372184	1502.5	0
1372184	1393489	1502.9	0
1393489	1400702	1502.1	0
1400702	1416977	1503.1	0
1416977	1432593	1504.9	0
1432593	1453372	1504.9	0
1453372	1473068	1505.3	0
1473068	1481859	1504.7	0
1481859	1495781	1505.5	0
1495781	1511900	1504.9	0
1511900	1527597	1505.3	0
1527597	1547939	1505.1	0
1547939	1566520	1505.7	0
1566520	1582539	1505.7	0
1582539	1597445	1505.7	0
1597445	1607660	1504.7	0
1607660	1628333	1503.5	0
1628333	1646487	1504.1	0
1646487	1662216	1503.5	0
1662216	1671546	1503.7	0
1671546	1687710	1501.9	0
1687710	1714227	1502.7	0
1714227	1726366	1503.1	0
1726366	1744348	1502.9	0
1744348	1756140	1502.7	0
1756140	1766373	1502.3	0
1766373	1786615	1501.1	0
1786615	1800402	1498.7	0
1800402	1819483	1497.5	0
1819483	1838204	1497.9	0
1838204	1852852	1498.3	0
1852852	1874552	1499.3	0
1874552	1884138	1501.1	0
1884138	1902918	1502.5	0
1902918	1914943	1503.3	0
1914943	1932356	1504.3	0
1932356	1946825	1502.7	0
1946825	1958083	1502.7	0
1958083	1975610	1503.9	0
1975610	1989816	1504.9	0
1989816	2010090	1503.3	0
2010090	2036594	1502.1	0
2036594	2044641	1503.1	0
2044641	2059071	1504.1	0
2059071	2076160	1506.1	0
2076160	2090499	1505.5	0
2090499	2109691	1506.5	0
2109691	2120993	1506.3	0
2120993	2140670	1505.7	0
2140670	2151779	1505.5	0
2151779	2171424	1505.5	0
2171424	2208364	1505.3	0
2208364	2227323	1504.9	0
2227323	2241807	1504.5	0
2241807	2258493	1504.3	0
2258493	2274990	1504.7	0
2274990	2292319	1505.1	0
2292319	2302331	1505.7	0
2302331	2321607	1506.5	0
2321607	2334895	1505.9	0
2334895	2362177	1505.1	0
2362177	2369235	1505.9	0
2369235	2386334	1506.9	0
2386334	2400956	1506.3	0
2400956	2416933	1505.5	0
2416933	2440013	1490.0	0
2440013	2456474	1493.4	0
2456474	2468566	1494.0	0
2468566	2486166	1492.1	0
2486166	2501159	1493.9	0
2501159	2523797	1492.5	0
2523797	2531990	1493.9	0
2531990	2547581	1494.3	0
2547581	2563206	1495.9	0
2563206	2579560	1496.3	0
2579560	2605652	1497.7	0
2605652	2617407	1498.9	0
2617407	2628649	1498.7	0
2628649	2648680	1499.3	0
2648680	2665491	1499.3	0
2665491	2683154	1498.9	0
2683154	2693459	1498.3	0
2693459	2713695	1500.7	0
2713695	2729461	1501.9	0
2729461	2744840	1502.1	0
2744840	2761032	1502.7	0
2761032	2774560	1503.3	0
2774560	2790532	1502.9	0
2790532	2804573	1502.3	0
2804573	2821598	1503.1	0
2821598	2834929	1502.7	0
2834929	2848402	1476.1	0
2848402	2867604	1477.3	0
2867604	2877383	1485.4	0
2877383	2906591	1487.8	0
2906591	2913892	1496.8	0
2913892	2932375	1491.5	0
2932375	2943714	1491.5	0
2943714	2960184	1492.3	0
2960184	2988231	1491.7	0
2988231	2995596	1491.9	0
2995596	3007905	1493.5	0
3007905	3028276	1493.7	0
3028276	3039619	1495.3	0
3039619	3063804	1495.7	0
3063804	3075282	1495.7	0
3075282	3095938	1496.3	0
3095938	3107457	1494.3	0
3107457	3121959	1495.5	0
3121959	3144003	1494.5	0
3144003	3158080	1495.1	0
3158080	3172396	1496.7	0
3172396	3191879	1493.4	0
3191879	3206812	1494.9	0
3206812	3224870	1493.5	0
3224870	3237917	1492.7	0
3237917	3256365	1491.9	0
3256365	3268413	1491.7	0
3268413	3288186	1495.9	0
3288186	3311586	1496.9	0
3311586	3322113	1499.7	0
3322113	3333677	1501.9	0
3333677	3349229	1502.1	0
3349229	3368955	1502.7	0
3368955	3383420	1502.7	0
3383420	3401728	1502.7	0
3401728	3419448	1502.9	0
3419448	3431722	1502.9	0
3431722	3447290	1502.5	0
3447290	3469103	1501.5	0
3469103	3480411	1502.1	0
3480411	3496335	1500.9	0
3496335	3523420	1500.7	0
3523420	3543056	1500.5	0
3543056	3560889	1499.9	0
3560889	3571493	1502.3	0
3571493	3586140	1502.5	0
3586140	3603463	1502.1	0
3603463	3629169	1502.5	0
3629169	3638290	1501.3	0
3638290	3656532	1501.5	0
3656532	3673864	1500.1	0
3673864	3686903	1500.5	0
3686903	3703256	1499.1	0
3703256	3717883	1500.7	0
3717883	3733034	1500.5	0
3733034	3755333	1503.3	0
3755333	3769140	1500.7	0
3769140	3792943	1502.1	0
3792943	3798944	1500.7	0
3798944	3813855	1501.1	0
3813855	3828817	1499.7	0
3828817	296	1500.9	0
296	3867184	1468.9	0
3867184	3885120	1465.3	0
3885120	3901503	1474.1	0
3901503	3918915	1484.6	0
3918915	3932726	1490.0	0
3932726	3946366	1491.9	0
3946366	3969096	1493.5	0
3969096	3981540	1496.7	0
3981540	3996412	1497.1	0
3996412	4016713	1498.1	0
4016713	4031103	1499.1	0
4031103	4047021	1500.3	0
4047021	4061357	1500.1	0
4061357	4078092	1501.9	0
4078092	4092764	1502.3	0
4092764	4107778	1502.7	0
4107778	4138052	1504.7	0
4138052	4143555	1506.9	0
4143555	4159813	1507.9	0
4159813	4179737	1507.3	0
4179737	4189214	1507.9	0
4189214	4212017	1507.9	0
4212017	4223278	1507.1	0
4223278	4239408	1506.9	0
4239408	4259369	1506.3	0
4259369	4270164	1505.7	0
4270164	4291406	1506.1	0
4291406	4306718	1506.7	0
4306718	4319403	1507.5	0
4319403	4338068	1507.1	0
4338068	4350269	1504.9	0
4350269	4368609	1505.7	0
4368609	4385222	1506.7	0
4385222	4403542	1505.9	0
4403542	4413143	1506.1	0
4413143	4430067	1505.9	0
4430067	4451948	1506.1	0
4451948	4464570	1506.3	0
4464570	4485456	1506.3	0
4485456	4494585	1506.3	0
4494585	4514180	1505.9	0
4514180	4531611	1505.3	0
4531611	4543616	1504.3	0
4543616	4560680	1505.3	0
4560680	4579345	1505.7	0
4579345	4589868	1505.5	0
4589868	4611671	1505.7	0
4611671	4618992	1507.3	0
4618992	4639253	1507.1	0
4639253	4649335	1507.5	0
4649335	4665466	1507.3	0
4665466	4699281	1507.5	0
4699281	4713895	1507.3	0
4713895	4721974	1507.1	0
4721974	4743042	1507.1	0
4743042	4751930	1507.7	0
4751930	4770564	1508.5	0
4770564	4785487	1507.5	0
4785487	4798603	1508.3	0
4798603	4813952	1507.9	0
4813952	4832305	1507.3	0
4832305	4850456	1507.3	0
4850456	4867212	1506.7	0
4867212	4878060	1506.3	0
4878060	4896404	1506.5	0
4896404	4908092	1507.3	0
4908092	4931841	1507.3	0
4931841	4946969	1507.7	0
4946969	4959610	1507.1	0
4959610	4972659	1507.9	0
4972659	4988416	1507.3	0
4988416	5012194	1507.3	0
5012194	5021797	1508.1	0
5021797	5042454	1507.9	0
5042454	5057451	1507.9	0
5057451	5067026	1507.7	0
5067026	5093843	1507.7	0
5093843	5102245	1508.3	0
5102245	5116678	1507.5	0
5116678	5136735	1507.9	0
5136735	5148320	1508.9	0
5148320	5168940	1509.1	0
5168940	5182989	1508.1	0
5182989	5197925	1508.5	0
5197925	5217602	1507.9	0
5217602	5229163	1507.9	0
5229163	5248905	1508.7	0
5248905	5263246	1509.1	0
5263246	5282784	1508.1	0
5282784	5295239	1507.9	0
5295239	5314556	1506.7	0
5314556	5337645	1506.9	0
5337645	5344986	1506.5	0
5344986	5366462	1507.1	0
5366462	5379651	1507.3	0
5379651	5392392	1506.5	0
5392392	5409467	1506.9	0
5409467	5424357	1506.5	0
5424357	5439727	1506.9	0
5439727	5452202	1506.5	0
5452202	5467744	1505.5	0
5467744	5489608	1505.7	0
5489608	5505714	1505.9	0
5505714	5525605	1504.9	0
5525605	5536902	1505.9	0
5536902	5556664	1505.1	0
5556664	5572946	1505.5	0
5572946	5586010	1506.5	0
5586010	5606003	1505.1	0
5606003	5618690	1503.3	0
5618690	5634391	1503.5	0
5634391	5660749	1504.7	0
5660749	5669671	1503.9	0
5669671	5679330	1503.9	0
5679330	5700222	1503.9	0
5700222	5710679	1502.5	0
5710679	5738592	1503.7	0
5738592	5751120	1503.3	0
5751120	5762006	1503.9	0
5762006	5777173	1503.3	0
5777173	5793079	1503.3	0
5793079	5819775	1501.3	0
5819775	5831282	1502.3	0
5831282	5840545	1503.3	0
5840545	5860381	1502.7	0
5860381	5872417	1500.7	0
5872417	5893322	1500.3	0
5893322	5909770	1502.3	0
5909770	5925933	1500.7	0
5925933	5936084	1500.5	0
5936084	5952016	1500.1	0
5952016	5972526	1499.9	0
5972526	5992419	1499.1	0
5992419	6006066	1498.5	0
6006066	6020963	1494.7	0
6020963	6039155	1496.9	0
6039155	6052489	1498.1	0
6052489	6068147	1495.1	0
6068147	6081015	1496.5	0
6081015	6099165	1494.3	0
6099165	6118125	1495.9	0
6118125	6134244	1494.1	0
6134244	6148332	1492.9	0
6148332	6168418	1495.6	0
6168418	6179279	1495.3	0
6179279	6200653	1495.5	0
6200653	6214568	1491.3	0
6214568	6225227	1491.9	0
6225227	6242123	1493.5	0
6242123	6256681	1493.5	0
6256681	6276171	1492.9	0
6276171	6296373	1492.7	0
6296373	6309827	1492.5	0
6309827	6325610	1493.1	0
6325610	6345868	1492.5	0
6345868	6355782	1491.7	0
6355782	6377083	1492.3	0
6377083	6396565	1492.1	0
6396565	6407842	1495.0	0
6407842	6423663	1493.0	0
6423663	6444469	1493.4	0
6444469	6463422	1493.6	0
6463422	6477566	1495.6	0
6477566	6489925	1491.3	0
6489925	6505800	1491.5	0
6505800	6522912	1491.3	0
6522912	6547292	1494.0	0
6547292	6559277	1489.6	0
6559277	6575742	1495.4	0
6575742	6590153	1492.1	0
6590153	6604681	1493.3	0
6604681	6623900	1491.5	0
6623900	6635591	1494.6	0
6635591	6651757	1489.4	0
6651757	6666922	1491.8	0
6666922	6686299	1490.6	0
6686299	6704179	1491.0	0
6704179	6718277	1494.4	0
6718277	6731544	1492.0	0
6731544	6747300	1493.4	0
6747300	6767339	1492.4	0
6767339	6790522	1490.8	0
6790522	6798773	1491.0	0
6798773	6813886	1490.8	0
6813886	6828972	1490.4	0
6828972	6843515	1488.2	0
6843515	6871639	1487.2	0
6871639	6879837	1488.4	0
6879837	6900029	1487.0	0
6900029	6915573	1485.0	0
6915573	6925415	1479.3	0
6925415	6955320	1475.1	0
6955320	6965012	1483.6	0
6965012	6975529	1485.0	0
6975529	6995307	1489.2	0
6995307	7010394	1490.8	0
7010394	7031995	1493.0	0
7031995	7041994	1491.5	0
7041994	7056531	1493.5	0
7056531	7071842	1493.1	0
7071842	7087561	1495.3	0
7087561	7115390	1494.5	0
7115390	7122652	1497.1	0
7122652	7142094	1498.3	0
7142094	7157871	1499.3	0
7157871	7173908	1500.9	0
7173908	7196481	1499.3	0
7196481	7203835	1501.9	0
7203835	7219585	1502.3	0
7219585	7239869	1501.1	0
7239869	7255954	1500.9	0
7255954	7272173	1501.9	0
7272173	7287602	1503.3	0
7287602	7304470	1503.5	0
7304470	7315163	1503.7	0
7315163	7329800	1503.5	0
7329800	7350780	1504.9	0
7350780	7365501	1504.7	0
7365501	7385150	1504.5	0
7385150	7396481	1504.3	0
7396481	7410767	1504.1	0
7410767	7432701	1502.7	0
7432701	7451214	1503.9	0
7451214	7459912	1504.5	0
7459912	7480028	1503.9	0
7480028	7497010	1504.5	0
7497010	7518876	1504.3	0
7518876	7527482	1505.3	0
7527482	7543710	1504.9	0
7543710	7554910	1505.9	0
7554910	7571055	1504.9	0
7571055	7592527	1504.9	0
7592527	7608662	1504.1	0
7608662	7624103	1504.3	0
7624103	7636568	1503.5	0
7636568	7651716	1503.3	0
7651716	7677450	1504.9	0
7677450	7686874	1505.5	0
7686874	7717586	1507.1	0
7717586	7738087	1506.7	0
7738087	7758018	1506.3	0
7758018	7764155	1506.1	0
7764155	7780527	1506.5	0
7780527	7796087	1507.9	0
7796087	7815412	1507.1	0
7815412	7833837	1504.9	0
7833837	7849475	1506.1	0
7849475	7860207	1506.9	0
7860207	7880753	1507.3	0
7880753	7896037	1508.1	0
7896037	7914342	1507.5	0
7914342	7927495	1507.1	0
7927495	7937881	1506.9	0
7937881	7953511	1507.7	0
7953511	7972746	1506.3	0
7972746	7993331	1506.9	0
7993331	8006444	1508.7	0
8006444	8026526	1506.5	0
8026526	8042751	1508.1	0
8042751	8053266	1509.1	0
8053266	8079999	1508.7	0
8079999	8092477	1508.3	0
8092477	8107337	1508.3	0
8107337	8122803	1509.3	0
8122803	8133199	1509.3	0
8133199	8155413	1509.5	0
8155413	8168992	1508.7	0
8168992	8182714	1509.7	0
8182714	8200107	1508.7	0
8200107	8213370	1509.5	0
8213370	8238003	1508.5	0
8238003	8252560	1509.3	0
8252560	8263420	1509.9	0
8263420	8283630	1509.3	0
8283630	8294785	1509.5	0
8294785	8315147	1508.9	0
8315147	8328931	1509.3	0
8328931	8348724	1508.7	0
8348724	8360693	1509.7	0
8360693	8374608	1509.7	0
8374608	8398829	1509.7	0
8398829	8406455	1510.1	0
8406455	8427596	1509.5	0
8427596	8438252	1509.9	0
8438252	8452429	1509.5	0
8452429	8479840	1509.9	0
8479840	8496635	1510.5	0
8496635	8508256	1509.9	0
8508256	8523300	1509.7	0
8523300	8532983	1510.5	0
8532983	8555675	1510.3	0
8555675	8571740	1510.1	0
8571740	8588750	1510.3	0
8588750	8596872	1509.7	0
8596872	8614852	1509.5	0
8614852	8626793	1480.4	0
8626793	8644137	1476.7	0
8644137	8660056	1491.5	0
8660056	8680574	1492.3	0
8680574	8695210	1497.7	0
8695210	8709859	1499.3	0
8709859	8726922	1501.3	0
8726922	8740368	1502.9	0
8740368	8760166	1505.7	0
8760166	8775301	1506.5	0
8775301	8790502	1506.9	0
8790502	8804992	1508.5	0
8804992	8823496	1508.9	0
8823496	8835687	1509.7	0
8835687	8850541	1509.7	0
8850541	8866225	1510.1	0
8866225	8883090	1510.7	0
8883090	8904969	1510.7	0
8904969	8920612	1510.7	0
8920612	8936230	1511.5	0
8936230	8947007	1510.9	0
8947007	8963593	1511.3	0
8963593	8992499	1512.9	0
8992499	9001630	1510.3	0
9001630	9016512	1510.9	0
9016512	9033111	1509.9	0
9033111	9047641	1511.1	0
9047641	9069287	1510.9	0
9069287	9078348	1512.1	0
9078348	9095175	1511.3	0
9095175	9107259	1512.7	0
9107259	9126933	1511.5	0
9126933	9147106	1511.9	0
9147106	9157790	1511.9	0
9157790	9173201	1511.3	0
9173201	9194259	1512.1	0
9194259	9205551	1512.3	0
9205551	9230227	1511.9	0
9230227	9242985	1511.3	0
9242985	9263688	1513.1	0
9263688	9274626	1514.3	0
9274626	9291234	1513.3	0
9291234	9311993	1513.3	0
9311993	9322131	1511.9	0
9322131	9337891	1511.5	0
9337891	9353258	1510.7	0
9353258	9372685	1510.5	0
9372685	9389228	1510.7	0
9389228	9406629	1510.7	0
9406629	9416955	1511.3	0
9416955	9437279	1511.3	0
9437279	9448294	1511.5	0
9448294	9470235	1510.9	0
9470235	9485317	1510.7	0
9485317	9505507	1510.9	0
9505507	9514638	1487.0	0
9514638	9536434	1494.4	0
9536434	9549810	1494.3	0
9549810	9561465	1495.7	0
9561465	9589184	1498.5	0
9589184	9593765	1501.9	0
9593765	9608617	1504.1	0
9608617	9625481	1503.9	0
9625481	9647747	1504.9	0
9647747	9660128	1505.9	0
9660128	9680124	1506.9	0
9680124	9694905	1507.3	0
9694905	9707217	1506.7	0
9707217	9720879	1508.1	0
9720879	9746630	1508.1	0
9746630	9760017	1508.5	0
9760017	9775624	1508.5	0
9775624	9787220	1509.3	0
9787220	9805161	1509.5	0
9805161	9820396	1508.9	0
9820396	9840161	1509.1	0
9840161	9852192	1507.7	0
9852192	9866927	1507.5	0
9866927	9886658	1508.1	0
9886658	9908582	1506.9	0
9908582	9923848	1506.5	0
9923848	9932522	1506.5	0
9932522	9954151	1505.5	0
9954151	9962944	1505.9	0
9962944	9984763	1506.5	0
9984763	9997522	1506.7	0
9997522	10013919	1506.7	0
10013919	10034949	1507.1	0
10034949	10043109	1506.5	0
10043109	10071341	1507.5	0
10071341	10077422	1507.5	0
10077422	10093946	1507.1	0
10093946	10112569	1506.5	0
10112569	10123055	1506.5	0
10123055	10150859	1506.3	0
10150859	10164758	1506.9	0
10164758	10173528	1506.5	0
10173528	10187955	1505.9	0
10187955	10210619	1505.9	0
10210619	10231102	1504.5	0
10231102	10238744	1505.7	0
10238744	10253588	1506.1	0
10253588	10268601	1505.1	0
10268601	10283518	1504.5	0
10283518	10304068	1504.3	0
10304068	10321568	1504.3	0
10321568	10334168	1503.1	0
10334168	10354290	1503.9	0
10354290	10370587	1504.7	0
10370587	10385179	1505.7	0
10385179	10402979	1505.7	0
10402979	10413922	1505.5	0
10413922	10436290	1504.3	0
10436290	10449083	1504.5	0
10449083	10465541	1504.7	0
10465541	10480183	1506.5	0
10480183	10497544	1505.5	0
10497544	10512522	1509.7	0
10512522	10531353	1511.1	0
10531353	10548726	1508.3	0
10548726	10564554	1508.5	0
10564554	10579173	1509.5	0
10579173	10597121	1510.1	0
10597121	10603487	1508.3	0
10603487	10626272	1508.5	0
10626272	10641268	1507.9	0
10641268	10659930	1508.3	0
10659930	10689269	1509.1	0
10689269	10703519	1492.5	0
10703519	10723615	1496.5	0
10723615	10736950	1502.3	0
10736950	10754841	1504.5	0
10754841	10769490	1505.3	0
10769490	10782247	1505.7	0
10782247	10802229	1506.1	0
10802229	10817495	1506.9	0
10817495	10827283	1508.1	0
10827283	10853038	1507.9	0
10853038	10860855	1507.7	0
10860855	10881319	1508.9	0
10881319	10891291	1509.5	0
10891291	10911487	1510.3	0
10911487	10933152	1510.7	0
10933152	10945412	1510.5	0
10945412	10961718	1511.1	0
10961718	10975715	1511.3	0
10975715	10990390	1511.3	0
10990390	11012176	1512.3	0
11012176	11028427	1511.9	0
11028427	11036909	1511.7	0
11036909	11051646	1512.5	0
11051646	11074525	1512.5	0
11074525	11089157	1512.7	0
11089157	11104120	1512.9	0
11104120	11116961	1512.5	0
11116961	11129109	1512.7	0
11129109	11146607	1513.5	0
11146607	11165667	1513.3	0
11165667	11184188	1512.3	0
11184188	11198881	1512.7	0
11198881	11215112	1513.1	0
11215112	11228518	1513.5	0
11228518	11246737	1513.3	0
11246737	11263784	1512.3	0
11263784	11282517	1511.5	0
11282517	11289822	1510.7	0
11289822	11304392	1511.9	0
11304392	11326762	1511.9	0
11326762	11347316	1511.9	0
11347316	11358020	1512.1	0
11358020	11376217	1511.7	0
11376217	11388084	1512.5	0
11388084	11406825	1512.7	0
11406825	11418994	1512.3	0
11418994	11433841	1511.7	0
11433841	11455270	1512.1	0
11455270	11470187	1512.5	0
11470187	11487316	1512.5	0
11487316	11501896	1511.1	0
11501896	11513200	1511.5	0
11513200	11529127	1511.5	0
11529127	11542533	1509.9	0
11542533	11567887	1510.5	0
11567887	11576823	1511.1	0
11576823	11592263	1510.5	0
11592263	11612684	1509.9	0
11612684	11624460	1510.1	0
11624460	11651748	1509.9	0
11651748	11658056	1510.5	0
11658056	11676919	1509.1	0
11676919	11692032	1509.9	0
11692032	11706922	1509.7	0
11706922	11724047	1509.9	0
11724047	11743541	1510.1	0
11743541	11758234	1509.1	0
11758234	11767847	1509.9	0
11767847	11788123	1510.3	0
11788123	11804725	1511.1	0
11804725	11823427	1511.9	0
11823427	11837509	1511.1	0
11837509	11848911	1511.1	0
11848911	11862639	1511.3	0
11862639	11884529	1511.9	0
11884529	11896210	1511.7	0
11896210	11918483	1511.5	0
11918483	11930101	1512.3	0
11930101	11945218	1492.3	0
11945218	11965045	1493.5	0
11965045	11981415	1498.9	0
11981415	11995623	1501.9	0
11995623	12013153	1506.3	0
12013153	12029114	1507.5	0
12029114	12042731	1509.7	0
12042731	12052909	1511.3	0
12052909	12082486	1514.7	0
12082486	12097575	1517.9	0
12097575	12111506	1513.9	0
12111506	12121536	1513.3	0
12121536	12141117	1513.9	0
12141117	12155986	1510.7	0
12155986	12173654	1509.9	0
12173654	12183638	1509.3	0
12183638	12200479	1509.1	0
12200479	12218970	1509.7	0
12218970	12240973	1508.5	0
12240973	12254989	1507.9	0
12254989	12263818	1508.1	0
12263818	12282701	1508.1	0
12282701	12297966	1508.3	0
12297966	12318586	1506.3	0
12318586	12335159	1511.1	0
12335159	12344955	1509.1	0
12344955	12360332	1507.7	0
12360332	12376178	1507.7	0
12376178	12396250	1508.5	0
12396250	12418417	1508.5	0
12418417	12429547	1508.5	0
12429547	12441260	1508.3	0
12441260	12455709	1507.1	0
12455709	12481453	1508.9	0
12481453	12491575	1509.5	0
12491575	12503978	1508.9	0
12503978	12528233	1508.7	0
12528233	12535459	1508.9	0
12535459	12557360	1508.9	0
12557360	12569791	1509.9	0
12569791	12586534	1510.3	0
12586534	12605440	1510.3	0
12605440	12615779	1511.5	0
12615779	12644151	1511.5	0
12644151	12654296	1509.9	0
12654296	12673454	1510.5	0
12673454	12686757	1510.7	0
12686757	12702903	1510.7	0
12702903	12723467	1509.7	0
12723467	12731393	1510.1	0
12731393	12746004	1509.7	0
12746004	12761527	1510.1	0
12761527	12782540	1509.5	0
12782540	12794935	1510.1	0
12794935	12810991	1509.1	0
12810991	12827025	1510.1	0
12827025	12846703	1509.7	0
12846703	12861733	1511.1	0
12861733	12878474	1511.1	0
12878474	12898911	1511.7	0
12898911	12911416	1511.5	0
12911416	12925866	1510.7	0
12925866	12942218	1510.5	0
12942218	12961773	1510.7	0
12961773	12971259	1510.5	0
12971259	12990554	1510.3	0
12990554	13005324	1510.9	0
13005324	13016389	1510.1	0
13016389	13041963	1509.9	0
13041963	13049854	1509.9	0
13049854	13066038	1510.1	0
13066038	13099407	1509.9	0
13099407	13110879	1483.2	0
13110879	13124656	1491.1	0
13124656	13138669	1493.9	0
13138669	13159769	1497.9	0
13159769	13174354	1502.9	0
13174354	13189044	1502.9	0
13189044	13210064	1505.1	0
13210064	13225590	1505.5	0
13225590	13238452	1509.3	0
13238452	13261973	1510.5	0
13261973	13274051	1509.7	0
13274051	13283097	1510.1	0
13283097	13305292	1510.1	0
13305292	13313508	1511.3	0
13313508	13341169	1510.7	0
13341169	13348628	1511.1	0
13348628	13363049	1511.3	0
13363049	13378159	1512.1	0
13378159	13395466	1513.1	0
13395466	13420514	1514.1	0
13420514	13433243	1513.5	0
13433243	13442193	1512.7	0
13442193	13464248	1512.5	0
13464248	13478392	1512.3	0
13478392	13493988	1511.7	0
13493988	13507170	1511.9	0
13507170	13522413	1512.9	0
13522413	13543137	1511.7	0
13543137	13561522	1512.3	0
13561522	13579220	1512.3	0
13579220	13594440	1512.3	0
13594440	13608011	1510.3	0
13608011	13618364	1510.1	0
13618364	13633923	1509.9	0
13633923	13658643	1510.5	0
13658643	13673821	1510.3	0
13673821	13684595	1509.9	0
13684595	13699022	1509.3	0
13699022	13714420	1509.5	0
13714420	13739902	1509.3	0
13739902	13749935	1509.9	0
13749935	13768434	1509.7	0
13768434	13784603	1510.3	0
13784603	13800557	1508.9	0
13800557	13814627	1510.3	0
13814627	13826427	1510.9	0
13826427	13846822	1511.1	0
13846822	13860645	1511.5	0
13860645	13876522	1509.5	0
13876522	13899274	1510.3	0
13899274	13912375	1510.5	0
13912375	13926138	1510.1	0
13926138	13946130	1510.3	0
13946130	13955579	1509.5	0
13955579	13975626	1509.5	0
13975626	13988648	1509.7	0
13988648	14010369	1510.1	0
14010369	14025514	1509.5	0
14025514	14033636	1509.3	0
14033636	14062316	1508.9	0
14062316	14068175	1509.9	0
14068175	14082836	1510.1	0
14082836	14097865	1509.1	0
14097865	14120411	1509.9	0
14120411	14135975	1509.7	0
14135975	14148544	1510.1	0
14148544	14163339	1509.9	0
14163339	14179706	1509.5	0
14179706	14193230	1510.1	0
14193230	14220353	1509.5	0
14220353	14226927	1509.9	0
14226927	14244714	1509.9	0
14244714	14263626	1510.3	0
14263626	14281022	1510.1	0
14281022	14300649	1510.9	0
14300649	14312814	1510.3	0
14312814	14323850	1510.1	0
14323850	14338126	1509.7	0
14338126	14356568	1509.7	0
14356568	14373237	1509.3	0
14373237	14391806	1507.3	0
14391806	14402561	1507.7	0
14402561	14418479	1509.3	0
14418479	14432713	1509.3	0
14432713	14456869	1509.9	0
14456869	14472338	1509.9	0
14472338	14481158	1509.9	0
14481158	14496556	1508.3	0
14496556	14519406	1508.1	0
14519406	14534306	1508.5	0
14534306	14546095	1508.5	0
14546095	14565546	1508.7	0
14565546	14582534	1508.5	0
14582534	14595483	1509.1	0
14595483	14615641	1509.1	0
14615641	14624814	1508.5	0
14624814	14640234	1508.7	0
14640234	14660698	1508.1	0
14660698	14677899	1507.9	0
14677899	14697738	1506.9	0
14697738	14705057	1507.5	0
14705057	14727057	1508.9	0
14727057	14736043	1509.3	0
14736043	14755124	1508.5	0
14755124	14771901	1507.7	0
14771901	14788918	1508.5	0
14788918	14800370	1509.1	0
14800370	14814959	1507.9	0
14814959	14836948	1507.3	0
14836948	14851561	1507.3	0
14851561	14865507	1507.3	0
14865507	14880846	1508.1	0
14880846	14902406	1508.5	0
14902406	14910885	1509.1	0
14910885	14938194	1509.1	0
14938194	14952991	1510.1	0
14952991	14966958	1510.5	0
14966958	14982859	1510.3	0
14982859	14996352	1510.1	0
14996352	15014374	1510.9	0
15014374	15025688	1508.9	0
15025688	15048070	1509.7	0
15048070	15062471	1509.3	0
15062471	15076605	1509.5	0
15076605	15092976	1508.5	0
15092976	15104731	1509.5	0
15104731	15120665	1509.7	0
15120665	15135491	1510.3	0
15135491	15155797	1509.1	0
15155797	15172190	1509.3	0
15172190	15185889	1510.3	0
15185889	15203532	1508.3	0
15203532	15216245	1508.7	0
15216245	15230865	1508.9	0
15230865	15250072	1509.3	0
15250072	15264886	1510.9	0
15264886	15280634	1510.5	0
15280634	15298297	1509.5	0
15298297	15310163	1507.9	0
15310163	15331626	1507.7	0
15331626	15349085	1508.3	0
15349085	15361061	1507.9	0
15361061	15381426	1507.5	0
15381426	15396566	1507.5	0
15396566	15418499	1507.3	0
15418499	15425792	1506.9	0
15425792	15445294	1508.5	0
15445294	15461064	1507.1	0
15461064	15476932	1507.1	0
15476932	15506337	1507.3	0
15506337	15526647	1506.7	0
15526647	15541281	1506.7	0
15541281	15555162	1506.3	0
15555162	15572065	1505.9	0
15572065	15592565	1504.7	0
15592565	15601190	1504.9	0
15601190	15622987	1503.9	0
15622987	15634374	1502.9	0
15634374	15652730	1502.7	0
15652730	15670916	1501.1	0
15670916	15687415	1501.9	0
15687415	15700053	1501.3	0
15700053	15711886	1501.1	0
15711886	15732957	1501.7	0
15732957	15752003	1501.5	0
15752003	15760895	1500.9	0
15760895	15775608	1498.5	0
15775608	15790781	1500.3	0
15790781	15812631	1500.5	0
15812631	15827665	1502.1	0
15827665	15845380	1501.9	0
15845380	15856521	1502.7	0
15856521	15877078	1502.7	0
15877078	15898202	1502.9	0
15898202	15906753	1501.9	0
15906753	15927575	1502.7	0
15927575	15937417	1503.5	0
15937417	15958972	1503.1	0
15958972	15974819	1502.3	0
15974819	16003428	1502.5	0
16003428	16016844	1501.1	0
16016844	16039643	1500.3	0
16039643	16053838	1499.1	0
16053838	16069466	1497.9	0
16069466	16089819	1500.3	0
16089819	16100793	1497.1	0
16100793	16114910	1495.7	0
16114910	16137676	1497.3	0
16137676	16156211	1497.9	0
16156211	16166467	1499.3	0
16166467	16184338	1499.3	0
16184338	16195820	1499.9	0
16195820	16220506	1499.1	0
16220506	16236481	1496.3	0
16236481	16250380	1497.7	0
16250380	16261290	1500.3	0
16261290	16275942	1500.9	0
16275942	16301828	1499.3	0
16301828	16308659	1501.3	0
16308659	16327992	1499.9	0
16327992	16340110	1499.5	0
16340110	16356216	1501.7	0
16356216	16383093	1501.1	0
16383093	16390649	1501.1	0
16390649	16405752	1499.5	0
16405752	16420823	1498.3	0
16420823	16435903	1500.3	0
16435903	16456124	1501.1	0
16456124	16470875	1501.7	0
16470875	16490886	1501.7	0
16490886	16500399	1500.1	0
16500399	16520166	1501.9	0
16520166	16543581	1503.1	0
16543581	16557518	1501.9	0
16557518	16572243	1503.1	0
16572243	16588642	1503.1	0
16588642	16597404	1504.7	0
16597404	16620968	1505.5	0
16620968	16636791	1505.3	0
16636791	16648867	1504.5	0
16648867	16669443	1503.7	0
16669443	16683218	1504.9	0
16683218	16701908	1503.9	0
16701908	16720343	1505.9	0
16720343	16738146	1505.9	0
16738146	16746447	1504.9	0
16746447	16767458	1504.9	0
16767458	16779338	1505.3	0
16779338	16799249	1505.1	0
16799249	16810197	1505.1	0
16810197	16829053	1504.7	0
16829053	16837210	1504.5	0
16837210	16863263	1504.7	0
16863263	16871356	1504.1	0
16871356	16892900	1504.7	0
16892900	16902879	1504.3	0
16902879	16920401	1503.5	0
16920401	16943283	1502.3	0
16943283	16954152	1477.5	0
16954152	16970155	1472.9	0
16970155	16992124	1477.5	0
16992124	17004915	1485.6	0
17004915	17022443	1493.2	0
17022443	17036933	1493.1	0
17036933	17053870	1495.5	0
17053870	17082491	1496.9	0
17082491	17092106	1498.1	0
17092106	17107244	1498.9	0
17107244	17121882	1498.3	0
17121882	17141849	1496.7	0
17141849	17156699	1498.1	0
17156699	17168070	1499.1	0
17168070	17189967	1499.1	0
17189967	17201587	1497.5	0
17201587	17221510	1503.1	0
17221510	17234968	1502.5	0
17234968	17247473	1498.9	0
17247473	17263211	1500.7	0
17263211	17284582	1499.1	0
17284582	17294580	1499.1	0
17294580	17315767	1498.3	0
17315767	17335316	1498.5	0
17335316	17343852	1497.7	0
17343852	17363267	1498.7	0
17363267	17378193	1500.1	0
17378193	17395200	1501.1	0
17395200	17409447	1501.1	0
17409447	17432077	1500.7	0
17432077	17447512	1500.1	0
17447512	17458620	1500.5	0
17458620	17475473	1499.9	0
17475473	17496878	1499.1	0
17496878	17505059	1499.9	0
17505059	17528941	1500.3	0
17528941	17537363	1499.1	0
17537363	17556862	1498.9	0
17556862	17571849	1498.7	0
17571849	17592243	1500.1	0
17592243	17607282	1499.5	0
17607282	17616769	1500.1	0
17616769	17641992	1496.7	0
17641992	17651789	1495.5	0
17651789	17668088	1498.9	0
17668088	17684572	1500.9	0
17684572	17699423	1500.7	0
17699423	17725070	1501.5	0
17725070	17737846	1500.9	0
17737846	17748625	1502.1	0
17748625	17769329	1501.5	0
17769329	17780170	1501.3	0
17780170	17802830	1502.1	0
17802830	17831482	1500.9	0
17831482	17845865	1502.7	0
17845865	17861959	1503.1	0
17861959	17886676	1502.9	0
17886676	17903389	1502.1	0
17903389	17915840	1501.5	0
17915840	17933060	1501.3	0
17933060	17940991	1502.5	0
17940991	17965311	1499.9	0
17965311	17977648	1500.3	0
17977648	17992081	1499.3	0
17992081	18011087	1499.1	0
18011087	18028436	1499.7	0
18028436	18049471	1499.5	0
18049471	18063869	1500.1	0
18063869	18079524	1500.1	0
18079524	18093343	1499.5	0
18093343	18111124	1498.7	0
18111124	18129642	1499.1	0
18129642	18139215	1500.7	0
18139215	18154838	1501.7	0
18154838	18172288	1500.7	0
18172288	18191508	1499.7	0
18191508	18212455	1499.7	0
18212455	18219433	1499.9	0
18219433	18237578	1500.5	0
18237578	18255707	1499.7	0
18255707	18265759	1500.1	0
18265759	18288982	1501.3	0
18288982	18301767	1501.3	0
18301767	18315104	1498.3	0
18315104	18346537	1499.7	0
18346537	18373948	1500.1	0
18373948	18387389	1498.3	0
18387389	18399291	1497.7	0
18399291	18415885	1498.1	0
18415885	18427606	1497.9	0
18427606	18446172	1497.7	0
18446172	18464827	1499.1	0
18464827	18481455	1499.3	0
18481455	18500486	1499.7	0
18500486	18507671	1499.3	0
18507671	18528156	1497.7	0
18528156	18547504	1497.3	0
18547504	18558541	1496.1	0
18558541	18579182	1495.5	0
18579182	18589163	1496.5	0
18589163	18618696	1498.3	0
18618696	18624224	1497.3	0
18624224	18639668	1496.3	0
18639668	18654936	1495.5	0
18654936	18670548	1497.1	0
18670548	18690734	1496.3	0
18690734	18707472	1495.9	0
18707472	18724148	1493.9	0
18724148	18742239	1495.7	0
18742239	18751111	1497.1	0
18751111	18772172	1497.3	0
18772172	18792977	1497.5	0
18792977	18801791	1497.5	0
18801791	18818206	1497.7	0
18818206	18838498	1497.7	0
18838498	18854792	1499.1	0
18854792	18867589	1499.9	0
18867589	18882174	1499.5	0
18882174	18904984	1499.5	0
18904984	18918578	1499.3	0
18918578	18934454	1498.7	0
18934454	18947708	1498.7	0
18947708	18969339	1499.5	0
18969339	18979043	1499.9	0
18979043	19000375	1500.9	0
19000375	19017876	1502.5	0
19017876	19026528	1502.3	0
19026528	19037806	1503.7	0
19037806	19059471	1501.3	0
19059471	19075634	1500.1	0
19075634	19101903	1499.7	0
19101903	19107976	1501.3	0
19107976	19125266	1500.5	0
19125266	19144263	1501.3	0
19144263	19158266	1501.1	0
19158266	19182180	1500.9	0
19182180	19189216	1502.1	0
19189216	19210523	1503.1	0
19210523	19229768	1503.5	0
19229768	19239841	1502.9	0
19239841	19259056	1502.9	0
19259056	19275175	1502.1	0
19275175	19285235	1504.1	0
19285235	19302191	1502.3	0
19302191	19319543	1501.1	0
19319543	19337537	1500.7	0
19337537	19354797	1500.9	0
19354797	19369106	1500.3	0
19369106	19386499	1502.7	0
19386499	19404887	1502.5	0
19404887	19425019	1502.5	0
19425019	19431725	1503.9	0
19431725	19447656	1504.3	0
19447656	19460776	1505.3	0
19460776	19476168	1504.9	0
19476168	19496897	1505.1	0
19496897	19513747	1503.9	0
19513747	19526614	1504.1	0
19526614	19548085	1503.5	0
19548085	19562416	1503.5	0
19562416	19576876	1502.5	0
19576876	19591739	1504.3	0
19591739	19615657	1502.7	0
19615657	19623632	1504.1	0
19623632	19643909	1503.7	0
19643909	19662565	1503.1	0
19662565	19678660	1502.1	0
19678660	19697285	1501.9	0
19697285	19711489	1503.3	0
19711489	19727538	1502.9	0
19727538	19745217	1504.1	0
19745217	19753316	1502.9	0
19753316	19775001	1502.5	0
19775001	19789485	1503.7	0
19789485	19805586	1503.7	0
19805586	19825730	1504.5	0
19825730	19840580	1504.9	0
19840580	19850219	1504.5	0
19850219	19865179	1504.3	0
19865179	19881243	1505.1	0
19881243	19902984	1504.7	0
19902984	19915166	1505.3	0
19915166	19937746	1504.9	0
19937746	19953947	1504.3	0
19953947	19969571	1504.7	0
19969571	19982380	1505.9	0
19982380	19992745	1504.9	0
19992745	20024615	1505.3	0
20024615	20038489	1482.0	0
20038489	20059737	1487.8	0
20059737	20075275	1493.6	0
20075275	20088565	1493.9	0
20088565	20110368	1496.9	0
20110368	20119321	1499.5	0
20119321	20138548	1500.3	0
20138548	20148471	1500.9	0
20148471	20169127	1502.9	0
20169127	20193118	1502.7	0
20193118	20204128	1504.7	0
20204128	20218820	1505.7	0
20218820	20237948	1506.7	0
20237948	20256331	1504.7	0
20256331	20270646	1506.5	0
20270646	20291568	1506.5	0
20291568	20306526	1505.5	0
20306526	20320879	1506.1	0
20320879	20329676	1506.1	0
20329676	20357177	1506.5	0
20357177	20370377	1506.3	0
20370377	20381968	1507.1	0
20381968	99999999	1507.1	0
