#Processing Run 48624 for polarization tables
#The run table thinks this was a DPERPL2 run
#Corresponding AMO file is :/home/clasg8/rootbeer2.1/dat/pol/amo_tesc_48579.dat
#Coherent Edge positions for TESC events follow:
#Event	Coh Edge	PolPlane(PARA=0,PERP=1,AMO=2,CHANGING=3)
0	3163	1721.9	1
3163	16888	1734.3	1
16888	35817	1731.7	1
35817	42388	1725.9	1
42388	57535	1722.5	1
57535	75871	1721.5	1
75871	88557	1716.9	1
88557	101788	1719.7	1
101788	114216	1712.3	1
114216	131459	1711.1	1
131459	144186	1712.1	1
144186	158312	1711.9	1
158312	171934	1715.5	1
171934	190715	1715.9	1
190715	197009	1715.3	1
197009	210689	1714.5	1
210689	228045	1714.3	1
228045	242672	1713.9	1
242672	253128	1713.5	1
253128	273726	1712.5	1
273726	280731	1713.1	1
280731	301255	1713.1	1
301255	311612	1713.5	1
311612	321818	1711.9	1
321818	342409	1712.5	1
342409	355661	1712.5	1
355661	369394	1712.3	1
369394	385024	1711.5	1
385024	397236	1711.7	1
397236	416634	1711.9	1
416634	430699	1711.3	1
430699	445650	1711.7	1
445650	459465	1712.1	1
459465	469092	1711.7	1
469092	482797	1710.7	1
482797	498827	1710.3	1
498827	510395	1710.5	1
510395	534874	1710.9	1
534874	542364	1710.5	1
542364	555214	1710.7	1
555214	568688	1710.5	1
568688	587131	1711.5	1
587131	599178	1711.3	1
599178	620962	1711.7	1
620962	630112	1732.9	1
630112	645304	1732.3	1
645304	652378	1731.1	1
652378	667694	1730.5	1
667694	681535	1729.5	1
681535	697488	1723.5	1
697488	710169	1722.3	1
710169	718000	1722.1	1
718000	731267	1719.9	1
731267	751543	1717.7	1
751543	764362	1719.5	1
764362	779842	1718.1	1
779842	793441	1718.3	1
793441	808007	1716.5	1
808007	828175	1714.7	1
828175	843388	1714.1	1
843388	856920	1715.1	1
856920	870593	1714.1	1
870593	878250	1713.9	1
878250	894348	1713.7	1
894348	910639	1713.9	1
910639	923919	1713.5	1
923919	937833	1713.9	1
937833	944840	1712.5	1
944840	962487	1712.3	1
962487	972229	1711.5	1
972229	993859	1711.5	1
993859	1000068	1710.9	1
1000068	1013370	1711.1	1
1013370	1035057	1710.5	1
1035057	1054941	1711.5	1
1054941	1068886	1711.9	1
1068886	1076636	1711.1	1
1076636	1096876	1711.5	1
1096876	1107028	1712.5	1
1107028	1124523	1710.5	1
1124523	1139842	1711.3	1
1139842	1152447	1710.9	1
1152447	1167180	1711.1	1
1167180	1180096	1711.9	1
1180096	1198900	1711.9	1
1198900	1214120	1741.6	1
1214120	1227337	1735.7	1
1227337	1237580	1734.3	1
1237580	1251757	1733.3	1
1251757	1266459	1731.7	1
1266459	1275603	1727.5	1
1275603	1288155	1727.1	1
1288155	1309784	1726.9	1
1309784	1315662	1722.9	1
1315662	1328767	1722.5	1
1328767	1339096	1722.7	1
1339096	1358938	1720.3	1
1358938	1376497	1720.3	1
1376497	1391782	1717.1	1
1391782	1405566	1717.5	1
1405566	1419532	1716.9	1
1419532	1428910	1715.3	1
1428910	1447623	1713.9	1
1447623	1465826	1713.3	1
1465826	1472828	1712.5	1
1472828	1489018	1712.7	1
1489018	1507986	1712.5	1
1507986	1520025	1713.3	1
1520025	1529671	1712.5	1
1529671	1545166	1712.5	1
1545166	1563983	1712.3	1
1563983	1577657	1711.3	1
1577657	1597465	1711.7	1
1597465	1602383	1711.9	1
1602383	1622223	1712.1	1
1622223	1636607	1711.9	1
1636607	1647588	1711.3	1
1647588	1663205	1710.9	1
1663205	1678121	1712.1	1
1678121	1693393	1711.7	1
1693393	1707477	1711.1	1
1707477	1715390	1711.1	1
1715390	1736289	1710.3	1
1736289	1752749	1710.5	1
1752749	1759304	1709.9	1
1759304	1778101	1711.5	1
1778101	1792659	1710.9	1
1792659	1811385	1710.9	1
1811385	1817677	1711.3	1
1817677	1831717	1710.3	1
1831717	1844873	1710.5	1
1844873	1860481	1710.1	1
1860481	1878448	1709.9	1
1878448	1894673	1710.5	1
1894673	1908537	1711.1	1
1908537	1915411	1710.3	1
1915411	1934679	1710.9	1
1934679	1949407	1710.3	1
1949407	1961889	1711.1	1
1961889	1974844	1711.1	1
1974844	1988626	1712.3	1
1988626	2006794	1711.3	1
2006794	2025600	1709.7	1
2025600	2038894	1711.9	1
2038894	2046391	1712.1	1
2046391	2066953	1711.1	1
2066953	2074018	1711.3	1
2074018	2091726	1711.7	1
2091726	2108771	1711.7	1
2108771	2122517	1711.1	1
2122517	2135105	1710.7	1
2135105	2142812	1711.7	1
2142812	2162898	1711.5	1
2162898	2181621	1711.1	1
2181621	2195378	1711.3	1
2195378	2201898	1710.7	1
2201898	2225028	1711.3	1
2225028	2238882	1711.1	1
2238882	2252459	1711.3	1
2252459	2266326	1710.7	1
2266326	2280088	1710.5	1
2280088	2286395	1711.5	1
2286395	2306519	1711.1	1
2306519	2321571	1710.7	1
2321571	2336533	1710.3	1
2336533	2350038	1711.5	1
2350038	2357874	1711.3	1
2357874	2381758	1712.1	1
2381758	2396601	1710.3	1
2396601	2403895	1711.7	1
2403895	2417679	1711.1	1
2417679	2431191	1712.1	1
2431191	2452418	1711.5	1
2452418	2462601	1710.5	1
2462601	2480483	1711.1	1
2480483	2494697	1711.7	1
2494697	2508261	1711.5	1
2508261	2521460	1711.3	1
2521460	2540966	1711.7	1
2540966	2552369	1710.5	1
2552369	2560099	1710.9	1
2560099	2574406	1709.5	1
2574406	2597207	1711.1	1
2597207	2603950	1711.9	1
2603950	2624773	1712.3	1
2624773	2638001	1712.1	1
2638001	2651426	1711.1	1
2651426	2665876	1710.9	1
2665876	2681314	1711.1	1
2681314	2694144	1711.5	1
2694144	2702080	1711.5	1
2702080	2722245	1711.3	1
2722245	2736210	1711.1	1
2736210	2757123	1711.3	1
2757123	2768829	1740.6	1
2768829	2778533	1736.3	1
2778533	2793931	1734.7	1
2793931	2805387	1732.7	1
2805387	2811386	1731.9	1
2811386	2824996	1729.1	1
2824996	2838768	1726.9	1
2838768	2857516	1724.3	1
2857516	2873966	1723.1	1
2873966	2887794	1721.9	1
2887794	2901402	1720.1	1
2901402	2915015	1720.3	1
2915015	2935123	1719.5	1
2935123	2942047	1716.9	1
2942047	2961286	1716.9	1
2961286	2972961	1718.9	1
2972961	2986494	1714.7	1
2986494	2999765	1715.3	1
2999765	3010650	1713.9	1
3010650	3031311	1714.3	1
3031311	3039095	1714.1	1
3039095	3058561	1712.5	1
3058561	3062972	1712.9	1
3062972	3078714	1753.2	1
3078714	3090943	1744.6	1
3090943	3105845	1741.2	1
3105845	3127178	1733.5	1
3127178	3139208	1729.9	1
3139208	3159841	1727.9	1
3159841	3174405	1722.7	1
3174405	3189005	1721.9	1
3189005	3201997	1720.9	1
3201997	3214961	1716.9	1
3214961	3235537	1715.7	1
3235537	3245404	1714.5	1
3245404	3260536	1711.7	1
3260536	3279152	1710.1	1
3279152	3294118	1708.5	1
3294118	3309171	1708.5	1
3309171	3329343	1706.7	1
3329343	3336341	1706.1	1
3336341	3356815	1706.3	1
3356815	3377193	1705.5	1
3377193	3383997	1705.3	1
3383997	3397470	1704.7	1
3397470	3413527	1704.1	1
3413527	3435049	1705.7	1
3435049	3452119	1703.1	1
3452119	3466493	1703.5	1
3466493	3480865	1703.5	1
3480865	3496801	1703.5	1
3496801	3512146	1703.1	1
3512146	3528996	1702.9	1
3528996	3551038	1702.9	1
3551038	3572696	1704.9	1
3572696	3590727	1703.7	1
3590727	3601419	1704.5	1
3601419	3614582	1704.7	1
3614582	3627580	1707.3	1
3627580	3634381	1707.3	1
3634381	3654110	1708.9	1
3654110	3671624	1708.1	1
3671624	3684352	1709.9	1
3684352	3692862	1711.1	1
3692862	3706561	1710.5	1
3706561	3729672	1709.7	1
3729672	3736447	1709.1	1
3736447	3758361	1708.7	1
3758361	3771539	1706.9	1
3771539	3778058	1708.5	1
3778058	3799038	1709.3	1
3799038	3808241	1709.1	1
3808241	3827727	1707.3	1
3827727	3840878	1708.3	1
3840878	3849356	1709.5	1
3849356	3874260	1710.1	1
3874260	3876855	1709.9	1
3876855	3891041	1709.9	1
3891041	254	1711.3	1
254	3917117	1711.5	1
3917117	3928001	1732.5	1
3928001	3939913	1730.9	1
3939913	3954598	1730.1	1
3954598	3964175	1729.5	1
3964175	3982718	1724.5	1
3982718	3996503	1723.1	1
3996503	4010742	1723.5	1
4010742	4023982	1721.1	1
4023982	4034510	1720.7	1
4034510	4049815	1720.9	1
4049815	4061771	1720.1	1
4061771	4081892	1717.3	1
4081892	4095895	1716.9	1
4095895	4111063	1715.1	1
4111063	4125144	1714.5	1
4125144	4139535	1714.3	1
4139535	4153033	1714.1	1
4153033	4161080	1714.1	1
4161080	4179965	1713.1	1
4179965	4194030	1712.3	1
4194030	4202893	1712.5	1
4202893	4215760	1712.7	1
4215760	4243062	1713.9	1
4243062	4253558	1712.5	1
4253558	4270596	1711.7	1
4270596	4283026	1712.5	1
4283026	4296820	1712.9	1
4296820	4302774	1713.1	1
4302774	4310641	1740.2	1
4310641	4326139	1736.1	1
4326139	4338371	1734.9	1
4338371	4342848	1733.7	1
4342848	4366776	1732.7	1
4366776	4373846	1729.7	1
4373846	4393761	1728.1	1
4393761	4401941	1727.1	1
4401941	4420631	1725.7	1
4420631	4434318	1722.3	1
4434318	4451357	1721.1	1
4451357	4461900	1719.5	1
4461900	4473759	1719.1	1
4473759	4491569	1717.1	1
4491569	4509774	1714.3	1
4509774	4523491	1714.5	1
4523491	4530438	1714.5	1
4530438	4551230	1714.1	1
4551230	4558175	1713.7	1
4558175	4578947	1714.1	1
4578947	4590257	1712.9	1
4590257	4606763	1713.5	1
4606763	4615257	1713.3	1
4615257	4637035	1712.9	1
4637035	4654960	1712.5	1
4654960	4667524	1710.7	1
4667524	4682714	1710.5	1
4682714	4696507	1710.3	1
4696507	4702536	1710.9	1
4702536	4723955	1710.7	1
4723955	4732386	1711.5	1
4732386	4750665	1712.7	1
4750665	4764347	1713.9	1
4764347	4778439	1712.9	1
4778439	4793816	1712.3	1
4793816	4805571	1711.5	1
4805571	4816721	1710.9	1
4816721	4830528	1710.9	1
4830528	4844884	1711.5	1
4844884	4865443	1710.9	1
4865443	4881464	1711.7	1
4881464	4895301	1711.5	1
4895301	4902279	1712.1	1
4902279	4923098	1712.1	1
4923098	4941881	1711.5	1
4941881	4948547	1710.9	1
4948547	4968003	1710.9	1
4968003	4976272	1711.3	1
4976272	4992636	1710.9	1
4992636	5013166	1712.1	1
5013166	5024220	1712.3	1
5024220	5033485	1711.7	1
5033485	5047223	1712.5	1
5047223	5060980	1712.1	1
5060980	5080180	1712.5	1
5080180	5090418	1711.3	1
5090418	5102252	1710.9	1
5102252	5123109	1711.9	1
5123109	5137055	1710.9	1
5137055	5151592	1712.1	1
5151592	5162529	1710.7	1
5162529	5176314	1709.5	1
5176314	5189901	1710.3	1
5189901	5204977	1710.5	1
5204977	5225650	1711.3	1
5225650	5237230	1710.9	1
5237230	5252429	1710.7	1
5252429	5269952	1712.5	1
5269952	5283846	1711.1	1
5283846	5303384	1711.7	1
5303384	5309782	1713.1	1
5309782	5331084	1712.3	1
5331084	5344969	1710.9	1
5344969	5358876	1709.3	1
5358876	5372731	1708.7	1
5372731	5387291	1709.9	1
5387291	5400494	1709.3	1
5400494	5414952	1710.5	1
5414952	5423155	1710.7	1
5423155	5439003	1710.7	1
5439003	5456494	1711.7	1
5456494	5470655	1711.9	1
5470655	5484436	1711.1	1
5484436	5499953	1710.5	1
5499953	5513394	1709.7	1
5513394	5528849	1711.1	1
5528849	5545777	1711.1	1
5545777	5558878	1712.1	1
5558878	5573293	1713.9	1
5573293	5588175	1712.1	1
5588175	5597169	1713.1	1
5597169	5610952	1710.7	1
5610952	5631009	1711.1	1
5631009	5642704	1711.9	1
5642704	5657732	1710.7	1
5657732	5669873	1711.3	1
5669873	5683630	1710.5	1
5683630	5697288	1711.1	1
5697288	5710950	1711.9	1
5710950	5713180	1707.5	1
5713180	5728414	1750.2	1
5728414	5738193	1745.8	1
5738193	5753097	1742.4	1
5753097	5759137	1740.2	1
5759137	5779238	1734.9	1
5779238	5787538	1730.9	1
5787538	5804093	1729.7	1
5804093	5821306	1727.5	1
5821306	5830105	1726.9	1
5830105	5846910	1724.5	1
5846910	5860489	1723.7	1
5860489	5880716	1722.3	1
5880716	5887878	1721.1	1
5887878	5901299	1719.7	1
5901299	5915050	1717.5	1
5915050	5927735	1715.7	1
5927735	5949909	1715.3	1
5949909	5963796	1714.7	1
5963796	5977515	1714.1	1
5977515	5991252	1714.3	1
5991252	6005075	1714.3	1
6005075	6025302	1713.3	1
6025302	6029116	1713.3	1
6029116	6042690	1713.9	1
6042690	6056171	1713.5	1
6056171	6069674	1712.9	1
6069674	6092462	1712.5	1
6092462	6118279	1712.5	1
6118279	6141404	1712.3	1
6141404	6154309	1734.3	1
6154309	6169607	1732.9	1
6169607	6181200	1732.3	1
6181200	6187205	1731.5	1
6187205	6205883	1729.7	1
6205883	6217077	1725.9	1
6217077	6234945	1727.1	1
6234945	6241266	1714.5	1
6241266	6262225	1716.1	1
6262225	6269240	1719.9	1
6269240	6290104	1719.7	1
6290104	6307859	1719.9	1
6307859	6319678	1716.5	1
6319678	6333330	1716.3	1
6333330	6345689	1717.3	1
6345689	6354977	1715.7	1
6354977	6376588	1715.9	1
6376588	6385275	1716.1	1
6385275	6399321	1713.7	1
6399321	6411768	1713.3	1
6411768	6432190	1712.5	1
6432190	6441575	1713.7	1
6441575	6459475	1713.1	1
6459475	6471763	1713.7	1
6471763	6489080	1716.5	1
6489080	6495898	1712.7	1
6495898	6521529	1712.9	1
6521529	6534053	1712.1	1
6534053	6541315	1712.1	1
6541315	6555528	1712.5	1
6555528	6576281	1711.7	1
6576281	6594972	1710.7	1
6594972	6608480	1712.5	1
6608480	6621703	1711.7	1
6621703	6630966	1711.3	1
6630966	6649092	1710.3	1
6649092	6662120	1710.7	1
6662120	6675799	1711.1	1
6675799	6696488	1711.9	1
6696488	6709893	1711.7	1
6709893	6717954	1711.3	1
6717954	6739628	1711.1	1
6739628	6752052	1711.9	1
6752052	6765764	1712.3	1
6765764	6779425	1711.9	1
6779425	6793277	1711.1	1
6793277	6807117	1712.5	1
6807117	6827374	1711.5	1
6827374	6831857	1712.3	1
6831857	6846107	1710.9	1
6846107	6859843	1711.5	1
6859843	6879390	1711.3	1
6879390	6897867	1711.9	1
6897867	6911779	1711.3	1
6911779	6919549	1711.5	1
6919549	6939180	1711.7	1
6939180	6954671	1711.7	1
6954671	6970129	1710.1	1
6970129	6983131	1711.5	1
6983131	6995685	1711.1	1
6995685	7005305	1711.5	1
7005305	7022973	1711.9	1
7022973	7040645	1712.1	1
7040645	7048735	1712.7	1
7048735	7067114	1712.7	1
7067114	7076378	1712.9	1
7076378	7105701	1711.7	1
7105701	7124748	1711.5	1
7124748	7138345	1711.9	1
7138345	7152288	1712.5	1
7152288	7172159	1711.9	1
7172159	7176561	1711.5	1
7176561	7195504	1711.9	1
7195504	7205260	1711.9	1
7205260	7217323	1711.9	1
7217323	7241896	1711.3	1
7241896	7247939	1711.7	1
7247939	7267442	1713.1	1
7267442	7280434	1712.7	1
7280434	7288539	1712.7	1
7288539	7309199	1713.1	1
7309199	7321864	1711.7	1
7321864	7329738	1713.3	1
7329738	7342673	1712.9	1
7342673	7355831	1712.5	1
7355831	7377459	1712.1	1
7377459	7390654	1711.3	1
7390654	7410235	1711.3	1
7410235	7418682	1714.1	1
7418682	7430885	1712.5	1
7430885	7450240	1713.3	1
7450240	7466881	1714.3	1
7466881	7473833	1712.7	1
7473833	7494528	1712.3	1
7494528	7508249	1711.7	1
7508249	7521957	1711.9	1
7521957	7535870	1711.7	1
7535870	7546999	1711.7	1
7546999	7560840	1711.5	1
7560840	7576855	1711.1	1
7576855	7592043	1710.7	1
7592043	7611258	1712.3	1
7611258	7625111	1711.3	1
7625111	7631894	1711.3	1
7631894	7645890	1710.7	1
7645890	7663936	1711.1	1
7663936	7680751	1710.9	1
7680751	7694555	1711.5	1
7694555	7708515	1713.1	1
7708515	7722758	1712.3	1
7722758	7735306	1712.1	1
7735306	7754761	1714.5	1
7754761	7769392	1711.3	1
7769392	7777877	1712.3	1
7777877	7791742	1711.5	1
7791742	7812666	1712.1	1
7812666	7885777	1710.3	1
7885777	7897798	1710.7	1
7897798	7906255	1710.7	1
7906255	7924771	1711.5	1
7924771	7932181	1712.5	1
7932181	7951056	1711.7	1
7951056	7965734	1711.5	1
7965734	7978012	1712.1	1
7978012	7991942	1712.1	1
7991942	8012343	1712.5	1
8012343	8029798	1712.1	1
8029798	8042264	1711.7	1
8042264	8049657	1712.1	1
8049657	8068290	1711.7	1
8068290	8081693	1711.5	1
8081693	8095790	1711.5	1
8095790	8108880	1711.7	1
8108880	8122762	1712.1	1
8122762	8136963	1712.1	1
8136963	8150220	1713.7	1
8150220	8171028	1711.7	1
8171028	8184791	1713.7	1
8184791	8198670	1711.5	1
8198670	8205587	1710.7	1
8205587	8226357	1711.9	1
8226357	8240296	1712.1	1
8240296	8269691	1713.9	1
8269691	8283745	1712.3	1
8283745	8295070	1712.3	1
8295070	8315262	1712.1	1
8315262	8328075	1712.1	1
8328075	8342762	1711.9	1
8342762	8349629	1710.7	1
8349629	8363483	1710.9	1
8363483	8383570	1711.9	1
8383570	8400421	1711.9	1
8400421	8405569	1711.9	1
8405569	8425584	1711.9	1
8425584	8439396	1711.1	1
8439396	8453307	1711.5	1
8453307	8465364	1710.5	1
8465364	8483496	1710.7	1
8483496	8498107	1711.7	1
8498107	8506289	1711.1	1
8506289	8527174	1711.3	1
8527174	8548589	1712.3	1
8548589	8557076	1712.7	1
8557076	8573979	1712.5	1
8573979	8586912	1712.1	1
8586912	8598546	1711.7	1
8598546	8613587	1711.7	1
8613587	8623002	1711.9	1
8623002	8640066	1712.3	1
8640066	8654915	1712.1	1
8654915	8676135	1713.1	1
8676135	8683500	1712.3	1
8683500	8700433	1712.5	1
8700433	8711860	1734.1	1
8711860	8723445	1733.3	1
8723445	8729670	1732.1	1
8729670	8746274	1730.9	1
8746274	8763338	1727.5	1
8763338	8769817	1726.7	1
8769817	8787836	1723.1	1
8787836	8796794	1720.3	1
8796794	8814174	1720.3	1
8814174	8823144	1720.7	1
8823144	8842016	1720.3	1
8842016	8856897	1719.3	1
8856897	8865671	1718.7	1
8865671	8891359	1716.7	1
8891359	8905428	1715.5	1
8905428	8918114	1714.7	1
8918114	8931867	1715.1	1
8931867	8945399	1713.9	1
8945399	8965220	1712.9	1
8965220	8976161	1712.5	1
8976161	8982161	1734.5	1
8982161	8994643	1733.7	1
8994643	9005451	1732.3	1
9005451	9023977	1731.3	1
9023977	9042106	1730.3	1
9042106	9053908	1727.9	1
9053908	9065611	1723.5	1
9065611	9081795	1726.9	1
9081795	9093031	1722.9	1
9093031	9106953	1721.9	1
9106953	9117432	1720.7	1
9117432	9137280	1719.7	1
9137280	9144662	1717.7	1
9144662	9161564	1719.3	1
9161564	9180603	1716.7	1
9180603	9189512	1714.7	1
9189512	9206335	1714.7	1
9206335	9215236	1715.1	1
9215236	9235302	1714.5	1
9235302	9252297	1714.1	1
9252297	9261851	1712.9	1
9261851	9281929	1713.1	1
9281929	9295664	1712.7	1
9295664	9303629	1711.9	1
9303629	9324152	1711.5	1
9324152	9337970	1711.9	1
9337970	9352164	1712.3	1
9352164	9365291	1712.1	1
9365291	9379703	1712.5	1
9379703	9404469	1712.3	1
9404469	9413578	1731.3	1
9413578	9430277	1730.7	1
9430277	9436506	1729.5	1
9436506	9449877	1727.7	1
9449877	9469916	1726.9	1
9469916	9483597	1722.7	1
9483597	9494190	1720.9	1
9494190	9510852	1721.5	1
9510852	9521316	1721.3	1
9521316	9538784	1720.3	1
9538784	9559344	1717.5	1
9559344	9570548	1716.1	1
9570548	9584552	1716.1	1
9584552	9593825	1718.7	1
9593825	9607663	1715.7	1
9607663	9626877	1715.7	1
9626877	9633320	1714.7	1
9633320	9647551	1714.1	1
9647551	9664555	1715.9	1
9664555	9680055	1712.3	1
9680055	9697232	1711.9	1
9697232	9714386	1711.9	1
9714386	9734937	1712.9	1
9734937	9753959	1713.3	1
9753959	9772206	1712.5	1
9772206	9778655	1711.1	1
9778655	9799668	1711.9	1
9799668	9813569	1712.7	1
9813569	9820460	1712.1	1
9820460	9839684	1713.5	1
9839684	9850841	1712.9	1
9850841	9870144	1712.7	1
9870144	9884398	1712.7	1
9884398	9896763	1711.7	1
9896763	9910673	1712.9	1
9910673	9924241	1711.5	1
9924241	9943162	1711.3	1
9943162	9951366	1712.7	1
9951366	9965068	1712.1	1
9965068	9987346	1713.3	1
9987346	10001508	1711.3	1
10001508	10009561	1712.7	1
10009561	10028433	1712.7	1
10028433	10043084	1712.5	1
10043084	10057885	1712.3	1
10057885	10069553	1712.1	1
10069553	10083618	1711.9	1
10083618	653	1712.3	1
653	10104984	1741.2	1
10104984	10115848	1736.3	1
10115848	10130235	1735.1	1
10130235	10136907	1733.3	1
10136907	10153027	1732.5	1
10153027	10158271	1728.9	1
10158271	10184556	1728.9	1
10184556	10191384	1729.3	1
10191384	10204886	1726.7	1
10204886	10218524	1723.7	1
10218524	10237856	1721.9	1
10237856	10255620	1720.7	1
10255620	10266948	1717.3	1
10266948	10274691	1716.7	1
10274691	10295737	1716.9	1
10295737	10309800	1719.7	1
10309800	10328075	1715.3	1
10328075	10334874	1715.5	1
10334874	10352791	1713.9	1
10352791	10360872	1713.3	1
10360872	10374203	1712.9	1
10374203	10398967	1713.3	1
10398967	10411082	1712.9	1
10411082	10419781	1712.7	1
10419781	10438581	1711.7	1
10438581	10453041	1712.7	1
10453041	10469899	1712.7	1
10469899	10484145	1714.3	1
10484145	10500885	1713.9	1
10500885	10511044	1738.4	1
10511044	10519191	1733.7	1
10519191	10536247	1732.9	1
10536247	10544585	1731.9	1
10544585	10561573	1729.9	1
10561573	10576539	1726.7	1
10576539	10590299	1719.9	1
10590299	10604119	1716.3	1
10604119	10617900	1721.3	1
10617900	10630234	1720.7	1
10630234	10638545	1720.5	1
10638545	10659152	1719.7	1
10659152	10679173	1719.5	1
10679173	10693163	1716.5	1
10693163	10700823	1714.9	1
10700823	10719259	1714.1	1
10719259	10728310	1713.9	1
10728310	10745555	1713.3	1
10745555	10762656	1713.7	1
10762656	10776394	1714.1	1
10776394	10790062	1714.3	1
10790062	10803655	1713.5	1
10803655	10824412	1715.7	1
10824412	10838348	1713.5	1
10838348	10845654	1712.5	1
10845654	10865861	1712.1	1
10865861	10879791	1712.3	1
10879791	10892194	1711.5	1
10892194	10908157	1712.7	1
10908157	10918867	1713.1	1
10918867	10932808	1712.5	1
10932808	10948994	1713.3	1
10948994	10974672	1713.3	1
10974672	10986063	1734.9	1
10986063	10996879	1734.1	1
10996879	11010672	1733.3	1
11010672	11020602	1732.7	1
11020602	11035141	1728.1	1
11035141	11052792	1727.9	1
11052792	11060267	1721.3	1
11060267	11073088	1719.9	1
11073088	11090320	1719.9	1
11090320	11103550	1720.7	1
11103550	11122358	1721.1	1
11122358	11136183	1720.5	1
11136183	11143600	1719.9	1
11143600	11156944	1717.1	1
11156944	11177882	1717.9	1
11177882	11191775	1715.1	1
11191775	11198846	1714.1	1
11198846	11218350	1713.5	1
11218350	11232510	1713.5	1
11232510	11244952	1714.1	1
11244952	11260904	1714.1	1
11260904	11274694	1714.1	1
11274694	11287499	1713.7	1
11287499	11301129	1713.7	1
11301129	11318511	1712.7	1
11318511	11328596	1713.3	1
11328596	11341372	1712.3	1
11341372	11355070	1712.5	1
11355070	11376390	1713.3	1
11376390	11395332	1715.1	1
11395332	11404257	1711.9	1
11404257	11417211	1711.7	1
11417211	11434292	1711.9	1
11434292	11450215	1712.9	1
11450215	11459786	1712.7	1
11459786	11471955	1711.5	1
11471955	11491761	1710.7	1
11491761	11498154	1711.5	1
11498154	11516481	1713.3	1
11516481	11540198	1712.1	1
11540198	11546930	1712.7	1
11546930	11565469	1712.7	1
11565469	11573937	1714.1	1
11573937	11587924	1713.7	1
11587924	11604801	1712.3	1
11604801	11623328	1713.1	1
11623328	11631960	1713.1	1
11631960	11651354	1712.1	1
11651354	11663660	1712.1	1
11663660	11675649	1712.9	1
11675649	11693362	1713.1	1
11693362	11700560	1712.7	1
11700560	11720891	1712.7	1
11720891	11728163	1712.1	1
11728163	11750776	1712.5	1
11750776	11762401	1711.9	1
11762401	11769959	1711.1	1
11769959	11790437	1712.3	1
11790437	11797701	1712.3	1
11797701	11824803	1712.5	1
11824803	11838526	1712.7	1
11838526	11852327	1710.3	1
11852327	11866183	1712.7	1
11866183	11873219	1712.9	1
11873219	11891974	1712.1	1
11891974	11909912	1711.7	1
11909912	11922643	1710.5	1
11922643	11930767	1711.5	1
11930767	11950253	1712.1	1
11950253	11969994	1712.9	1
11969994	11983792	1712.5	1
11983792	11990191	1713.1	1
11990191	12004348	1713.5	1
12004348	12023628	1712.1	1
12023628	12037289	1712.3	1
12037289	12052766	1711.9	1
12052766	12060147	1712.3	1
12060147	12080331	1712.5	1
12080331	12093999	1712.5	1
12093999	12107752	1712.9	1
12107752	12124518	1713.3	1
12124518	12133620	1712.3	1
12133620	12146700	1713.3	1
12146700	12162688	1712.5	1
12162688	12182198	1710.9	1
12182198	12197494	1712.1	1
12197494	12212520	1711.7	1
12212520	12224029	1710.9	1
12224029	12237654	1712.3	1
12237654	12256230	1711.9	1
12256230	12272384	1712.7	1
12272384	12281663	1712.5	1
12281663	12296533	1712.3	1
12296533	12305116	1712.1	1
12305116	12323079	1711.7	1
12323079	12340645	1711.7	1
12340645	12362293	1711.9	1
12362293	12376882	1712.9	1
12376882	12397609	1712.1	1
12397609	12414528	1711.9	1
12414528	12437877	1711.7	1
12437877	12455281	1710.5	1
12455281	12469203	1711.7	1
12469203	12487065	1712.3	1
12487065	12493830	1712.1	1
12493830	12514617	1712.9	1
12514617	12521682	1712.9	1
12521682	12536887	1713.3	1
12536887	12549350	1712.5	1
12549350	12568543	1713.1	1
12568543	12583386	1713.5	1
12583386	12596670	1712.9	1
12596670	12610789	1712.5	1
12610789	12626465	1712.5	1
12626465	12641122	1712.7	1
12641122	12646828	1712.3	1
12646828	12666463	1712.7	1
12666463	12680219	1712.7	1
12680219	12696722	1712.1	1
12696722	12705953	1711.7	1
12705953	12727659	1713.1	1
12727659	12734851	1712.5	1
12734851	12755974	1710.7	1
12755974	12769380	1712.1	1
12769380	12776618	1712.1	1
12776618	12799880	1712.3	1
12799880	12804054	1711.9	1
12804054	12824981	1713.5	1
12824981	12837938	1711.9	1
12837938	12851241	1712.1	1
12851241	12859148	1711.9	1
12859148	12872969	1712.7	1
12872969	12900658	1711.5	1
12900658	12913138	1713.3	1
12913138	12921282	1712.7	1
12921282	12935027	1712.9	1
12935027	12952891	1712.5	1
12952891	12969342	1712.1	1
12969342	12977751	1712.5	1
12977751	12997473	1712.7	1
12997473	13007250	1713.1	1
13007250	13020568	1712.9	1
13020568	13045309	1712.5	1
13045309	13055558	1712.5	1
13055558	13069908	1713.7	1
13069908	13079504	1712.9	1
13079504	13092007	1711.9	1
13092007	13107433	1712.7	1
13107433	13119509	1713.5	1
13119509	13133075	1712.7	1
13133075	13146734	1710.9	1
13146734	13159369	1711.5	1
13159369	13182626	1711.9	1
13182626	13198260	1711.5	1
13198260	13208356	1711.5	1
13208356	13225832	1713.1	1
13225832	13236996	1713.3	1
13236996	13255441	1712.7	1
13255441	13266144	1712.3	1
13266144	13284393	1711.9	1
13284393	13302879	1711.9	1
13302879	13320599	1740.0	1
13320599	13328345	1735.1	1
13328345	13339234	1733.7	1
13339234	13354981	1732.9	1
13354981	13368163	1728.9	1
13368163	13385459	1728.1	1
13385459	13399058	1727.9	1
13399058	13412777	1724.3	1
13412777	13426428	1722.7	1
13426428	13440132	1721.9	1
13440132	13452167	1721.9	1
13452167	13463563	1718.5	1
13463563	13477610	1718.3	1
13477610	13495375	1716.9	1
13495375	13511825	1716.7	1
13511825	13523096	1716.9	1
13523096	13531550	1716.1	1
13531550	13549339	1715.5	1
13549339	13555969	1741.2	1
13555969	13572053	1739.4	1
13572053	13580202	1734.3	1
13580202	13599843	1733.7	1
13599843	13605443	1732.7	1
13605443	13618957	1730.3	1
13618957	13636115	1728.3	1
13636115	13653788	1728.1	1
13653788	13663293	1727.5	1
13663293	13682615	1723.5	1
13682615	13694953	1721.5	1
13694953	13708504	1720.9	1
13708504	13715179	1720.1	1
13715179	13735706	1719.1	1
13735706	13746813	1719.5	1
13746813	13765462	1717.7	1
13765462	13778449	1716.1	1
13778449	13786040	1714.3	1
13786040	13806387	1713.7	1
13806387	13824181	1713.5	1
13824181	13837661	1714.5	1
13837661	13846422	1713.7	1
13846422	13858268	1713.7	1
13858268	13879507	1713.7	1
13879507	13895798	1713.5	1
13895798	13903844	1713.3	1
13903844	13919348	1713.1	1
13919348	13932323	1712.9	1
13932323	13957218	1712.7	1
13957218	13966176	1712.1	1
13966176	13980091	1712.3	1
13980091	13995329	1712.9	1
13995329	14002572	1713.1	1
14002572	14025553	1712.7	1
14025553	14038824	1713.3	1
14038824	14052517	1715.5	1
14052517	14066087	1712.3	1
14066087	14079711	1711.5	1
14079711	14096600	1713.7	1
14096600	14103048	1713.9	1
14103048	14116770	1713.3	1
14116770	14130417	1713.5	1
14130417	14144336	1713.1	1
14144336	14168930	1714.1	1
14168930	14181839	1714.5	1
14181839	14195884	1714.5	1
14195884	14209684	1712.3	1
14209684	14216642	1713.3	1
14216642	14237174	1713.1	1
14237174	14250136	1712.7	1
14250136	14257360	1713.1	1
14257360	14273770	1712.1	1
14273770	14292410	1712.3	1
14292410	14305122	1713.1	1
14305122	14337458	1713.7	1
14337458	14345174	1712.9	1
14345174	14364221	1712.9	1
14364221	14374373	1712.7	1
14374373	14391080	1712.5	1
14391080	14403871	1712.3	1
14403871	14433375	1712.9	1
14433375	14449807	1713.3	1
14449807	14463478	1712.7	1
14463478	14477861	1712.7	1
14477861	14484797	1712.1	1
14484797	14498801	1712.9	1
14498801	14526657	1712.9	1
14526657	14533798	1712.5	1
14533798	14553287	1711.7	1
14553287	14566728	1712.7	1
14566728	14582278	1713.9	1
14582278	14599857	1714.1	1
14599857	14610252	1713.1	1
14610252	14616711	1712.5	1
14616711	14637156	1711.7	1
14637156	14650848	1712.3	1
14650848	14670144	1714.1	1
14670144	14681369	1713.5	1
14681369	14694731	1713.7	1
14694731	14704283	1716.5	1
14704283	14717757	1712.9	1
14717757	14737812	1713.5	1
14737812	14754037	1713.3	1
14754037	14761273	1712.5	1
14761273	14781603	1712.3	1
14781603	14794154	1713.1	1
14794154	14806324	1713.7	1
14806324	14819111	1712.9	1
14819111	14833620	1712.5	1
14833620	14852195	1713.3	1
14852195	14868786	1713.7	1
14868786	14882594	1712.7	1
14882594	14900366	1712.3	1
14900366	14913737	1712.5	1
14913737	14925442	1712.1	1
14925442	14942057	1711.9	1
14942057	14963702	1712.3	1
14963702	14983628	1712.3	1
14983628	14997651	1712.7	1
14997651	15010063	1713.5	1
15010063	15024854	1710.1	1
15024854	15034178	1713.1	1
15034178	966	1714.3	1
966	15052947	1738.6	1
15052947	15059625	1734.7	1
15059625	15075673	1733.3	1
15075673	15088895	1732.1	1
15088895	15099702	1731.1	1
15099702	15108595	1730.5	1
15108595	15126336	1727.3	1
15126336	15142798	1727.3	1
15142798	15149138	1724.7	1
15149138	15168844	1727.5	1
15168844	15180302	1723.1	1
15180302	15200830	1721.7	1
15200830	15214635	1721.1	1
15214635	15228442	1720.1	1
15228442	15242103	1717.3	1
15242103	15257831	1716.1	1
15257831	15270373	1715.5	1
15270373	15285546	1715.1	1
15285546	15299265	1714.5	1
15299265	15318345	1714.9	1
15318345	15329410	1714.7	1
15329410	15343402	1715.3	1
15343402	15355833	1714.3	1
15355833	15364810	1715.1	1
15364810	15384318	1713.9	1
15384318	15400985	1714.1	1
15400985	15414809	1713.7	1
15414809	15428892	1714.3	1
15428892	15442999	1713.3	1
15442999	15461377	1712.5	1
15461377	15469531	1712.7	1
15469531	15484784	1712.9	1
15484784	15497449	1713.1	1
15497449	15515384	1712.9	1
15515384	15532073	1712.9	1
15532073	15540259	1713.3	1
15540259	15554146	1714.5	1
15554146	15572148	1713.5	1
15572148	15588539	1712.7	1
15588539	15597058	1713.3	1
15597058	15615113	1715.1	1
15615113	15629860	1713.3	1
15629860	15636707	1713.7	1
15636707	15654296	1712.9	1
15654296	15677402	1714.1	1
15677402	15689431	1713.5	1
15689431	15696953	1713.3	1
15696953	15718501	1713.5	1
15718501	15724946	1713.1	1
15724946	15743760	1712.5	1
15743760	15760825	1712.9	1
15760825	15767844	1713.7	1
15767844	15781891	1712.9	1
15781891	15795734	1713.9	1
15795734	15816524	1712.7	1
15816524	15827675	1713.1	1
15827675	15846632	1713.7	1
15846632	15858630	1713.1	1
15858630	15871725	1712.3	1
15871725	15887145	1714.7	1
15887145	15899251	1712.9	1
15899251	15913022	1712.7	1
15913022	15926786	1712.3	1
15926786	15940703	1713.3	1
15940703	15957102	1712.1	1
15957102	15976270	1712.3	1
15976270	15984249	1712.7	1
15984249	15998714	1712.9	1
15998714	16016686	1712.3	1
16016686	16026530	1713.5	1
16026530	16043825	1714.1	1
16043825	16057443	1713.5	1
16057443	16071529	1713.9	1
16071529	16084725	1713.3	1
16084725	16101672	1713.1	1
16101672	16119362	1712.5	1
16119362	16126437	1712.9	1
16126437	16147575	1712.1	1
16147575	16161326	1713.3	1
16161326	16175222	1712.7	1
16175222	16189209	1713.3	1
16189209	16198682	1713.3	1
16198682	16216760	1713.3	1
16216760	16225858	1712.1	1
16225858	16244583	1711.9	1
16244583	16263402	1712.5	1
16263402	16277389	1712.9	1
16277389	16290273	1712.7	1
16290273	16307097	1713.7	1
16307097	16320618	1713.7	1
16320618	16334262	1714.3	1
16334262	16347849	1713.3	1
16347849	16361053	1713.3	1
16361053	16378049	1712.7	1
16378049	16384860	1713.3	1
16384860	16402863	1713.1	1
16402863	16415989	1714.1	1
16415989	16428661	1713.3	1
16428661	16437649	1713.3	1
16437649	16462369	1714.5	1
16462369	16472135	1713.1	1
16472135	16492625	1712.9	1
16492625	16504389	1712.5	1
16504389	16518333	1712.5	1
16518333	16537913	1712.7	1
16537913	16550301	1712.5	1
16550301	16559420	1711.7	1
16559420	16578680	1712.5	1
16578680	16584032	1712.9	1
16584032	16610482	1712.9	1
16610482	16617357	1713.5	1
16617357	16630442	1712.5	1
16630442	16643591	1712.9	1
16643591	16662710	1713.3	1
16662710	16681207	1712.7	1
16681207	16694040	1712.9	1
16694040	16708585	1713.1	1
16708585	16721041	1715.3	1
16721041	16728990	1713.3	1
16728990	16749559	1714.3	1
16749559	16761270	1713.9	1
16761270	16775250	1713.9	1
16775250	16789897	1714.9	1
16789897	16797695	1713.1	1
16797695	16827536	1713.5	1
16827536	16839824	1713.5	1
16839824	16849088	1713.5	1
16849088	16862452	1713.3	1
16862452	16881128	1714.1	1
16881128	16897176	1712.1	1
16897176	16909492	1712.3	1
16909492	16916174	1713.3	1
16916174	16937154	1713.5	1
16937154	16951057	1712.9	1
16951057	16965176	1713.5	1
16965176	16979136	1712.5	1
16979136	16995338	1712.7	1
16995338	17003907	1714.1	1
17003907	17016388	1713.7	1
17016388	17037551	1713.3	1
17037551	17050590	1713.1	1
17050590	17063746	1713.5	1
17063746	17083471	1713.9	1
17083471	17091287	1713.1	1
17091287	17105503	1713.5	1
17105503	17121439	1713.9	1
17121439	17132800	1715.3	1
17132800	17146518	1713.3	1
17146518	17164059	1713.9	1
17164059	17184868	1713.9	1
17184868	17191653	1713.9	1
17191653	17205295	1714.1	1
17205295	17222444	1713.1	1
17222444	17232953	1713.1	1
17232953	17250665	1717.3	1
17250665	17267248	1714.7	1
17267248	17280836	1714.3	1
17280836	17294684	1714.7	1
17294684	17307957	1713.3	1
17307957	17328767	1714.1	1
17328767	17339046	1713.3	1
17339046	17347529	1712.7	1
17347529	17361055	1712.5	1
17361055	17374987	1713.3	1
17374987	17397830	1713.3	1
17397830	17404884	1713.1	1
17404884	17418957	1712.9	1
17418957	17439765	1712.7	1
17439765	17452751	1713.3	1
17452751	17467220	1713.5	1
17467220	17485102	1712.5	1
17485102	17489307	1712.5	1
17489307	17508157	1712.7	1
17508157	17517378	1712.7	1
17517378	17535240	1712.7	1
17535240	17544184	1713.7	1
17544184	17562803	1714.3	1
17562803	17576520	1714.1	1
17576520	17591362	1713.7	1
17591362	17608170	1713.5	1
17608170	17618082	1714.5	1
17618082	17639276	1713.5	1
17639276	17653039	1712.7	1
17653039	17660037	1713.7	1
17660037	17680619	1713.7	1
17680619	17695694	1713.5	1
17695694	17706315	1713.7	1
17706315	17720680	1713.5	1
17720680	17738694	1715.1	1
17738694	17756354	1714.1	1
17756354	17770081	1715.1	1
17770081	17784133	1714.3	1
17784133	17797741	1713.5	1
17797741	17809441	1713.5	1
17809441	17826256	1712.7	1
17826256	17838799	1714.3	1
17838799	17852492	1713.9	1
17852492	17866393	1713.9	1
17866393	17870830	1713.9	1
17870830	17876392	1738.6	1
17876392	17889194	1735.1	1
17889194	17905619	1733.3	1
17905619	17917888	1731.9	1
17917888	17924526	1730.7	1
17924526	17944446	1726.5	1
17944446	17951210	1724.3	1
17951210	17972762	1724.3	1
17972762	17982039	1721.3	1
17982039	17999847	1719.9	1
17999847	18010247	1721.3	1
18010247	18022726	1721.1	1
18022726	18047849	1720.5	1
18047849	18054863	1718.1	1
18054863	18068787	1717.9	1
18068787	18089664	1716.9	1
18089664	18096582	1715.9	1
18096582	18118816	1714.9	1
18118816	18134275	1714.9	1
18134275	18139555	1714.5	1
18139555	18158683	1715.1	1
18158683	18172294	1714.5	1
18172294	18185977	1715.3	1
18185977	18197263	1715.1	1
18197263	18210554	1714.7	1
18210554	18227947	1713.9	1
18227947	18237656	1714.1	1
18237656	18256713	1713.7	1
18256713	18268201	1714.9	1
18268201	18288393	1713.3	1
18288393	18295786	1713.7	1
18295786	18314883	1715.1	1
18314883	18332475	1713.9	1
18332475	18340941	1713.9	1
18340941	18359979	1714.3	1
18359979	18367297	1713.3	1
18367297	18384684	1713.3	1
18384684	18397437	1712.9	1
18397437	18412629	1713.7	1
18412629	18426709	1713.1	1
18426709	18433721	1712.9	1
18433721	18454295	1714.1	1
18454295	18475062	1714.1	1
18475062	18481945	1713.3	1
18481945	18502501	1713.1	1
18502501	18509477	1712.9	1
18509477	18529679	1713.9	1
18529679	18543287	1713.3	1
18543287	18554349	1712.7	1
18554349	18567380	1713.7	1
18567380	18579713	1713.7	1
18579713	18592900	1715.1	1
18592900	18610530	1714.1	1
18610530	18631146	1714.5	1
18631146	18637924	1714.5	1
18637924	18651808	1713.1	1
18651808	18665529	1713.3	1
18665529	18695018	1712.9	1
18695018	18703562	1744.6	1
18703562	18714844	1742.2	1
18714844	18727890	1739.0	1
18727890	18738865	1734.5	1
18738865	18751882	1733.5	1
18751882	18765270	1730.7	1
18765270	18784543	1728.5	1
18784543	18797734	1727.7	1
18797734	18810625	1723.7	1
18810625	18830557	1723.7	1
18830557	18838628	1721.7	1
18838628	18857138	1721.1	1
18857138	18881650	1720.1	1
18881650	18905630	1727.5	1
18905630	18922674	1727.5	1
18922674	18936426	1721.7	1
18936426	18949519	1720.9	1
18949519	18961676	1721.1	1
18961676	18977353	1721.3	1
18977353	18989553	1719.3	1
18989553	18999030	1720.1	1
18999030	19015777	1719.9	1
19015777	19025856	1717.3	1
19025856	19046538	1716.5	1
19046538	19056668	1715.9	1
19056668	19077345	1716.9	1
19077345	19084316	1716.1	1
19084316	19104693	1714.5	1
19104693	19120413	1714.7	1
19120413	19132531	1714.1	1
19132531	19146461	1715.1	1
19146461	19153520	1715.1	1
19153520	19174104	1715.1	1
19174104	19188061	1714.5	1
19188061	19200152	1714.5	1
19200152	19219902	1713.5	1
19219902	19229293	1714.1	1
19229293	19243143	1714.9	1
19243143	19260789	1712.9	1
19260789	19277068	1713.9	1
19277068	19289968	1714.3	1
19289968	19297796	1714.1	1
19297796	19318033	1714.1	1
19318033	19332407	1714.1	1
19332407	19347560	1713.7	1
19347560	19360733	1714.5	1
19360733	19366502	1713.1	1
19366502	19383209	1747.4	1
19383209	19394204	1741.6	1
19394204	19400476	1740.4	1
19400476	19419010	1736.5	1
19419010	19424164	1735.1	1
19424164	19442810	1730.9	1
19442810	19460188	1730.1	1
19460188	19476361	1729.5	1
19476361	19481556	1724.5	1
19481556	19497542	1723.7	1
19497542	19512922	1722.7	1
19512922	19531207	1723.1	1
19531207	19538894	1722.9	1
19538894	19559694	1720.1	1
19559694	19573222	1719.3	1
19573222	19586189	1717.7	1
19586189	19598266	1716.7	1
19598266	19609775	1717.3	1
19609775	19630375	1716.5	1
19630375	19636565	1716.9	1
19636565	19656400	1715.1	1
19656400	19673752	1715.9	1
19673752	19685647	1741.4	1
19685647	19693001	1738.4	1
19693001	19703791	1734.5	1
19703791	19719409	1733.7	1
19719409	19732396	1731.7	1
19732396	19746510	1727.1	1
19746510	19767499	1727.1	1
19767499	19779465	1724.3	1
19779465	19796426	1722.9	1
19796426	19802076	1722.3	1
19802076	19822662	1720.9	1
19822662	19835692	1721.7	1
19835692	19849336	1721.5	1
19849336	19863034	1720.5	1
19863034	19880335	1719.1	1
19880335	19894035	1718.9	1
19894035	19903712	1717.1	1
19903712	19923334	1716.9	1
19923334	19934392	1716.5	1
19934392	19951395	1716.1	1
19951395	19958301	1716.1	1
19958301	19978740	1715.5	1
19978740	19985721	1715.1	1
19985721	20006135	1714.9	1
20006135	20016827	1714.3	1
20016827	20035188	1714.7	1
20035188	20045693	1715.1	1
20045693	20061631	1714.1	1
20061631	20077024	1714.7	1
20077024	20085416	1713.7	1
20085416	99999999	1714.1	1
