#Processing Run 48270 for polarization tables
#The run table thinks this was a DPERPL2 run
#Corresponding AMO file is :/home/clasg8/rootbeer2.1/dat/pol/amo_tesc_48265.dat
#Coherent Edge positions for TESC events follow:
#Event	Coh Edge	PolPlane(PARA=0,PERP=1,AMO=2,CHANGING=3)
0	3697	1267.8	1
3697	13806	1267.0	1
13806	27643	1268.8	1
27643	46739	1269.8	1
46739	62006	1267.8	1
62006	70877	1267.4	1
70877	89643	1269.2	1
89643	99799	1267.0	1
99799	121234	1271.8	1
121234	135014	1269.6	1
135014	144791	1266.8	1
144791	158463	1267.2	1
158463	177142	1267.4	1
177142	190698	1267.4	1
190698	200387	1270.0	1
200387	217852	1270.2	1
217852	226886	1266.8	1
226886	241369	1267.8	1
241369	267910	1269.4	1
267910	274384	1268.8	1
274384	287587	1267.4	1
287587	302358	1269.0	1
302358	313698	1267.2	1
313698	336800	1267.6	1
336800	348010	1266.2	1
348010	357203	1268.4	1
357203	377890	1267.4	1
377890	385063	1267.4	1
385063	405387	1267.2	1
405387	419251	1266.8	1
419251	432884	1266.6	1
432884	444137	1267.2	1
444137	456660	1269.6	1
456660	475183	1268.8	1
475183	487509	1269.0	1
487509	501343	1269.4	1
501343	514226	1266.8	1
514226	528283	1267.2	1
528283	546683	1266.4	1
546683	557180	1269.4	1
557180	576799	1267.4	1
576799	590671	1265.2	1
590671	604242	1266.8	1
604242	617832	1267.2	1
617832	644592	1266.6	1
644592	658049	1267.0	1
658049	672816	1269.8	1
672816	686469	1267.4	1
686469	704956	1270.2	1
704956	713995	1270.2	1
713995	730778	1269.0	1
730778	746562	1269.6	1
746562	761923	1269.2	1
761923	771966	1266.6	1
771966	789504	1268.8	1
789504	1596715	1267.8	1
1596715	1612780	1269.2	1
1612780	1624668	1270.8	1
1624668	1638841	1267.8	1
1638841	1653308	1270.2	1
1653308	1665884	1269.4	1
1665884	1686323	1267.8	1
1686323	1696970	1267.4	1
1696970	1710241	1266.8	1
1710241	1723575	1270.2	1
1723575	1740618	1270.8	1
1740618	1761562	1267.2	1
1761562	1769815	1269.8	1
1769815	1786789	1293.5	1
1786789	1795188	1290.5	1
1795188	1809084	1286.8	1
1809084	1820251	1284.8	1
1820251	1833384	1283.2	1
1833384	1847309	1280.2	1
1847309	1859369	1279.2	1
1859369	1876632	1278.6	1
1876632	1894521	1277.0	1
1894521	1903075	1276.0	1
1903075	1916397	1274.6	1
1916397	1930510	1273.0	1
1930510	1950592	1272.4	1
1950592	1963128	1275.2	1
1963128	1976898	1274.2	1
1976898	1991939	1268.4	1
1991939	2005629	1267.6	1
2005629	2022008	1268.0	1
2022008	2032758	1268.2	1
2032758	2050286	1269.8	1
2050286	2060461	1272.4	1
2060461	2080278	1269.8	1
2080278	2099270	1267.6	1
2099270	2107517	1266.4	1
2107517	2121333	1269.8	1
2121333	2134453	1267.4	1
2134453	2164019	1270.0	1
2164019	2178101	1267.4	1
2178101	2188993	1267.6	1
2188993	2205343	1272.0	1
2205343	2219236	1270.8	1
2219236	2241236	1270.0	1
2241236	2253541	1269.4	1
2253541	2267741	1267.8	1
2267741	2279867	1270.2	1
2279867	2288927	1267.8	1
2288927	2306402	1269.2	1
2306402	2321314	1266.2	1
2321314	2336591	1267.0	1
2336591	2349892	1267.2	1
2349892	2362488	1266.8	1
2362488	2384664	1267.2	1
2384664	2391631	1267.4	1
2391631	2407542	1266.6	1
2407542	2422203	1266.8	1
2422203	2432037	1270.0	1
2432037	2451413	1267.6	1
2451413	2462649	1267.4	1
2462649	2480315	1269.8	1
2480315	2487187	1267.2	1
2487187	2507740	1271.0	1
2507740	2527995	1269.0	1
2527995	2535845	1267.2	1
2535845	2549051	1266.6	1
2549051	2562695	1269.4	1
2562695	2589483	1270.6	1
2589483	2601966	1269.6	1
2601966	2618385	1269.2	1
2618385	2629163	1267.8	1
2629163	2640281	1270.8	1
2640281	2664136	1270.0	1
2664136	2674602	1267.0	1
2674602	2688128	1269.4	1
2688128	2701757	1269.8	1
2701757	2716332	1269.2	1
2716332	2739571	1269.0	1
2739571	2745826	1267.6	1
2745826	2762066	1266.6	1
2762066	2773968	1270.4	1
2773968	2787739	1272.4	1
2787739	2809491	1270.0	1
2809491	2817883	1267.6	1
2817883	2831625	1266.4	1
2831625	2844667	1267.4	1
2844667	2858293	1267.6	1
2858293	2876139	1270.2	1
2876139	2889785	1267.6	1
2889785	2903413	1267.4	1
2903413	2915218	1267.2	1
2915218	2928176	1267.4	1
2928176	2944489	1267.8	1
2944489	2957225	1270.2	1
2957225	2974102	1269.0	1
2974102	2984738	1269.2	1
2984738	2997851	1269.2	1
2997851	3017147	1269.8	1
3017147	3026927	1269.4	1
3026927	3046094	1267.8	1
3046094	3059745	1267.0	1
3059745	3073671	1267.0	1
3073671	3087122	1270.4	1
3087122	3099956	1271.4	1
3099956	3116670	1272.0	1
3116670	3130477	1270.4	1
3130477	3144044	1269.4	1
3144044	3161701	1270.2	1
3161701	3169295	1267.6	1
3169295	3188660	1267.0	1
3188660	3195475	1267.4	1
3195475	3209253	1267.4	1
3209253	3228282	1267.6	1
3228282	3239960	1269.0	1
3239960	3252761	1267.6	1
3252761	3270010	1269.6	1
3270010	3283471	1270.0	1
3283471	3299044	1267.4	1
3299044	3318039	1266.8	1
3318039	3323880	1267.2	1
3323880	3337595	1270.0	1
3337595	3351948	1267.2	1
3351948	3367613	1271.0	1
3367613	3379434	1267.6	1
3379434	3393462	1267.2	1
3393462	3411064	1269.6	1
3411064	3419167	1269.6	1
3419167	3442900	1271.0	1
3442900	3452956	1271.4	1
3452956	3466554	1269.2	1
3466554	3479932	1267.2	1
3479932	3493222	1267.2	1
3493222	3511620	1267.6	1
3511620	3526470	1269.6	1
3526470	3534775	1269.8	1
3534775	3554087	1267.4	1
3554087	3566474	1270.0	1
3566474	3586450	1270.0	1
3586450	3591200	1269.6	1
3591200	3603861	1273.4	1
3603861	3623058	1277.0	1
3623058	3636704	1276.4	1
3636704	3657055	1270.8	1
3657055	3669844	1268.4	1
3669844	3681684	1270.4	1
3681684	3690669	1268.0	1
3690669	3703281	1270.4	1
3703281	3724579	1271.6	1
3724579	3736042	1270.8	1
3736042	3750549	1271.4	1
3750549	3758111	1273.2	1
3758111	3771985	1271.6	1
3771985	3790371	1273.4	1
3790371	3803136	1272.4	1
3803136	3816936	1268.2	1
3816936	3825680	1269.6	1
3825680	3842856	1270.6	1
3842856	3866106	1273.0	1
3866106	3872932	1272.0	1
3872932	3886589	1272.0	1
3886589	3900209	1271.8	1
3900209	3913618	1271.8	1
3913618	3932277	1272.8	1
3932277	3943389	1273.8	1
3943389	3960787	1272.2	1
3960787	3967944	1271.2	1
3967944	3980992	1274.4	1
3980992	4006307	1274.0	1
4006307	4013094	1275.0	1
4013094	4026852	1274.6	1
4026852	4042024	1275.0	1
4042024	4056323	1274.0	1
4056323	4072303	1273.2	1
4072303	4082558	1274.0	1
4082558	4096402	1274.8	1
4096402	4108679	1275.0	1
4108679	4122973	1274.4	1
4122973	4146835	1274.8	1
4146835	4153075	1273.4	1
4153075	4165695	1274.0	1
4165695	4183730	1274.8	1
4183730	4197310	1275.0	1
4197310	4214373	1275.2	1
4214373	4224468	1272.2	1
4224468	4238154	1273.8	1
4238154	4253821	1273.8	1
4253821	4265046	1274.0	1
4265046	4282342	1276.6	1
4282342	4299246	1274.4	1
4299246	4312441	1273.2	1
4312441	4322172	1273.8	1
4322172	4333182	1275.6	1
4333182	4353332	1276.0	1
4353332	4365347	1274.8	1
4365347	4378674	1273.2	1
4378674	4391242	1272.4	1
4391242	4404060	1271.8	1
4404060	4424436	1275.2	1
4424436	4434753	1274.4	1
4434753	4453334	1273.2	1
4453334	4461701	1274.2	1
4461701	4479228	1272.6	1
4479228	4498633	1273.8	1
4498633	4506450	1274.2	1
4506450	4518341	1272.2	1
4518341	4531655	1274.6	1
4531655	4549730	1275.0	1
4549730	4568808	1274.6	1
4568808	4575667	1274.4	1
4575667	4591269	1274.8	1
4591269	4603815	1274.4	1
4603815	4619352	1273.0	1
4619352	4637319	1273.0	1
4637319	4651900	1274.0	1
4651900	4666256	1274.4	1
4666256	4688216	1275.8	1
4688216	4706972	1274.8	1
4706972	4718554	1275.4	1
4718554	4736383	1274.8	1
4736383	4745300	1276.0	1
4745300	4758286	1268.6	1
4758286	4780399	1268.6	1
4780399	4788851	1274.6	1
4788851	4802680	1274.0	1
4802680	4816295	1272.8	1
4816295	4832798	1272.2	1
4832798	4849629	1271.6	1
4849629	4863995	1270.8	1
4863995	4877704	1272.2	1
4877704	4891255	1273.2	1
4891255	4904814	1273.0	1
4904814	4918428	1271.6	1
4918428	4931933	1272.0	1
4931933	4945647	1272.6	1
4945647	4956859	1270.8	1
4956859	4971784	1272.6	1
4971784	4989098	1274.6	1
4989098	5001093	1275.0	1
5001093	5013526	1271.6	1
5013526	5027148	1272.0	1
5027148	5040754	1273.0	1
5040754	5059142	1274.4	1
5059142	5074479	1274.2	1
5074479	5082896	1274.8	1
5082896	5098538	1274.4	1
5098538	5109946	1274.0	1
5109946	5129138	1275.2	1
5129138	5146102	1275.0	1
5146102	5160061	1275.4	1
5160061	5168712	1274.8	1
5168712	5183126	1276.6	1
5183126	5199431	1276.0	1
5199431	5210298	1271.8	1
5210298	5223911	1273.8	1
5223911	5243789	1274.4	1
5243789	5250712	1276.8	1
5250712	5268765	1276.8	1
5268765	5282494	1272.2	1
5282494	5296094	1274.2	1
5296094	5308882	1274.4	1
5308882	5325410	1273.8	1
5325410	5343247	1275.4	1
5343247	5352655	1276.6	1
5352655	5366601	1274.6	1
5366601	5386561	1273.8	1
5386561	5393023	1276.8	1
5393023	5411119	1276.0	1
5411119	5427129	1276.4	1
5427129	5440671	1276.0	1
5440671	5450230	1276.0	1
5450230	5463743	1273.8	1
5463743	5486818	1269.2	1
5486818	5497479	1269.8	1
5497479	5508055	1273.0	1
5508055	5522026	1274.2	1
5522026	5535701	1273.0	1
5535701	5554881	1272.6	1
5554881	5566545	1270.8	1
5566545	5580570	1270.2	1
5580570	5590800	1268.4	1
5590800	5610145	1270.4	1
5610145	5627984	1273.2	1
5627984	5637513	1272.6	1
5637513	5648239	1273.0	1
5648239	5663598	1272.8	1
5663598	5679412	1268.2	1
5679412	5696540	1267.8	1
5696540	5707150	1273.0	1
5707150	5720860	1273.8	1
5720860	5734359	1272.2	1
5734359	5747844	1271.4	1
5747844	5768470	1272.6	1
5768470	5778750	1274.2	1
5778750	5791562	1274.0	1
5791562	5808673	1274.6	1
5808673	5816082	1273.4	1
5816082	5839654	1273.6	1
5839654	5852553	1274.8	1
5852553	5863854	1275.2	1
5863854	5879947	1273.2	1
5879947	5890732	1276.2	1
5890732	5905209	1274.2	1
5905209	5924064	1275.2	1
5924064	5937537	1274.8	1
5937537	5945535	1273.2	1
5945535	5959249	1273.8	1
5959249	5982040	1275.6	1
5982040	5993392	1275.2	1
5993392	6007124	1275.0	1
6007124	6015938	1276.2	1
6015938	6029963	1275.4	1
6029963	6047745	1273.4	1
6047745	6060579	1275.0	1
6060579	6074790	1274.2	1
6074790	6087453	1275.2	1
6087453	6101786	1275.6	1
6101786	6122287	1274.4	1
6122287	6129841	1275.8	1
6129841	6143965	1275.4	1
6143965	6157713	1271.4	1
6157713	6171184	1273.4	1
6171184	6190180	1274.6	1
6190180	6202319	1276.2	1
6202319	6218063	1275.8	1
6218063	6229418	1275.4	1
6229418	6242331	1272.0	1
6242331	6262465	1272.2	1
6262465	6277424	1275.4	1
6277424	6291969	1275.8	1
6291969	6303978	1274.2	1
6303978	6313833	1273.8	1
6313833	6333242	1275.0	1
6333242	6344749	1272.6	1
6344749	6357843	1275.2	1
6357843	6370858	1276.0	1
6370858	6383511	1273.6	1
6383511	6402699	1273.8	1
6402699	6415132	1274.6	1
6415132	6427918	1275.8	1
6427918	6442100	1274.8	1
6442100	6456079	1274.4	1
6456079	6473680	1276.4	1
6473680	6484381	1276.2	1
6484381	6501636	1275.2	1
6501636	6511566	1274.2	1
6511566	6530392	1274.2	1
6530392	6551766	1273.8	1
6551766	6558214	1275.6	1
6558214	6569162	1275.8	1
6569162	6585970	1275.4	1
6585970	6598706	1275.4	1
6598706	6613777	1278.8	1
6613777	6630922	1275.0	1
6630922	6643612	1273.0	1
6643612	6654688	1273.0	1
6654688	6672292	1272.2	1
6672292	6692920	1273.0	1
6692920	6702837	1271.8	1
6702837	6710423	1270.0	1
6710423	6724671	1271.8	1
6724671	6737064	1273.4	1
6737064	6762738	1274.2	1
6762738	6771996	1271.2	1
6771996	6782675	1271.0	1
6782675	6796286	1271.2	1
6796286	6809149	1271.4	1
6809149	6826428	1270.0	1
6826428	6843624	1271.8	1
6843624	6852690	1274.0	1
6852690	6866847	1274.4	1
6866847	6880163	1274.0	1
6880163	6904315	1270.4	1
6904315	6911799	1271.8	1
6911799	6924117	1273.2	1
6924117	6937328	1273.6	1
6937328	6950722	1275.6	1
6950722	6974450	1275.0	1
6974450	6982492	1273.0	1
6982492	6996241	1273.2	1
6996241	7011699	1274.0	1
7011699	7023698	1274.2	1
7023698	7038517	1272.8	1
7038517	7057640	1273.2	1
7057640	7064712	1273.6	1
7064712	7078554	1273.6	1
7078554	7094598	1274.0	1
7094598	7119629	1274.0	1
7119629	7126163	1274.2	1
7126163	7138203	1274.2	1
7138203	7154408	1274.6	1
7154408	7164748	1274.0	1
7164748	7181896	1273.6	1
7181896	7193665	1274.0	1
7193665	7213269	1273.4	1
7213269	7220534	1274.2	1
7220534	7236912	1275.2	1
7236912	7259390	1274.8	1
7259390	7265551	1276.2	1
7265551	7282028	1274.2	1
7282028	7291570	1272.6	1
7291570	7304799	1272.8	1
7304799	7323789	1274.0	1
7323789	7336396	1276.8	1
7336396	7349577	1274.4	1
7349577	7367315	1272.8	1
7367315	7376516	1273.0	1
7376516	7393559	1273.0	1
7393559	7411658	1272.8	1
7411658	7421189	1272.4	1
7421189	7431842	1272.2	1
7431842	7451546	1272.0	1
7451546	7465156	1272.4	1
7465156	7477387	1274.2	1
7477387	7493274	1273.8	1
7493274	7503190	1273.2	1
7503190	7515780	1274.0	1
7515780	7535872	1273.8	1
7535872	7547569	1271.0	1
7547569	7565130	1271.6	1
7565130	7574712	1273.4	1
7574712	7588354	1273.4	1
7588354	7608977	1274.0	1
7608977	7617503	1275.0	1
7617503	7631287	1274.0	1
7631287	7644821	1274.4	1
7644821	7658418	1274.2	1
7658418	7683525	1275.4	1
7683525	7689524	1274.4	1
7689524	7702789	1273.6	1
7702789	7716026	1272.8	1
7716026	7731123	1274.2	1
7731123	7751807	1274.8	1
7751807	7761349	1273.6	1
7761349	7778951	1273.6	1
7778951	7792471	1275.8	1
7792471	7799358	1275.2	1
7799358	7819736	1274.6	1
7819736	7831109	1274.8	1
7831109	7843777	1274.0	1
7843777	7859135	1275.8	1
7859135	7872363	1274.4	1
7872363	7888157	1275.4	1
7888157	474	1275.2	1
474	7915413	1275.0	1
7915413	7929164	1275.2	1
7929164	7942997	1275.8	1
7942997	7960649	1275.4	1
7960649	7977197	1275.2	1
7977197	7990827	1275.8	1
7990827	7999710	1276.0	1
7999710	8013354	1275.8	1
8013354	8031413	1277.8	1
8031413	8043772	1277.6	1
8043772	8057521	1275.8	1
8057521	8078058	1276.6	1
8078058	8085546	1275.4	1
8085546	8102501	1276.2	1
8102501	8114075	1276.8	1
8114075	8126032	1275.6	1
8126032	8145526	1275.6	1
8145526	8153680	1276.4	1
8153680	8177285	1277.0	1
8177285	8184509	1276.4	1
8184509	8197759	1276.2	1
8197759	8212417	1276.0	1
8212417	8228998	1276.0	1
8228998	8248799	1274.2	1
8248799	8255648	1274.4	1
8255648	8272247	1275.2	1
8272247	8283140	1274.4	1
8283140	8296765	1273.6	1
8296765	8317715	1274.0	1
8317715	8326212	1273.0	1
8326212	8338697	1271.4	1
8338697	8354537	1272.8	1
8354537	8372185	1272.8	1
8372185	8385743	1274.4	1
8385743	8396581	1273.8	1
8396581	8412433	1273.0	1
8412433	8424954	1273.4	1
8424954	8440845	1273.4	1
8440845	8459047	1271.2	1
8459047	8470069	1271.2	1
8470069	8481819	1273.6	1
8481819	8499454	1272.6	1
8499454	8509073	1270.4	1
8509073	8529733	1271.0	1
8529733	8542211	1272.8	1
8542211	8557528	1272.2	1
8557528	8571257	1272.8	1
8571257	8580469	1273.6	1
8580469	8603416	1273.4	1
8603416	8615404	1274.0	1
8615404	8620378	1300.7	1
8620378	8636319	1297.1	1
8636319	8647539	1292.5	1
8647539	8658557	1291.3	1
8658557	8670240	1291.5	1
8670240	8681864	1287.8	1
8681864	8694405	1287.2	1
8694405	8709177	1284.8	1
8709177	8722676	1283.0	1
8722676	8740672	1281.6	1
8740672	8749927	1279.2	1
8749927	8767972	1278.0	1
8767972	8786347	1277.6	1
8786347	8797566	1276.6	1
8797566	8811437	1275.8	1
8811437	8825202	1276.2	1
8825202	8833283	1277.2	1
8833283	8859203	1274.8	1
8859203	8866336	1274.0	1
8866336	8880200	1273.6	1
8880200	8893527	1273.2	1
8893527	8910025	1273.0	1
8910025	8924552	1271.8	1
8924552	8941698	1271.8	1
8941698	8950200	1272.8	1
8950200	8968732	1273.6	1
8968732	8976766	1274.6	1
8976766	8998449	1274.8	1
8998449	9006456	1275.2	1
9006456	9023315	1274.8	1
9023315	9033376	1274.8	1
9033376	9052489	1275.4	1
9052489	9071059	1273.8	1
9071059	9084626	1274.8	1
9084626	9091484	1275.6	1
9091484	9105142	1275.8	1
9105142	9123340	1276.4	1
9123340	9139475	1275.8	1
9139475	9149260	1275.6	1
9149260	9163047	1274.8	1
9163047	9180509	1275.8	1
9180509	9191720	1275.8	1
9191720	9207939	1274.2	1
9207939	9221182	1274.4	1
9221182	9234383	1274.8	1
9234383	9248570	1275.8	1
9248570	9264862	1275.8	1
9264862	9279838	1275.8	1
9279838	9289849	1275.0	1
9289849	9304856	1275.4	1
9304856	9322732	1277.0	1
9322732	9332600	1277.6	1
9332600	9353399	1275.4	1
9353399	9365189	1275.8	1
9365189	9377005	1277.4	1
9377005	9385886	1276.0	1
9385886	9399622	1276.2	1
9399622	9420084	1274.8	1
9420084	9433682	1276.0	1
9433682	9447266	1275.0	1
9447266	9464699	1275.0	1
9464699	9474251	1275.0	1
9474251	9491271	1275.6	1
9491271	9508653	1274.6	1
9508653	9520511	1273.8	1
9520511	9531138	1272.0	1
9531138	9548676	1272.0	1
9548676	9563285	1273.8	1
9563285	9577335	1274.6	1
9577335	9589082	1275.2	1
9589082	9602303	1276.2	1
9602303	9616070	1275.6	1
9616070	9635099	1274.4	1
9635099	9645264	1275.6	1
9645264	9664887	1275.6	1
9664887	9672662	1275.0	1
9672662	9686283	1275.0	1
9686283	9703311	1276.2	1
9703311	9715062	1275.2	1
9715062	9734440	1274.8	1
9734440	9748091	1275.2	1
9748091	9759506	1276.6	1
9759506	9773429	1275.8	1
9773429	9786132	1277.0	1
9786132	9799271	1276.4	1
9799271	9812403	1277.6	1
9812403	9829653	1276.4	1
9829653	9844457	1278.2	1
9844457	9851532	1276.8	1
9851532	9864714	1277.0	1
9864714	9884447	1277.8	1
9884447	9897090	1277.2	1
9897090	9912864	1277.4	1
9912864	9923935	1276.8	1
9923935	9934547	1277.4	1
9934547	9950338	1276.8	1
9950338	9964231	1276.8	1
9964231	9989024	1277.8	1
9989024	9995740	1277.8	1
9995740	10008729	1277.6	1
10008729	10022016	1278.4	1
10022016	10032299	1279.0	1
10032299	10048996	1279.0	1
10048996	10062066	1277.4	1
10062066	10074768	1277.6	1
10074768	10087869	1278.6	1
10087869	10101158	1277.0	1
10101158	10120666	1277.2	1
10120666	10127427	1277.8	1
10127427	10140534	1279.2	1
10140534	10156184	1281.4	1
10156184	10167122	1278.4	1
10167122	10181180	1277.8	1
10181180	10195339	1277.6	1
10195339	10207497	1278.6	1
10207497	10219590	1277.2	1
10219590	10232665	1278.2	1
10232665	10252340	1278.2	1
10252340	10265702	1278.4	1
10265702	10276370	1278.4	1
10276370	10288544	1278.0	1
10288544	10302346	1278.4	1
10302346	10318911	1279.0	1
10318911	10331995	1279.4	1
10331995	10345255	1282.6	1
10345255	10361435	1278.6	1
10361435	10371543	1279.0	1
10371543	10388402	1278.6	1
10388402	10398659	1279.0	1
10398659	10416048	1277.0	1
10416048	10423572	1277.4	1
10423572	10437986	1276.6	1
10437986	10456544	1275.6	1
10456544	10469718	1277.0	1
10469718	10483151	1276.0	1
10483151	10494820	1274.6	1
10494820	10508698	1274.2	1
10508698	10525608	1275.8	1
10525608	10535577	1275.2	1
10535577	10548780	1273.4	1
10548780	10561869	1275.8	1
10561869	10575107	1276.0	1
10575107	10594860	1275.0	1
10594860	10605828	1273.4	1
10605828	10618818	1274.6	1
10618818	10630313	1273.4	1
10630313	10643910	1273.8	1
10643910	10660879	1274.4	1
10660879	10673833	1274.4	1
10673833	10692321	1274.4	1
10692321	10700738	1274.6	1
10700738	10713931	1274.6	1
10713931	10731176	1274.0	1
10731176	10741474	1274.6	1
10741474	10755776	1273.4	1
10755776	10773177	1272.6	1
10773177	10780586	1274.4	1
10780586	10799991	1274.6	1
10799991	10812704	1273.6	1
10812704	10826369	1271.6	1
10826369	10837344	1272.6	1
10837344	10855078	1272.2	1
10855078	10870288	1271.8	1
10870288	10885211	1272.6	1
10885211	10892393	1272.8	1
10892393	10905551	1273.8	1
10905551	10918635	1273.6	1
10918635	10938528	1273.8	1
10938528	10949568	1272.4	1
10949568	10965172	1271.2	1
10965172	10974141	1272.4	1
10974141	10987185	1272.8	1
10987185	11005388	1273.6	1
11005388	11024010	1272.2	1
11024010	11031319	1272.0	1
11031319	11044551	1271.8	1
11044551	11057762	1272.4	1
11057762	11075447	1272.2	1
11075447	11085980	1273.4	1
11085980	11104197	1271.6	1
11104197	11117406	1273.2	1
11117406	11124129	1271.6	1
11124129	11143910	1273.4	1
11143910	11157106	1274.2	1
11157106	11170469	1275.0	1
11170469	11183845	1273.0	1
11183845	11197178	1272.6	1
11197178	11216871	1270.6	1
11216871	11223573	1270.6	1
11223573	11236904	1271.0	1
11236904	11250116	1271.4	1
11250116	11268390	1271.4	1
11268390	11282694	1271.6	1
11282694	11296793	1270.8	1
11296793	11310205	1272.0	1
11310205	11320466	1271.4	1
11320466	11336518	1271.6	1
11336518	11352657	1272.0	1
11352657	11362977	1268.0	1
11362977	11376193	1271.4	1
11376193	11388944	1271.2	1
11388944	11406896	1273.0	1
11406896	11423037	1272.6	1
11423037	11439566	1271.6	1
11439566	11448665	1271.6	1
11448665	11466612	1271.8	1
11466612	11489735	1271.4	1
11489735	11504609	1272.0	1
11504609	11515068	1271.2	1
11515068	11528347	1271.6	1
11528347	11541727	1273.0	1
11541727	11549236	1273.0	1
11549236	11563699	1295.3	1
11563699	11573672	1293.3	1
11573672	11583591	1292.5	1
11583591	11597659	1290.5	1
11597659	11609640	1285.2	1
11609640	11622718	1284.6	1
11622718	11635733	1282.4	1
11635733	11650143	1279.4	1
11650143	11664948	1278.2	1
11664948	11676886	1277.0	1
11676886	11694888	1275.8	1
11694888	11702647	1276.8	1
11702647	11721506	1277.0	1
11721506	11735182	1277.4	1
11735182	11748122	1276.4	1
11748122	11761321	1273.8	1
11761321	11771941	1274.4	1
11771941	11785249	1274.2	1
11785249	11807704	1273.4	1
11807704	11818724	1271.0	1
11818724	11827669	1271.6	1
11827669	11839982	1273.0	1
11839982	11853748	1272.2	1
11853748	11871869	1273.4	1
11871869	11884202	1271.8	1
11884202	11897942	1271.2	1
11897942	11910867	1271.8	1
11910867	11921293	1272.4	1
11921293	11945103	1270.6	1
11945103	11951133	1271.4	1
11951133	11966217	1275.0	1
11966217	11983454	1271.0	1
11983454	11992609	1271.6	1
11992609	12005971	1268.0	1
12005971	12017902	1271.2	1
12017902	12031604	1270.8	1
12031604	12048391	1271.0	1
12048391	12061473	1269.4	1
12061473	12071128	1292.3	1
12071128	12082484	1288.0	1
12082484	12093813	1286.2	1
12093813	12110350	1287.2	1
12110350	12123722	1286.8	1
12123722	12132554	1283.2	1
12132554	12145329	1281.8	1
12145329	12158051	1279.0	1
12158051	12172503	1281.2	1
12172503	12185054	1293.3	1
12185054	12201084	1287.2	1
12201084	12208262	1285.6	1
12208262	12220658	1285.4	1
12220658	12237014	1284.2	1
12237014	12243628	1283.8	1
12243628	12262524	1281.8	1
12262524	12275045	1278.6	1
12275045	12286875	1276.4	1
12286875	12305046	1276.0	1
12305046	12314911	1274.2	1
12314911	12335584	1274.6	1
12335584	12342326	1272.6	1
12342326	12355756	1272.6	1
12355756	12374637	1271.2	1
12374637	766	1271.6	1
766	12400686	1268.4	1
12400686	12409965	1267.8	1
12409965	12428675	1271.0	1
12428675	12436484	1270.6	1
12436484	12449310	1271.4	1
12449310	12469818	1269.2	1
12469818	12482071	1270.8	1
12482071	12494724	1271.4	1
12494724	12508620	1270.2	1
12508620	12521871	1267.4	1
12521871	12541915	1269.6	1
12541915	12550586	1270.8	1
12550586	12563509	1269.4	1
12563509	12581242	1268.0	1
12581242	12593644	1270.4	1
12593644	12607678	1269.2	1
12607678	12619406	1269.4	1
12619406	12630977	1267.6	1
12630977	12644225	1270.2	1
12644225	12658454	1270.8	1
12658454	12681035	1270.0	1
12681035	12688287	1269.4	1
12688287	12705423	1267.4	1
12705423	12720116	1267.6	1
12720116	12728343	1269.4	1
12728343	12748213	1269.6	1
12748213	12755737	1269.6	1
12755737	12774914	1269.0	1
12774914	12785141	1269.2	1
12785141	12801561	1269.6	1
12801561	12821678	1266.8	1
12821678	12828078	1266.6	1
12828078	12843686	1267.0	1
12843686	12856904	1269.6	1
12856904	12870428	1267.8	1
12870428	12884921	1268.0	1
12884921	12900024	1267.8	1
12900024	12913927	1266.8	1
12913927	12927568	1267.2	1
12927568	12936990	1266.0	1
12936990	12956079	1269.6	1
12956079	12971623	1268.8	1
12971623	12987643	1266.8	1
12987643	12994846	1266.6	1
12994846	13009678	1265.8	1
13009678	13026330	1269.2	1
13026330	13040486	1266.4	1
13040486	13059297	1267.0	1
13059297	13073395	1267.0	1
13073395	13081994	1267.0	1
13081994	13100279	1265.8	1
13100279	13116051	1267.2	1
13116051	13124222	1266.4	1
13124222	13143493	1266.4	1
13143493	13151658	1267.2	1
13151658	13171029	1265.6	1
13171029	13190755	1266.2	1
13190755	13198664	1266.8	1
13198664	13209973	1266.4	1
13209973	13223485	1266.2	1
13223485	13243254	1265.8	1
13243254	13254974	1266.2	1
13254974	13268488	1265.0	1
13268488	13282288	1265.6	1
13282288	13295938	1266.4	1
13295938	13317538	1266.4	1
13317538	13330619	1266.4	1
13330619	13344685	1266.2	1
13344685	13357222	1265.8	1
13357222	13367519	1267.2	1
13367519	13384527	1267.0	1
13384527	13398087	1266.8	1
13398087	13415753	1267.2	1
13415753	13430146	1266.8	1
13430146	13441109	1267.6	1
13441109	13461239	1267.2	1
13461239	13468522	1266.8	1
13468522	13481461	1266.8	1
13481461	13501436	1271.6	1
13501436	13509481	1267.4	1
13509481	13532863	1266.8	1
13532863	13542230	1266.4	1
13542230	13555852	1266.0	1
13555852	13567465	1266.0	1
13567465	13583154	1267.4	1
13583154	13600614	1267.4	1
13600614	13610558	1266.2	1
13610558	13630651	1266.8	1
13630651	13645127	1267.2	1
13645127	13652874	1269.6	1
13652874	13671056	1268.0	1
13671056	13683943	1270.0	1
13683943	13697285	1270.6	1
13697285	13714060	1270.8	1
13714060	13724540	1271.6	1
13724540	13741245	1271.6	1
13741245	13754828	1272.6	1
13754828	13768343	1273.0	1
13768343	13781890	1273.0	1
13781890	13795676	1271.4	1
13795676	13811815	1271.4	1
13811815	13827116	1270.4	1
13827116	13837307	1269.2	1
13837307	13857795	1267.0	1
13857795	13865406	1267.4	1
13865406	13884783	1269.4	1
13884783	13898180	1267.2	1
13898180	13913560	1266.8	1
13913560	13925046	1269.6	1
13925046	13935811	1267.4	1
13935811	13953437	1269.8	1
13953437	13966942	1269.8	1
13966942	13979320	1269.2	1
13979320	13992962	1271.0	1
13992962	14007394	1268.0	1
14007394	14028455	1270.6	1
14028455	14037361	1269.6	1
14037361	14050353	1271.0	1
14050353	14063967	1269.8	1
14063967	14077209	1267.8	1
14077209	14101537	1266.6	1
14101537	14109888	1267.6	1
14109888	14121488	1270.4	1
14121488	14134644	1267.6	1
14134644	14147847	1266.8	1
14147847	14165379	1267.0	1
14165379	14179663	1267.4	1
14179663	14189970	1269.8	1
14189970	14203516	1267.4	1
14203516	14217071	1265.2	1
14217071	14236971	1266.0	1
14236971	14249387	1266.2	1
14249387	14265876	1267.0	1
14265876	14277876	1269.6	1
14277876	14287924	1269.2	1
14287924	14305688	1269.8	1
14305688	14318805	1267.6	1
14318805	14336666	1266.8	1
14336666	14349398	1267.2	1
14349398	14365915	1268.8	1
14365915	14379686	1267.4	1
14379686	14393459	1269.4	1
14393459	14403715	1267.4	1
14403715	14417294	1269.0	1
14417294	14430863	1268.8	1
14430863	14447686	1267.2	1
14447686	14462413	1267.8	1
14462413	14473019	1266.8	1
14473019	14486271	1266.8	1
14486271	14500112	1266.2	1
14500112	14516058	1267.0	1
14516058	14532921	1266.2	1
14532921	14540241	1265.0	1
14540241	14557641	1265.6	1
14557641	14566651	1266.2	1
14566651	14586287	1266.4	1
14586287	14597388	1266.6	1
14597388	14615966	1267.6	1
14615966	14625307	1269.4	1
14625307	14640034	1266.2	1
14640034	14656511	1267.6	1
14656511	14673889	1267.4	1
14673889	14687793	1269.6	1
14687793	14697412	1269.8	1
14697412	14711299	1267.0	1
14711299	14729939	1266.0	1
14729939	14742165	1266.0	1
14742165	14759794	1266.2	1
14759794	14773765	1270.4	1
14773765	14781577	1266.8	1
14781577	14801444	1267.2	1
14801444	14814711	1265.8	1
14814711	14827832	1266.8	1
14827832	14844329	1266.8	1
14844329	14855274	1266.4	1
14855274	14873320	1267.6	1
14873320	14889321	1267.4	1
14889321	14899259	1267.2	1
14899259	14913268	1266.2	1
14913268	14926733	1266.6	1
14926733	14946839	1266.8	1
14946839	14957977	1266.0	1
14957977	14976423	1266.4	1
14976423	14987903	1266.8	1
14987903	14998769	1270.8	1
14998769	15017688	1266.8	1
15017688	15030179	1265.2	1
15030179	15043287	1267.0	1
15043287	15062610	1268.8	1
15062610	15075782	1269.4	1
15075782	15092468	1269.0	1
15092468	15102386	1268.6	1
15102386	15119723	1267.0	1
15119723	15133631	1266.0	1
15133631	15147393	1265.2	1
15147393	15161019	1265.8	1
15161019	15173281	1266.4	1
15173281	15190124	1266.2	1
15190124	15203951	1267.0	1
15203951	15216156	1266.6	1
15216156	15234403	1266.8	1
15234403	15250501	1265.8	1
15250501	15260101	1265.6	1
15260101	15271591	1264.8	1
15271591	15285448	1266.8	1
15285448	15305479	1269.2	1
15305479	15319193	1267.2	1
15319193	15331752	1265.6	1
15331752	15341892	1267.2	1
15341892	15361150	1266.8	1
15361150	15381262	1267.0	1
15381262	15392321	1265.4	1
15392321	15401185	1265.6	1
15401185	15415766	1267.4	1
15415766	15429215	1266.4	1
15429215	15446609	1266.2	1
15446609	15463158	1266.0	1
15463158	15470873	1266.6	1
15470873	15484399	1267.0	1
15484399	15498060	1267.2	1
15498060	15522659	1266.8	1
15522659	15531765	1267.4	1
15531765	15544150	1266.2	1
15544150	15557318	1265.4	1
15557318	15570667	1266.2	1
15570667	15589242	1265.8	1
15589242	15601024	1269.2	1
15601024	15614699	1269.4	1
15614699	15634999	1266.0	1
15634999	15647877	1265.8	1
15647877	15662330	1266.0	1
15662330	15672175	1265.6	1
15672175	15686195	1267.0	1
15686195	15703263	1267.4	1
15703263	15717182	1267.2	1
15717182	15732895	1266.6	1
15732895	15744550	1266.2	1
15744550	15758613	1265.8	1
15758613	15774817	1265.4	1
15774817	15788581	1266.2	1
15788581	15804759	1266.0	1
15804759	15817364	1266.6	1
15817364	15834533	1266.6	1
15834533	15844268	1267.0	1
15844268	15858466	1266.4	1
15858466	15875388	1265.6	1
15875388	15888581	1265.0	1
15888581	15901051	1266.8	1
15901051	15914980	1265.4	1
15914980	15928863	1265.4	1
15928863	15946939	1265.8	1
15946939	15957624	1265.4	1
15957624	15970775	1266.8	1
15970775	15989206	1266.2	1
15989206	16002271	1264.8	1
16002271	16018752	1266.0	1
16018752	16028403	1266.0	1
16028403	16044384	1266.2	1
16044384	16056024	1266.2	1
16056024	16072796	1265.0	1
16072796	16087441	1266.6	1
16087441	16101137	1266.0	1
16101137	16114888	1265.8	1
16114888	16128473	1266.0	1
16128473	16142294	1266.2	1
16142294	16160899	1266.4	1
16160899	16172955	1266.8	1
16172955	16190210	1268.8	1
16190210	16198491	1266.2	1
16198491	16211104	1266.2	1
16211104	16231341	1268.8	1
16231341	16249959	1268.8	1
16249959	16256714	1268.0	1
16256714	16270677	1268.8	1
16270677	16287729	1266.8	1
16287729	16301618	1266.0	1
16301618	16319874	1266.0	1
16319874	16326701	1266.0	1
16326701	16347267	1266.8	1
16347267	16358173	1265.2	1
16358173	16374360	1266.0	1
16374360	16385311	1266.8	1
16385311	16397762	1267.0	1
16397762	16412207	1266.6	1
16412207	16425019	1266.6	1
16425019	16450101	1267.2	1
16450101	16461689	1266.6	1
16461689	16471124	1266.4	1
16471124	16484809	1264.8	1
16484809	16503129	1266.0	1
16503129	16518806	1267.2	1
16518806	16532911	1265.8	1
16532911	16539990	1269.6	1
16539990	16554015	1266.2	1
16554015	16573789	1265.8	1
16573789	16587622	1268.8	1
16587622	16603257	1266.2	1
16603257	16614674	1265.6	1
16614674	16625937	1265.8	1
16625937	16662211	1265.8	1
16662211	16669745	1267.4	1
16669745	16688801	1266.6	1
16688801	16701842	1266.4	1
16701842	16709516	1269.6	1
16709516	16728547	1266.2	1
16728547	16739624	1266.2	1
16739624	16753601	1265.4	1
16753601	16770464	1266.0	1
16770464	16784215	1269.2	1
16784215	16804581	1270.0	1
16804581	16813781	1267.0	1
16813781	16825213	1265.6	1
16825213	16839031	1264.8	1
16839031	16854771	1265.8	1
16854771	16874200	1266.2	1
16874200	16881461	1266.2	1
16881461	16900933	1266.4	1
16900933	16912848	1266.4	1
16912848	16921881	1267.0	1
16921881	16941160	1267.2	1
16941160	16953382	1266.6	1
16953382	16970916	1266.0	1
16970916	16982075	1266.2	1
16982075	16994435	1265.2	1
16994435	17014494	1266.4	1
17014494	17024348	1264.8	1
17024348	17042125	1266.6	1
17042125	17051701	1266.2	1
17051701	17073106	1266.4	1
17073106	17085517	1266.8	1
17085517	17096421	1265.6	1
17096421	17108737	1266.0	1
17108737	17125757	1265.6	1
17125757	17136955	1266.6	1
17136955	17159701	1268.8	1
17159701	17168699	1265.8	1
17168699	17182514	1268.6	1
17182514	17195941	1267.4	1
17195941	17212922	1267.0	1
17212922	17232903	1266.6	1
17232903	17237320	1266.8	1
17237320	17257864	1266.6	1
17257864	17264789	1266.6	1
17264789	17278792	1266.2	1
17278792	17299146	1267.2	1
17299146	17311077	1269.8	1
17311077	17327013	1265.0	1
17327013	17336325	1265.4	1
17336325	17354392	1267.0	1
17354392	17375051	1265.2	1
17375051	17385215	1266.6	1
17385215	17395691	1268.6	1
17395691	17411895	1267.0	1
17411895	17424762	1265.6	1
17424762	17444130	1267.0	1
17444130	17457151	1269.4	1
17457151	17465032	1266.4	1
17465032	17484553	1266.6	1
17484553	17497143	1265.8	1
17497143	17511936	1266.0	1
17511936	17524000	1266.6	1
17524000	17539551	1269.6	1
17539551	17555070	1266.4	1
17555070	17565888	1267.0	1
17565888	17582308	1267.0	1
17582308	17600813	1266.2	1
17600813	17608402	1267.2	1
17608402	17622231	1265.8	1
17622231	17641025	1266.0	1
17641025	17656600	1266.0	1
17656600	17670619	1266.4	1
17670619	17681065	1268.8	1
17681065	17692719	1266.2	1
17692719	17711828	1266.2	1
17711828	17732511	1266.6	1
17732511	17741796	1267.4	1
17741796	17752987	1265.2	1
17752987	17770513	1266.0	1
17770513	17779730	1267.2	1
17779730	17796750	1266.4	1
17796750	17809510	1265.4	1
17809510	17822274	1266.8	1
17822274	17842757	1266.6	1
17842757	17851545	1265.4	1
17851545	17870371	1268.6	1
17870371	17886499	1265.4	1
17886499	17900586	1266.2	1
17900586	17915330	1267.4	1
17915330	17924597	1267.0	1
17924597	17945027	1265.8	1
17945027	17950475	1267.0	1
17950475	17963703	1270.0	1
17963703	17980281	1266.0	1
17980281	17991628	1266.4	1
17991628	18014598	1269.6	1
18014598	18028245	1270.6	1
18028245	18037062	1270.8	1
18037062	18050536	1270.4	1
18050536	18063926	1270.0	1
18063926	18082460	1268.8	1
18082460	18095881	1270.2	1
18095881	18108526	1271.4	1
18108526	18124219	1270.4	1
18124219	18136677	1270.8	1
18136677	18151722	1267.8	1
18151722	18171198	1270.2	1
18171198	18178519	1272.2	1
18178519	18198629	1270.2	1
18198629	18205415	1268.6	1
18205415	18226995	1272.6	1
18226995	18235349	1272.8	1
18235349	18249075	1272.0	1
18249075	18262368	1271.2	1
18262368	18276019	1271.0	1
18276019	18293758	1271.2	1
18293758	18309872	1269.4	1
18309872	18323492	1269.0	1
18323492	18338732	1267.0	1
18338732	18350077	1267.0	1
18350077	18367968	1269.4	1
18367968	18382294	1270.8	1
18382294	18391863	1269.6	1
18391863	18409389	1269.8	1
18409389	18423049	1270.2	1
18423049	18442972	1271.2	1
18442972	18449606	1269.8	1
18449606	18465595	1267.4	1
18465595	18479236	1271.4	1
18479236	18490926	1272.6	1
18490926	18507400	1271.0	1
18507400	18518688	1272.8	1
18518688	18532331	1273.2	1
18532331	18552815	1273.2	1
18552815	18560522	1272.0	1
18560522	18579413	1272.8	1
18579413	18595033	1271.2	1
18595033	18607728	1269.6	1
18607728	18617342	1272.0	1
18617342	18631551	1271.6	1
18631551	18648650	1269.8	1
18648650	18667108	1270.6	1
18667108	18676611	1270.0	1
18676611	18689760	1270.0	1
18689760	18704301	1266.6	1
18704301	18720003	1267.4	1
18720003	18731694	1269.8	1
18731694	18751358	1267.2	1
18751358	18759015	1271.0	1
18759015	18779508	1270.0	1
18779508	18797297	1270.2	1
18797297	18808674	1270.4	1
18808674	18818155	1270.2	1
18818155	18832078	1272.2	1
18832078	18848206	1272.2	1
18848206	18865346	1271.6	1
18865346	18881581	1271.4	1
18881581	18889637	1269.6	1
18889637	18909469	1269.8	1
18909469	18920890	1269.6	1
18920890	18935898	1271.0	1
18935898	18946769	1270.2	1
18946769	18960064	1269.8	1
18960064	18974029	1269.8	1
18974029	18987312	1269.6	1
18987312	19005472	1267.6	1
19005472	19020734	1267.6	1
19020734	19031982	1267.8	1
19031982	19045622	1271.0	1
19045622	19061213	1271.6	1
19061213	19081157	1270.2	1
19081157	19086924	1268.4	1
19086924	19105666	1273.0	1
19105666	19117435	1271.4	1
19117435	19131213	1269.8	1
19131213	19149775	1267.4	1
19149775	19155832	1270.4	1
19155832	19169538	1270.4	1
19169538	19189463	1271.0	1
19189463	19197458	1271.6	1
19197458	19219793	1272.2	1
19219793	19231407	1270.6	1
19231407	19244983	1272.0	1
19244983	19258627	1271.4	1
19258627	19274278	1271.0	1
19274278	19291438	1271.2	1
19291438	19302846	1271.2	1
19302846	19316625	1270.8	1
19316625	19329129	1273.6	1
19329129	19346851	1272.6	1
19346851	19361436	1272.2	1
19361436	19374852	1272.2	1
19374852	19392555	1272.0	1
19392555	19402172	1267.4	1
19402172	19415291	1267.2	1
19415291	19434290	1270.4	1
19434290	19443152	1272.8	1
19443152	19463351	1270.8	1
19463351	19471126	1271.8	1
19471126	19484643	1272.2	1
19484643	19504290	1272.0	1
19504290	19515449	1273.0	1
19515449	19530431	1271.6	1
19530431	19544079	1272.6	1
19544079	19555398	1270.8	1
19555398	19579584	1270.2	1
19579584	19586266	1272.6	1
19586266	19599649	1270.8	1
19599649	19613292	1271.4	1
19613292	19627026	1271.0	1
19627026	19637530	1287.0	1
19637530	19647930	1286.2	1
19647930	19662686	1283.4	1
19662686	19679655	1282.4	1
19679655	19687131	1282.6	1
19687131	19701867	1279.8	1
19701867	19711501	1280.0	1
19711501	19730509	1279.0	1
19730509	19737263	1278.4	1
19737263	19750815	1278.0	1
19750815	19771391	1277.6	1
19771391	19778716	1276.2	1
19778716	19800204	1277.0	1
19800204	19813743	1276.4	1
19813743	19822610	1274.2	1
19822610	19840614	1274.4	1
19840614	19850008	1274.6	1
19850008	19869142	1273.8	1
19869142	19887311	1273.0	1
19887311	19900669	1271.2	1
19900669	19907416	1272.8	1
19907416	19922456	1271.4	1
19922456	19939779	1267.8	1
19939779	19956432	1272.2	1
19956432	19969668	1271.0	1
19969668	19979522	1272.8	1
19979522	19993127	1273.0	1
19993127	99999999	1273.6	1
