#Processing Run 48360 for polarization tables
#The run table thinks this was a DPARAL2 run
#Corresponding AMO file is :/home/clasg8/rootbeer2.1/dat/pol/amo_tesc_48355.dat
#Coherent Edge positions for TESC events follow:
#Event	Coh Edge	PolPlane(PARA=0,PERP=1,AMO=2,CHANGING=3)
0	3804	2158.6	0
3804	12674	2159.2	0
12674	25302	2159.6	0
25302	43475	2161.2	0
43475	57290	2162.4	0
57290	70194	2161.4	0
70194	83024	2162.0	0
83024	92702	2163.0	0
92702	115469	2167.1	0
115469	123949	2167.5	0
123949	135250	2166.9	0
135250	148561	2158.8	0
148561	161675	2153.3	0
161675	187248	2152.3	0
187248	206100	2151.5	0
206100	215550	2152.1	0
215550	231326	2152.9	0
231326	245881	2152.5	0
245881	256776	2150.5	0
256776	270742	2150.5	0
270742	281864	2150.5	0
281864	296071	2146.5	0
296071	311197	2151.5	0
311197	322778	2151.5	0
322778	335914	2151.7	0
335914	348850	2151.5	0
348850	361732	2153.1	0
361732	380861	2153.1	0
380861	389268	2154.5	0
389268	402905	2153.1	0
402905	420123	2152.7	0
420123	432896	2153.7	0
432896	446670	2153.5	0
446670	462527	2151.3	0
462527	472193	2154.9	0
472193	485832	2154.7	0
485832	498596	2155.3	0
498596	513265	2152.7	0
513265	524798	2153.3	0
524798	541698	2153.5	0
541698	555290	2152.3	0
555290	562498	2152.9	0
562498	582404	2152.7	0
582404	593259	2152.3	0
593259	608873	2153.5	0
608873	620093	2152.9	0
620093	632992	2152.5	0
632992	647524	2154.9	0
647524	660413	2152.5	0
660413	673372	2141.7	0
673372	681922	2136.0	0
681922	694973	2135.8	0
694973	718051	2141.1	0
718051	726483	2143.9	0
726483	744545	2144.9	0
744545	757099	2143.7	0
757099	770759	2143.5	0
770759	784447	2143.7	0
784447	799626	2144.3	0
799626	810358	2144.3	0
810358	825445	2143.7	0
825445	838081	2143.3	0
838081	852261	2146.3	0
852261	863457	2146.5	0
863457	876334	2149.5	0
876334	888310	2146.5	0
888310	902737	2145.9	0
902737	922821	2146.5	0
922821	932548	2146.1	0
932548	946012	2146.3	0
946012	962348	2145.5	0
962348	975760	2152.3	0
975760	989552	2151.1	0
989552	1001684	2151.1	0
1001684	1014813	2151.5	0
1014813	1027223	2151.5	0
1027223	1042020	2146.3	0
1042020	1058202	2145.7	0
1058202	1068338	2145.9	0
1068338	1078799	2145.7	0
1078799	1096990	2145.5	0
1096990	1105188	2150.3	0
1105188	1122900	2150.3	0
1122900	1134329	2150.5	0
1134329	1147299	2150.3	0
1147299	1167519	2146.1	0
1167519	1171744	2144.3	0
1171744	1191759	2145.5	0
1191759	1200867	2146.1	0
1200867	1213810	2143.5	0
1213810	1230783	2143.5	0
1230783	1239153	2144.7	0
1239153	1257427	2144.1	0
1257427	1272317	2106.5	0
1272317	1282510	2131.4	0
1282510	1295464	2131.0	0
1295464	1311196	2129.4	0
1311196	1314754	2106.3	0
1314754	1336236	2107.7	0
1336236	1344839	2108.9	0
1344839	1359332	2114.8	0
1359332	1384348	2117.0	0
1384348	1392109	2118.4	0
1392109	1405110	2117.8	0
1405110	1416257	2122.5	0
1416257	1429456	2123.9	0
1429456	1446483	2123.1	0
1446483	1458035	2122.7	0
1458035	1474725	2121.7	0
1474725	1483513	2122.7	0
1483513	1501153	2124.3	0
1501153	1515661	2124.7	0
1515661	1537150	2126.3	0
1537150	1550053	2125.9	0
1550053	1566059	2124.7	0
1566059	1586641	2125.3	0
1586641	1595673	2124.5	0
1595673	1608320	2126.3	0
1608320	1625799	2126.7	0
1625799	1635710	2126.1	0
1635710	1654370	2126.1	0
1654370	1668737	2125.3	0
1668737	1675662	2123.9	0
1675662	1688271	2124.5	0
1688271	1702193	2125.5	0
1702193	1716868	2126.1	0
1716868	1727373	2126.1	0
1727373	1740345	2128.2	0
1740345	1753513	2128.4	0
1753513	1766439	2126.1	0
1766439	1786372	2128.2	0
1786372	1802591	2125.7	0
1802591	1811827	2124.1	0
1811827	1824947	2124.1	0
1824947	1837997	2124.1	0
1837997	1858056	2124.7	0
1858056	1866589	2123.5	0
1866589	1883470	2122.7	0
1883470	1896020	2123.9	0
1896020	1909343	2124.5	0
1909343	1929318	2124.5	0
1929318	1934368	2124.7	0
1934368	1949305	2122.9	0
1949305	1962738	2123.9	0
1962738	1973429	2123.1	0
1973429	1991020	2119.2	0
1991020	2002879	2119.0	0
2002879	2019385	2119.0	0
2019385	2032398	2121.3	0
2032398	2046729	2118.2	0
2046729	2062378	2117.4	0
2062378	2075702	2117.8	0
2075702	2088962	2118.0	0
2088962	2096828	2121.5	0
2096828	2110551	2122.5	0
2110551	2134067	2122.1	0
2134067	2140691	2094.9	0
2140691	2158628	2105.9	0
2158628	2172099	2101.5	0
2172099	2182691	2105.3	0
2182691	2199269	2105.9	0
2199269	2216283	2106.3	0
2216283	2229567	2106.3	0
2229567	2236271	2105.5	0
2236271	2254243	2104.3	0
2254243	2269981	2100.9	0
2269981	2283127	2105.1	0
2283127	2295053	2105.7	0
2295053	2308468	2108.5	0
2308468	2324874	2108.7	0
2324874	2339753	2109.5	0
2339753	2350425	2110.7	0
2350425	2363689	2110.5	0
2363689	2376255	2113.8	0
2376255	2390630	2114.6	0
2390630	2413086	2114.6	0
2413086	2421583	2115.6	0
2421583	2434673	2116.0	0
2434673	2444470	2114.0	0
2444470	2457431	2115.2	0
2457431	2475664	2116.0	0
2475664	2486423	2116.6	0
2486423	2501720	2115.8	0
2501720	2513212	2116.6	0
2513212	2530192	2116.4	0
2530192	2546744	2117.2	0
2546744	2559643	2117.8	0
2559643	2574968	2116.8	0
2574968	2581580	2116.6	0
2581580	2596974	2115.2	0
2596974	2613529	2115.6	0
2613529	2625329	2118.0	0
2625329	2639204	2117.8	0
2639204	2651902	2118.2	0
2651902	2665201	2118.6	0
2665201	2682198	2117.2	0
2682198	2694319	2117.8	0
2694319	2708591	2117.2	0
2708591	2721532	2114.8	0
2721532	2733757	2115.2	0
2733757	2753109	2115.4	0
2753109	2767267	2117.0	0
2767267	2778205	2117.0	0
2778205	2787887	2116.4	0
2787887	2806092	2115.6	0
2806092	2819817	2117.2	0
2819817	2828706	2117.6	0
2828706	2846810	2118.0	0
2846810	2856147	2117.6	0
2856147	2871842	2117.4	0
2871842	2891361	2116.0	0
2891361	2898353	2114.8	0
2898353	2911636	2115.8	0
2911636	2925106	2115.8	0
2925106	2937857	2116.2	0
2937857	2955165	2115.4	0
2955165	2967420	2115.4	0
2967420	2980450	2116.2	0
2980450	2994330	2116.0	0
2994330	3007651	2117.2	0
3007651	3025904	2116.8	0
3025904	3037932	2115.2	0
3037932	3050355	2115.4	0
3050355	3063543	2116.8	0
3063543	3076811	2117.6	0
3076811	3092805	2119.0	0
3092805	3109455	2116.4	0
3109455	3123835	2115.0	0
3123835	3139278	2114.8	0
3139278	3146138	2116.2	0
3146138	3164427	2115.8	0
3164427	3179434	2115.8	0
3179434	3192849	2115.0	0
3192849	3201553	2114.2	0
3201553	3213211	2113.8	0
3213211	3231549	2113.8	0
3231549	3248008	2111.1	0
3248008	3257502	2114.4	0
3257502	3271150	2115.6	0
3271150	3286141	2114.6	0
3286141	3300114	2099.5	0
3300114	3311661	2100.7	0
3311661	3324090	2101.1	0
3324090	3337536	2099.9	0
3337536	3352757	2100.9	0
3352757	3371334	2100.1	0
3371334	3387242	2099.7	0
3387242	3395804	2083.1	0
3395804	3411558	2083.9	0
3411558	3425978	2089.6	0
3425978	3450395	2091.2	0
3450395	3454553	2090.8	0
3454553	3473198	2094.5	0
3473198	3482540	2095.5	0
3482540	3494983	2096.3	0
3494983	3512435	2095.9	0
3512435	3526537	2096.7	0
3526537	3538150	2097.1	0
3538150	3547772	2096.7	0
3547772	3565221	2097.9	0
3565221	3581361	2098.5	0
3581361	3593023	2098.1	0
3593023	3606158	2099.1	0
3606158	3619505	2099.7	0
3619505	3632396	2099.1	0
3632396	3650922	2098.3	0
3650922	3666523	2099.7	0
3666523	3679286	2100.3	0
3679286	3692296	2099.5	0
3692296	3703788	2099.9	0
3703788	3720553	2099.1	0
3720553	3734178	2096.1	0
3734178	3747380	2096.3	0
3747380	3760541	2097.7	0
3760541	3772736	2098.7	0
3772736	3794729	2099.5	0
3794729	3803730	2098.5	0
3803730	3815891	2099.7	0
3815891	3832955	2099.9	0
3832955	3840069	2100.3	0
3840069	3859027	2100.3	0
3859027	3876232	2099.9	0
3876232	3888693	2100.5	0
3888693	3897210	2101.1	0
3897210	3911729	2100.3	0
3911729	3929566	2101.1	0
3929566	3941011	2100.1	0
3941011	3960440	2100.3	0
3960440	3967138	2104.1	0
3967138	3980200	2100.5	0
3980200	3990291	2100.5	0
3990291	4004686	2081.5	0
4004686	4019350	2082.7	0
4019350	4040432	2087.0	0
4040432	4054735	2089.8	0
4054735	4066514	2091.2	0
4066514	4072859	2094.3	0
4072859	4088049	2093.5	0
4088049	4100864	2095.1	0
4100864	4122646	2095.7	0
4122646	4132608	2096.1	0
4132608	4142523	2093.9	0
4142523	4156719	2093.9	0
4156719	4167549	2093.5	0
4167549	4190825	2093.5	0
4190825	4197553	2095.5	0
4197553	4211701	2096.3	0
4211701	4231493	2097.5	0
4231493	4238721	2097.3	0
4238721	4256966	2097.5	0
4256966	4268621	2098.1	0
4268621	4281839	2097.3	0
4281839	4299780	2097.7	0
4299780	4312410	2097.1	0
4312410	4326085	2098.1	0
4326085	4339270	2099.5	0
4339270	4352326	2099.3	0
4352326	4365320	2098.5	0
4365320	4377774	2098.3	0
4377774	4397962	2099.1	0
4397962	4411331	2099.5	0
4411331	4421081	2099.3	0
4421081	4431352	2099.9	0
4431352	4451319	2099.3	0
4451319	4464512	2100.3	0
4464512	4477375	2099.1	0
4477375	4489426	2100.3	0
4489426	4500803	2099.9	0
4500803	4520417	2097.5	0
4520417	4532995	2098.1	0
4532995	4548071	2097.9	0
4548071	4564097	2097.7	0
4564097	4572878	2098.3	0
4572878	4606142	2099.1	0
4606142	4614545	2100.1	0
4614545	4626734	2099.7	0
4626734	4640911	2098.9	0
4640911	4653985	2099.1	0
4653985	4672830	2096.3	0
4672830	4685723	2097.3	0
4685723	4697615	2098.3	0
4697615	4714538	2097.1	0
4714538	4725987	2097.7	0
4725987	4741345	2098.5	0
4741345	4754497	2098.3	0
4754497	4765916	2097.3	0
4765916	4779440	2097.5	0
4779440	4792832	2097.7	0
4792832	4815767	2096.7	0
4815767	4823015	2097.9	0
4823015	4842400	2095.7	0
4842400	4855563	2094.5	0
4855563	4867222	2091.6	0
4867222	4883488	2090.8	0
4883488	4896894	2093.9	0
4896894	4907499	2093.9	0
4907499	4920550	2094.1	0
4920550	4933803	2094.5	0
4933803	4953703	2093.3	0
4953703	4967032	2096.1	0
4967032	4975704	2096.5	0
4975704	4988918	2096.7	0
4988918	5006686	2096.7	0
5006686	5025864	2096.1	0
5025864	5034735	2094.9	0
5034735	5047707	2094.3	0
5047707	5061604	2093.3	0
5061604	5089128	2094.3	0
5089128	5105549	2094.3	0
5105549	5113905	2095.3	0
5113905	5127579	2095.5	0
5127579	5141098	2096.7	0
5141098	5159757	2093.7	0
5159757	5171342	2093.7	0
5171342	5188288	2091.8	0
5188288	5202009	2091.4	0
5202009	5211426	2093.5	0
5211426	5233352	2091.4	0
5233352	5246162	2093.5	0
5246162	5255812	2094.7	0
5255812	5269466	2096.3	0
5269466	5284067	2096.9	0
5284067	5304321	2095.3	0
5304321	5309516	2093.9	0
5309516	5328763	2094.9	0
5328763	5337513	2096.1	0
5337513	5353775	2095.7	0
5353775	5370390	2096.3	0
5370390	5385755	2096.3	0
5385755	5396514	2096.1	0
5396514	5408136	2095.3	0
5408136	5420719	2095.9	0
5420719	5438080	2097.1	0
5438080	5458586	2096.5	0
5458586	5465240	2096.7	0
5465240	5478704	2096.5	0
5478704	5491947	2095.9	0
5491947	5509360	2094.9	0
5509360	5521642	2093.5	0
5521642	5539455	2097.3	0
5539455	5546629	2097.1	0
5546629	5560556	2098.3	0
5560556	5586542	2097.9	0
5586542	5594817	2096.3	0
5594817	5607034	2097.1	0
5607034	5619918	2097.3	0
5619918	5632406	2096.9	0
5632406	5654045	2097.3	0
5654045	5666690	2097.7	0
5666690	5680108	2098.7	0
5680108	5687467	2098.1	0
5687467	5700416	2097.1	0
5700416	5720634	2096.9	0
5720634	5732570	2096.9	0
5732570	5746420	2097.1	0
5746420	5761248	2098.3	0
5761248	5774141	2099.7	0
5774141	5793931	2099.5	0
5793931	5801497	2099.9	0
5801497	5813415	2100.1	0
5813415	5829528	2100.7	0
5829528	5839701	2100.5	0
5839701	5858397	2100.9	0
5858397	5872324	2100.5	0
5872324	5881206	2100.1	0
5881206	5894384	2099.7	0
5894384	5911741	2099.7	0
5911741	5925653	2098.5	0
5925653	5938299	2100.1	0
5938299	5952596	2100.1	0
5952596	5966031	2099.9	0
5966031	5978606	2099.5	0
5978606	5995825	2100.1	0
5995825	6013116	2104.1	0
6013116	6020255	2104.1	0
6020255	6033699	2101.1	0
6033699	6047346	2099.7	0
6047346	6065354	2098.9	0
6065354	6078990	2099.5	0
6078990	6093471	2100.1	0
6093471	6104083	2098.5	0
6104083	6117757	2098.5	0
6117757	6142078	2098.7	0
6142078	6148874	2097.3	0
6148874	6161114	2099.5	0
6161114	6174280	2100.7	0
6174280	6187452	2100.5	0
6187452	6206468	2098.5	0
6206468	6216323	2097.5	0
6216323	6228072	2096.5	0
6228072	6241422	2097.1	0
6241422	6254791	2096.5	0
6254791	6274736	2097.1	0
6274736	6286704	2097.1	0
6286704	6299727	2097.1	0
6299727	6311121	2097.7	0
6311121	6325652	2097.7	0
6325652	6341749	2098.3	0
6341749	6353640	2098.1	0
6353640	6370290	2097.5	0
6370290	6379313	2096.3	0
6379313	6392162	2095.9	0
6392162	6412582	2095.7	0
6412582	6421879	2096.3	0
6421879	6435990	2095.1	0
6435990	6455012	2094.1	0
6455012	6462257	2095.7	0
6462257	6480192	2096.1	0
6480192	6497027	2096.7	0
6497027	6507129	2096.3	0
6507129	6520660	2095.5	0
6520660	6534754	2093.9	0
6534754	6553382	2094.3	0
6553382	6562598	2093.1	0
6562598	6575747	2095.1	0
6575747	6592928	2095.7	0
6592928	6600529	2094.9	0
6600529	6620760	2094.5	0
6620760	6635114	2093.5	0
6635114	6646822	2091.2	0
6646822	6660466	2089.0	0
6660466	6671949	2090.4	0
6671949	6695700	2090.6	0
6695700	6702396	2090.6	0
6702396	6722401	2091.2	0
6722401	6732678	2091.4	0
6732678	6742326	2093.9	0
6742326	6761634	2093.1	0
6761634	6773511	2093.3	0
6773511	6788409	2091.2	0
6788409	6799491	2090.4	0
6799491	6812609	2089.6	0
6812609	6837506	2091.4	0
6837506	6844349	2091.6	0
6844349	6856914	2094.5	0
6856914	6870795	2094.7	0
6870795	6882309	2096.9	0
6882309	6899062	2096.1	0
6899062	6912526	2095.9	0
6912526	6926286	2095.3	0
6926286	6939861	2095.5	0
6939861	6951324	2095.1	0
6951324	6971637	2094.9	0
6971637	6983127	2094.1	0
6983127	6998055	2095.1	0
6998055	7008910	2095.3	0
7008910	7021055	2096.5	0
7021055	7044126	2094.9	0
7044126	7051028	2097.5	0
7051028	7064202	2097.1	0
7064202	7077443	2096.9	0
7077443	7093494	2098.3	0
7093494	7107559	2097.7	0
7107559	7120103	2097.3	0
7120103	7138303	2097.1	0
7138303	7146353	2096.9	0
7146353	7165300	2096.5	0
7165300	7179492	2095.1	0
7179492	7192812	2093.7	0
7192812	7206353	2094.1	0
7206353	7219625	2096.5	0
7219625	7232684	2094.1	0
7232684	7252156	2095.5	0
7252156	7260809	2094.3	0
7260809	7278374	2091.2	0
7278374	7286884	2091.0	0
7286884	7298696	2090.0	0
7298696	7318460	2090.4	0
7318460	7332418	2091.4	0
7332418	7341625	2093.5	0
7341625	7355942	2090.6	0
7355942	7369396	2091.4	0
7369396	7385518	2091.6	0
7385518	7397541	2094.7	0
7397541	7410821	2095.1	0
7410821	7427028	2094.5	0
7427028	7437321	2094.5	0
7437321	7455712	2091.4	0
7455712	7470836	2090.6	0
7470836	7484133	2091.0	0
7484133	7493120	2093.9	0
7493120	7510617	2091.4	0
7510617	7522283	2090.8	0
7522283	7544403	2072.5	0
7544403	7557174	2072.9	0
7557174	7572806	2076.5	0
7572806	7584236	2081.3	0
7584236	7597967	2082.1	0
7597967	7612135	2083.7	0
7612135	7623395	2084.1	0
7623395	7639789	2087.0	0
7639789	7650858	2087.6	0
7650858	7664238	2087.4	0
7664238	7677433	2088.2	0
7677433	7690650	2090.0	0
7690650	7707468	2090.8	0
7707468	7723943	2091.2	0
7723943	7737306	2091.2	0
7737306	7750849	2091.6	0
7750849	7764179	2093.3	0
7764179	7777643	2093.1	0
7777643	7788643	2093.9	0
7788643	7804757	2093.5	0
7804757	7819075	2093.3	0
7819075	7829560	2091.6	0
7829560	7852321	2095.5	0
7852321	7859275	2096.1	0
7859275	7872798	2095.7	0
7872798	7890864	2094.3	0
7890864	7905230	2097.7	0
7905230	7919952	2095.5	0
7919952	7930842	2096.1	0
7930842	7944190	2095.5	0
7944190	7956746	2094.3	0
7956746	7973266	2092.9	0
7973266	7993036	2095.3	0
7993036	8003761	2094.7	0
8003761	8013303	2094.7	0
8013303	8031408	2096.5	0
8031408	8038843	2095.5	0
8038843	8060893	2095.1	0
8060893	8073191	2093.9	0
8073191	8080703	2093.9	0
8080703	8094171	2095.7	0
8094171	8111483	2096.7	0
8111483	8125832	2095.5	0
8125832	8139037	2094.1	0
8139037	8151617	2093.9	0
8151617	8162281	2095.1	0
8162281	8176427	2094.5	0
8176427	8193640	2094.1	0
8193640	8206409	2093.9	0
8206409	8219075	2090.8	0
8219075	8232381	2090.4	0
8232381	8245631	2091.4	0
8245631	8265667	2093.1	0
8265667	8278958	2093.7	0
8278958	8287632	2094.3	0
8287632	8305841	2093.3	0
8305841	8313544	2093.5	0
8313544	8338943	2091.2	0
8338943	8345657	2091.2	0
8345657	8358678	2091.6	0
8358678	8372487	2091.0	0
8372487	8385225	2093.5	0
8385225	8400985	2091.4	0
8400985	8412019	2091.0	0
8412019	8431990	2093.9	0
8431990	8441564	2091.6	0
8441564	8454114	2093.9	0
8454114	8476687	2094.7	0
8476687	8482922	2095.3	0
8482922	8495728	2091.8	0
8495728	8509156	2091.4	0
8509156	8526948	2093.5	0
8526948	8542119	2094.9	0
8542119	8552330	2090.6	0
8552330	8565535	2095.1	0
8565535	8578923	2093.7	0
8578923	8592239	2091.2	0
8592239	8608436	2091.6	0
8608436	8618931	2090.4	0
8618931	8633245	2089.8	0
8633245	8645454	2090.8	0
8645454	8659008	2091.4	0
8659008	8679101	2091.4	0
8679101	8692488	2094.3	0
8692488	8707807	2091.2	0
8707807	8719146	2090.0	0
8719146	8737834	2090.0	0
8737834	8749257	2090.8	0
8749257	8760881	2090.6	0
8760881	8779243	2090.6	0
8779243	8787267	2091.0	0
8787267	8801294	2091.2	0
8801294	8819426	2090.8	0
8819426	8830399	2090.6	0
8830399	8847010	2090.2	0
8847010	8863906	2090.4	0
8863906	8878272	2090.8	0
8878272	8893933	2090.2	0
8893933	8908443	2093.3	0
8908443	8923628	2094.3	0
8923628	8929716	2093.7	0
8929716	8945994	2095.1	0
8945994	8961528	2096.3	0
8961528	8973010	2093.9	0
8973010	8989205	2091.2	0
8989205	8999661	2091.6	0
8999661	9011193	2093.3	0
9011193	9032759	2093.3	0
9032759	9048384	2093.5	0
9048384	9056272	2094.9	0
9056272	9070368	2093.1	0
9070368	9088846	2093.7	0
9088846	9104932	2094.1	0
9104932	9122111	2093.5	0
9122111	9129733	2096.9	0
9129733	9142361	2096.9	0
9142361	9156405	2094.5	0
9156405	9174437	2094.5	0
9174437	9188718	2094.1	0
9188718	9202127	2095.5	0
9202127	9212350	2097.1	0
9212350	9225077	2097.9	0
9225077	9242246	2096.9	0
9242246	9255870	2097.1	0
9255870	9268561	2098.1	0
9268561	9284301	2097.5	0
9284301	9295345	2098.7	0
9295345	9314338	2098.9	0
9314338	9329404	2098.9	0
9329404	9339267	2100.3	0
9339267	9350206	2099.1	0
9350206	9363490	2099.5	0
9363490	9382190	2098.7	0
9382190	9394125	2099.7	0
9394125	9411811	2099.1	0
9411811	9423278	2096.1	0
9423278	9439192	2099.1	0
9439192	9460004	2096.3	0
9460004	9468378	2095.9	0
9468378	9479784	2095.7	0
9479784	9495959	2097.1	0
9495959	9521734	2097.1	0
9521734	9532254	2097.7	0
9532254	9548046	2097.5	0
9548046	9561344	2097.3	0
9561344	9576400	2096.9	0
9576400	9591007	2095.9	0
9591007	9604540	2097.5	0
9604540	9617540	2097.3	0
9617540	9629593	2097.7	0
9629593	9658861	2097.7	0
9658861	9671917	2096.9	0
9671917	9681818	2096.5	0
9681818	9700082	2096.7	0
9700082	9712965	2097.7	0
9712965	9726289	2096.7	0
9726289	9738955	2097.9	0
9738955	9751218	2097.5	0
9751218	9765367	2096.7	0
9765367	9778420	2096.9	0
9778420	9792262	2097.3	0
9792262	9802898	2096.3	0
9802898	9815445	2096.9	0
9815445	9830694	2097.1	0
9830694	9846905	2095.7	0
9846905	9866792	2095.9	0
9866792	9875543	2096.3	0
9875543	9888796	2096.9	0
9888796	9902534	2097.7	0
9902534	9913695	2097.9	0
9913695	9931954	2098.5	0
9931954	9944852	2097.9	0
9944852	9957502	2097.5	0
9957502	9970675	2095.7	0
9970675	9983872	2096.3	0
9983872	10000743	2097.3	0
10000743	10015933	2096.9	0
10015933	10026394	2097.3	0
10026394	10038293	2096.7	0
10038293	10051677	2095.3	0
10051677	10070873	2096.5	0
10070873	10083670	2098.7	0
10083670	10098037	2097.5	0
10098037	10108803	2097.9	0
10108803	10122858	2097.7	0
10122858	10145529	2098.1	0
10145529	10153229	2098.1	0
10153229	10170015	2098.5	0
10170015	10186151	2098.7	0
10186151	10192374	2071.5	0
10192374	10207167	2075.7	0
10207167	10219875	2081.5	0
10219875	10238424	2083.3	0
10238424	10253028	2088.4	0
10253028	10264555	2089.0	0
10264555	10277930	2090.2	0
10277930	10289316	2090.6	0
10289316	10306194	2095.3	0
10306194	10318575	2095.9	0
10318575	10331588	2095.9	0
10331588	10343415	2096.5	0
10343415	10356428	2096.9	0
10356428	10375885	2097.3	0
10375885	10388441	2098.5	0
10388441	10400755	2099.7	0
10400755	10414002	2100.7	0
10414002	10425617	2099.9	0
10425617	10448083	2099.7	0
10448083	10454859	2104.3	0
10454859	10468159	2100.7	0
10468159	10481317	2099.9	0
10481317	10494514	2100.5	0
10494514	10517397	2100.7	0
10517397	10522128	2100.5	0
10522128	10537965	2100.3	0
10537965	10549144	2104.1	0
10549144	10561855	2104.5	0
10561855	10581580	2105.5	0
10581580	10593531	2105.7	0
10593531	10607855	2105.1	0
10607855	10621448	2105.5	0
10621448	10632902	2105.9	0
10632902	10654309	2106.1	0
10654309	10667074	2106.7	0
10667074	10674773	2106.7	0
10674773	10687648	2105.9	0
10687648	10701109	2105.7	0
10701109	10724146	2106.1	0
10724146	10734387	2106.5	0
10734387	10752819	2106.7	0
10752819	10760640	2107.5	0
10760640	10771327	2106.9	0
10771327	10788387	2106.1	0
10788387	10806998	2106.7	0
10806998	10814540	2107.3	0
10814540	10827478	2107.3	0
10827478	10844543	2106.3	0
10844543	10861598	2105.1	0
10861598	10874266	2104.9	0
10874266	10883340	2105.9	0
10883340	10894837	2106.3	0
10894837	10908256	2104.7	0
10908256	10928269	2105.5	0
10928269	10940294	2105.9	0
10940294	10951939	2105.3	0
10951939	10970239	2105.1	0
10970239	10984400	2105.7	0
10984400	11002797	2105.3	0
11002797	11010633	2105.3	0
11010633	11024480	2105.1	0
11024480	11035984	2105.9	0
11035984	11067209	2106.9	0
11067209	11075156	2105.1	0
11075156	11088457	2105.3	0
11088457	11103627	2104.1	0
11103627	11120553	2104.9	0
11120553	11136033	2104.7	0
11136033	11141560	2106.5	0
11141560	11155428	2105.1	0
11155428	11168173	2105.5	0
11168173	11186957	2107.5	0
11186957	11204756	2107.5	0
11204756	11214941	2105.3	0
11214941	11227809	2106.3	0
11227809	11244735	2105.9	0
11244735	11253303	2105.9	0
11253303	11272170	2105.3	0
11272170	11287925	2107.1	0
11287925	11299743	2106.7	0
11299743	11316150	2108.1	0
11316150	11324739	2107.1	0
11324739	11340892	2105.3	0
11340892	11357315	2105.3	0
11357315	11368575	2105.7	0
11368575	11379292	2105.1	0
11379292	11392498	2105.7	0
11392498	11414585	2104.9	0
11414585	11420616	2101.1	0
11420616	11439730	2099.9	0
11439730	11448661	2099.9	0
11448661	11461319	2099.7	0
11461319	11480468	2098.1	0
11480468	11492399	2098.7	0
11492399	11507029	2098.3	0
11507029	11520288	2097.3	0
11520288	11533686	2097.5	0
11533686	11553326	2095.5	0
11553326	11560270	2097.7	0
11560270	11573634	2096.7	0
11573634	11586912	2097.7	0
11586912	11603110	2097.9	0
11603110	11623886	2098.1	0
11623886	11628514	2098.1	0
11628514	11646998	2097.9	0
11646998	11656980	2098.1	0
11656980	11669609	2098.9	0
11669609	11687398	2096.9	0
11687398	11699521	2098.1	0
11699521	11713008	2097.3	0
11713008	11730679	2096.9	0
11730679	11738577	2097.3	0
11738577	11755930	2095.9	0
11755930	11772460	2098.5	0
11772460	11779999	2099.7	0
11779999	11793288	2099.5	0
11793288	11811715	2098.9	0
11811715	11830853	2096.5	0
11830853	11838571	2097.3	0
11838571	11851947	2096.9	0
11851947	11864340	2096.3	0
11864340	11878389	2095.9	0
11878389	11899455	2098.1	0
11899455	11911791	2098.3	0
11911791	11919878	2099.1	0
11919878	11931960	2096.7	0
11931960	11945047	2098.3	0
11945047	11964470	2099.1	0
11964470	11975170	2099.1	0
11975170	11988548	2099.5	0
11988548	12000188	2100.9	0
12000188	12013331	2099.5	0
12013331	12038981	2099.1	0
12038981	12044947	2098.9	0
12044947	12058110	2098.9	0
12058110	12070821	2098.1	0
12070821	12086742	2096.7	0
12086742	12109138	2096.5	0
12109138	12114942	2096.7	0
12114942	12125347	2096.7	0
12125347	12144373	2097.3	0
12144373	12157739	2097.7	0
12157739	12171092	2097.5	0
12171092	12183866	2096.7	0
12183866	12195262	2096.7	0
12195262	12214091	2096.1	0
12214091	12223846	2096.5	0
12223846	12241144	2097.3	0
12241144	12251681	2097.5	0
12251681	12264426	2097.1	0
12264426	12278385	2096.7	0
12278385	12295205	2096.5	0
12295205	12306089	2098.7	0
12306089	12316216	2098.9	0
12316216	12330435	2098.9	0
12330435	12343026	2098.5	0
12343026	12356314	2097.1	0
12356314	12376629	2095.7	0
12376629	12390697	2097.1	0
12390697	12403206	2096.3	0
12403206	12415428	2096.1	0
12415428	12429426	2096.3	0
12429426	12445252	2097.3	0
12445252	12457110	2096.9	0
12457110	12476380	2096.5	0
12476380	12489497	2097.3	0
12489497	12496058	2095.3	0
12496058	12521131	2095.1	0
12521131	12533489	2097.1	0
12533489	12548337	2096.5	0
12548337	12553640	2095.1	0
12553640	12571031	2094.7	0
12571031	12586685	2095.7	0
12586685	12604662	2091.2	0
12604662	12619358	2093.1	0
12619358	12623889	2093.3	0
12623889	12641516	2094.9	0
12641516	12662186	2095.5	0
12662186	12672103	2095.7	0
12672103	12682585	2095.5	0
12682585	12695914	2095.3	0
12695914	12708247	2094.9	0
12708247	12724476	2096.3	0
12724476	12743213	2095.5	0
12743213	12754061	2093.7	0
12754061	12763641	2094.9	0
12763641	12782766	2093.1	0
12782766	12800992	2093.7	0
12800992	12809331	2093.7	0
12809331	12823872	2093.3	0
12823872	12835914	2091.6	0
12835914	12852426	2089.8	0
12852426	12866306	2090.8	0
12866306	12886390	2090.8	0
12886390	12896276	2090.8	0
12896276	12911341	2090.8	0
12911341	12920215	2091.0	0
12920215	12938286	2091.0	0
12938286	12950179	2091.0	0
12950179	12963732	2090.6	0
12963732	12977180	2090.8	0
12977180	12988315	2091.0	0
12988315	13007817	2093.7	0
13007817	13020634	2090.4	0
13020634	13034968	2090.6	0
13034968	13047394	2090.2	0
13047394	13061044	2089.8	0
13061044	13078177	2090.4	0
13078177	13094325	2090.6	0
13094325	13101832	2090.6	0
13101832	13113585	2089.6	0
13113585	13134728	2089.0	0
13134728	13148623	2088.6	0
13148623	13159699	2089.2	0
13159699	13174050	2089.4	0
13174050	13186707	2091.2	0
13186707	13199858	2091.0	0
13199858	13215249	2091.0	0
13215249	13234100	2089.8	0
13234100	13241636	2089.4	0
13241636	13254938	2090.0	0
13254938	13274858	2091.4	0
13274858	13294527	2093.3	0
13294527	13306970	2091.6	0
13306970	13319528	2090.8	0
13319528	13327006	2091.4	0
13327006	13339919	2091.0	0
13339919	13360512	2091.8	0
13360512	13373745	2091.6	0
13373745	13380723	2094.3	0
13380723	13398424	2094.5	0
13398424	13412711	2095.1	0
13412711	13433099	2095.3	0
13433099	13440443	2094.3	0
13440443	13456475	2094.9	0
13456475	13463873	2094.7	0
13463873	13484189	2095.7	0
13484189	13498959	2094.7	0
13498959	13512064	2095.3	0
13512064	13525813	2095.5	0
13525813	13536721	2095.3	0
13536721	13550196	2095.9	0
13550196	13569660	2095.5	0
13569660	13581900	2094.7	0
13581900	13594346	2095.1	0
13594346	13611530	2095.7	0
13611530	13623426	2095.9	0
13623426	13640113	2094.9	0
13640113	13650967	2095.5	0
13650967	13663817	2098.1	0
13663817	13682283	2096.1	0
13682283	13697374	2096.1	0
13697374	13710890	2096.3	0
13710890	13722760	2097.3	0
13722760	13734722	2097.1	0
13734722	13748064	2095.9	0
13748064	13762045	2096.5	0
13762045	13778214	2096.1	0
13778214	13796727	2096.5	0
13796727	13804634	2097.3	0
13804634	13823595	2096.7	0
13823595	13835987	2094.7	0
13835987	13849903	2095.9	0
13849903	13861716	2094.5	0
13861716	13876922	2095.1	0
13876922	13886964	2094.3	0
13886964	13906020	2095.9	0
13906020	13920357	2094.7	0
13920357	13936657	2094.7	0
13936657	13947776	2094.1	0
13947776	13960647	2092.9	0
13960647	13991471	2091.6	0
13991471	14002317	2090.6	0
14002317	14020925	2091.4	0
14020925	14027462	2089.0	0
14027462	14042640	2088.4	0
14042640	14060203	2088.4	0
14060203	14073755	2087.4	0
14073755	14083852	2087.6	0
14083852	14097798	2084.3	0
14097798	14111045	2084.5	0
14111045	14127648	2086.4	0
14127648	14140991	2088.2	0
14140991	14154227	2086.8	0
14154227	14166469	2087.0	0
14166469	14180044	2086.2	0
14180044	14199294	2087.8	0
14199294	14214384	2088.0	0
14214384	14227649	2087.4	0
14227649	14240649	2087.6	0
14240649	14254413	2087.4	0
14254413	14272708	2088.6	0
14272708	14286037	2087.6	0
14286037	14299451	2088.6	0
14299451	14308777	2088.4	0
14308777	14322182	2088.8	0
14322182	14341289	2090.0	0
14341289	14352989	2089.6	0
14352989	14371248	2087.8	0
14371248	14382880	2089.8	0
14382880	14392981	2089.8	0
14392981	14408287	2090.2	0
14408287	14427847	2089.4	0
14427847	14434550	2089.0	0
14434550	14447985	2088.8	0
14447985	14465387	2089.2	0
14465387	14481101	2090.2	0
14481101	14492284	2088.8	0
14492284	14505397	2089.0	0
14505397	14518382	2088.4	0
14518382	14531873	2090.0	0
14531873	14548103	2088.6	0
14548103	14563010	2088.6	0
14563010	14574923	2088.0	0
14574923	14594974	2088.0	0
14594974	14603461	2087.6	0
14603461	14619106	2087.8	0
14619106	14636022	2089.6	0
14636022	14650759	2090.0	0
14650759	14657771	2088.6	0
14657771	14673027	2089.8	0
14673027	14690516	2089.8	0
14690516	14701680	2091.4	0
14701680	14717791	2093.3	0
14717791	14728233	2093.1	0
14728233	14747143	2093.7	0
14747143	14761099	2093.7	0
14761099	14770585	2091.6	0
14770585	14788193	2093.3	0
14788193	14796936	2094.7	0
14796936	14813093	2094.9	0
14813093	14829385	2094.1	0
14829385	14841256	2093.3	0
14841256	14858044	2094.9	0
14858044	14870492	2093.9	0
14870492	14883398	2095.3	0
14883398	14897085	2096.1	0
14897085	14910022	2096.9	0
14910022	14930355	2095.9	0
14930355	14936966	2095.9	0
14936966	14953773	2095.9	0
14953773	14969857	2094.7	0
14969857	14978197	2094.3	0
14978197	14996578	2095.5	0
14996578	15010628	2095.9	0
15010628	15016465	2095.5	0
15016465	15035975	2096.3	0
15035975	15048649	2095.7	0
15048649	15059964	2094.3	0
15059964	15075772	2095.3	0
15075772	15089313	2094.3	0
15089313	15109340	2094.1	0
15109340	15116064	2094.1	0
15116064	15129268	2093.3	0
15129268	15146501	2091.4	0
15146501	15155322	2096.5	0
15155322	15174591	2096.3	0
15174591	15185769	2095.9	0
15185769	15203534	2094.9	0
15203534	15215033	2094.7	0
15215033	15227855	2093.5	0
15227855	15241536	2093.5	0
15241536	15253156	2095.9	0
15253156	15271501	2095.9	0
15271501	15279308	2096.9	0
15279308	15293316	2095.5	0
15293316	15310677	2095.5	0
15310677	15321466	2096.9	0
15321466	15338358	2096.3	0
15338358	15351854	2095.9	0
15351854	15367701	2094.5	0
15367701	15384277	2093.5	0
15384277	15394820	2095.7	0
15394820	15407610	2095.5	0
15407610	15421049	2096.5	0
15421049	15434549	2096.3	0
15434549	15458601	2095.3	0
15458601	15471825	2094.9	0
15471825	15481660	2093.3	0
15481660	15497662	2093.5	0
15497662	15505565	2093.5	0
15505565	15527050	2091.2	0
15527050	15540892	2091.0	0
15540892	15548486	2095.1	0
15548486	15561861	2095.3	0
15561861	15574934	2094.5	0
15574934	15593482	2094.7	0
15593482	15606448	2094.9	0
15606448	15615913	2094.5	0
15615913	15634646	2094.3	0
15634646	15643884	2094.1	0
15643884	15661495	2095.5	0
15661495	15672561	2094.5	0
15672561	15686210	2094.5	0
15686210	15704643	2093.3	0
15704643	15712275	2091.4	0
15712275	15729798	2091.4	0
15729798	15740887	2091.4	0
15740887	15760875	2091.2	0
15760875	15767488	2094.1	0
15767488	15781251	2091.4	0
15781251	15802455	2090.2	0
15802455	15811834	2093.7	0
15811834	15824355	2093.9	0
15824355	15837067	2094.1	0
15837067	15850892	2094.1	0
15850892	15866591	2095.1	0
15866591	15882041	2095.1	0
15882041	15896351	2094.1	0
15896351	15905055	2096.5	0
15905055	15920462	2097.5	0
15920462	15938071	2097.3	0
15938071	15953423	2093.1	0
15953423	15961307	2094.3	0
15961307	15979827	2096.1	0
15979827	15987431	2096.1	0
15987431	16006657	2097.3	0
16006657	16019965	2097.3	0
16019965	16032853	2097.1	0
16032853	16044375	2095.9	0
16044375	16057788	2096.3	0
16057788	16076759	2097.3	0
16076759	16086020	2097.9	0
16086020	16099493	2097.7	0
16099493	16112832	2096.7	0
16112832	16126330	2098.1	0
16126330	16143889	2097.3	0
16143889	16155687	2096.9	0
16155687	16170330	2096.7	0
16170330	16186825	2097.3	0
16186825	16197066	2097.3	0
16197066	16218352	2096.9	0
16218352	16226780	2096.5	0
16226780	16238692	2096.3	0
16238692	16253315	2097.1	0
16253315	16266692	2096.3	0
16266692	16280791	2096.9	0
16280791	16291595	2096.5	0
16291595	16306090	2095.5	0
16306090	16320109	2098.5	0
16320109	16331994	2095.5	0
16331994	16352701	2096.9	0
16352701	16365415	2096.3	0
16365415	16386001	2096.1	0
16386001	16394991	2097.1	0
16394991	16407679	2097.1	0
16407679	16425271	2096.9	0
16425271	16437240	2095.5	0
16437240	16449791	2096.3	0
16449791	16466933	2096.7	0
16466933	16495604	2096.7	0
16495604	16505475	2094.5	0
16505475	16522994	2093.5	0
16522994	16532163	2091.4	0
16532163	16547388	2091.6	0
16547388	16566857	2093.3	0
16566857	16575263	2091.2	0
16575263	16587448	2093.7	0
16587448	16605268	2093.3	0
16605268	16614333	2093.3	0
16614333	16637195	2091.4	0
16637195	16647154	2093.1	0
16647154	16655237	2094.5	0
16655237	16674734	2091.0	0
16674734	16686471	2091.2	0
16686471	16701749	2090.4	0
16701749	16717598	2090.4	0
16717598	16725770	2090.8	0
16725770	16741626	2089.0	0
16741626	16753462	2089.8	0
16753462	16769321	2089.0	0
16769321	16786325	2088.8	0
16786325	16794199	2088.2	0
16794199	16808528	2089.0	0
16808528	16825160	2090.0	0
16825160	16843932	2089.0	0
16843932	16856233	2089.8	0
16856233	16866621	2089.2	0
16866621	16879738	2089.0	0
16879738	16896968	2090.8	0
16896968	16917748	2089.8	0
16917748	16923698	2088.2	0
16923698	16941067	2086.8	0
16941067	16950029	2083.7	0
16950029	16963666	2083.9	0
16963666	16982962	2083.3	0
16982962	16995678	2083.5	0
16995678	17008134	2082.1	0
17008134	17026303	2082.1	0
17026303	17036043	2082.9	0
17036043	17056553	2083.3	0
17056553	17064535	2087.4	0
17064535	17084307	2086.6	0
17084307	17097405	2082.5	0
17097405	17104154	2082.7	0
17104154	17124098	2083.1	0
17124098	17134509	2086.4	0
17134509	17147751	2086.8	0
17147751	17161424	2088.2	0
17161424	17179693	2088.0	0
17179693	17196504	2087.8	0
17196504	17206301	2086.8	0
17206301	17226188	2087.6	0
17226188	17235153	2088.2	0
17235153	17252222	2087.6	0
17252222	17268505	2087.4	0
17268505	17278883	2087.0	0
17278883	17291401	2084.3	0
17291401	17311394	2087.0	0
17311394	17318928	2086.4	0
17318928	17338328	2082.9	0
17338328	17350011	2087.4	0
17350011	17369471	2087.0	0
17369471	17376275	2084.1	0
17376275	17388913	2083.5	0
17388913	17408902	2084.1	0
17408902	17418653	2084.1	0
17418653	17432066	2083.9	0
17432066	17444920	2082.3	0
17444920	17457897	2080.3	0
17457897	17476744	2081.3	0
17476744	17489093	2080.9	0
17489093	17500841	2081.3	0
17500841	17518778	2080.3	0
17518778	17527030	2082.3	0
17527030	17551585	2082.9	0
17551585	17556705	2083.7	0
17556705	17571929	2083.5	0
17571929	17592019	2083.1	0
17592019	17600013	2081.1	0
17600013	17616410	2081.1	0
17616410	17627575	2081.9	0
17627575	17641295	2081.1	0
17641295	17661285	2080.9	0
17661285	17672927	2081.9	0
17672927	17688327	2082.1	0
17688327	17699448	2082.7	0
17699448	17711763	2083.1	0
17711763	17727392	2081.9	0
17727392	17738922	2080.7	0
17738922	17756365	2080.9	0
17756365	17775886	2080.9	0
17775886	17788342	2080.7	0
17788342	17796311	2076.1	0
17796311	17809707	2079.7	0
17809707	17831437	2080.3	0
17831437	17839380	2079.3	0
17839380	17852720	2079.7	0
17852720	17864552	2079.7	0
17864552	17877926	2075.9	0
17877926	17900598	2080.1	0
17900598	17910389	2080.9	0
17910389	17924053	2079.9	0
17924053	17936182	2079.9	0
17936182	17951401	2079.5	0
17951401	17971456	2080.7	0
17971456	17984808	2081.9	0
17984808	17997875	2082.7	0
17997875	18008787	2081.7	0
18008787	18022145	2081.3	0
18022145	18038897	2077.1	0
18038897	18050221	2075.9	0
18050221	18065760	2074.9	0
18065760	18079298	2074.7	0
18079298	18088336	2075.5	0
18088336	18106075	2075.3	0
18106075	18119498	2076.3	0
18119498	18132063	2079.5	0
18132063	18146632	2080.1	0
18146632	18160258	2076.3	0
18160258	18179022	2076.1	0
18179022	18191845	2082.1	0
18191845	18207397	2080.5	0
18207397	18214525	2080.3	0
18214525	18227616	2081.1	0
18227616	18246438	2081.3	0
18246438	18260910	2075.7	0
18260910	18272584	2076.3	0
18272584	18285874	2076.5	0
18285874	18321537	2081.3	0
18321537	18329688	2080.5	0
18329688	18348438	2080.5	0
18348438	18355349	2076.1	0
18355349	18368725	2076.1	0
18368725	18391886	2075.1	0
18391886	18402645	2074.7	0
18402645	18411732	2074.7	0
18411732	18424323	2075.5	0
18424323	18447708	2074.3	0
18447708	18459493	2075.1	0
18459493	18473179	2075.7	0
18473179	18489847	2079.9	0
18489847	18497816	2080.1	0
18497816	18510752	2076.7	0
18510752	18534760	2079.7	0
18534760	18544150	2080.3	0
18544150	18555217	2080.5	0
18555217	18570222	2076.5	0
18570222	18585247	2075.1	0
18585247	18600400	2075.9	0
18600400	18619866	2074.5	0
18619866	18626668	2074.9	0
18626668	18639212	2075.1	0
18639212	18652739	2075.1	0
18652739	18673045	2075.7	0
18673045	18686527	2074.5	0
18686527	18693213	2074.1	0
18693213	18707867	2074.1	0
18707867	18726610	2072.1	0
18726610	18740251	2070.7	0
18740251	18753490	2070.9	0
18753490	18766537	2069.9	0
18766537	18780862	2066.7	0
18780862	18800011	2067.9	0
18800011	18814626	2067.7	0
18814626	18826853	2069.9	0
18826853	18842982	2070.1	0
18842982	18854928	2070.5	0
18854928	18865935	2070.7	0
18865935	18884047	2073.3	0
18884047	18902066	2075.1	0
18902066	18909692	2073.7	0
18909692	18923669	2073.3	0
18923669	18935920	2072.1	0
18935920	18953945	2071.1	0
18953945	18972210	2070.1	0
18972210	18982728	2072.3	0
18982728	18992620	2073.1	0
18992620	19009954	2073.3	0
19009954	19026764	2074.3	0
19026764	19042058	2073.3	0
19042058	19054333	2073.9	0
19054333	19067153	2075.1	0
19067153	19076857	2073.5	0
19076857	19093657	2074.1	0
19093657	19104329	2074.7	0
19104329	19117308	2076.5	0
19117308	19133498	2076.1	0
19133498	19151896	2080.1	0
19151896	19165695	2080.9	0
19165695	19177463	2081.9	0
19177463	19190991	2082.5	0
19190991	19204423	2081.9	0
19204423	19236798	2080.9	0
19236798	19243926	2079.7	0
19243926	19258381	2080.5	0
19258381	19271189	2079.9	0
19271189	19290479	2079.9	0
19290479	19304239	2079.5	0
19304239	19317187	2075.9	0
19317187	19337979	2075.5	0
19337979	19344788	2075.3	0
19344788	19371962	2074.9	0
19371962	19384303	2075.5	0
19384303	19397923	2080.7	0
19397923	19416230	2081.1	0
19416230	19425315	2081.7	0
19425315	19440551	2081.9	0
19440551	19452234	2081.9	0
19452234	19465729	2081.1	0
19465729	19485947	2081.5	0
19485947	19499491	2082.5	0
19499491	19518895	2081.9	0
19518895	19525637	2083.1	0
19525637	19538997	2083.3	0
19538997	19551985	2084.3	0
19551985	19565352	2087.4	0
19565352	19585973	2087.8	0
19585973	19597649	2083.5	0
19597649	19612101	2083.1	0
19612101	19634120	2060.6	0
19634120	19652551	2068.9	0
19652551	19676656	2059.6	0
19676656	19723017	2067.1	0
19723017	19730193	2055.2	0
19730193	19739470	2054.8	0
19739470	19749135	2057.6	0
19749135	19762380	2060.0	0
19762380	19774887	2067.1	0
19774887	19791077	2067.5	0
19791077	19809859	2070.3	0
19809859	19820604	2072.3	0
19820604	19830330	2072.7	0
19830330	19844200	2072.3	0
19844200	19867432	2073.5	0
19867432	19881316	2074.3	0
19881316	19889780	2075.3	0
19889780	19902097	2075.9	0
19902097	19913996	2079.1	0
19913996	19930761	2075.5	0
19930761	19940244	2074.3	0
19940244	19960695	2075.7	0
19960695	19966024	2075.1	0
19966024	19980275	2074.1	0
19980275	20001491	2075.7	0
20001491	20018102	2075.3	0
20018102	20030946	2075.1	0
20030946	20044287	2079.5	0
20044287	20051811	2079.7	0
20051811	20077158	2079.9	0
20077158	20084484	2079.9	0
20084484	20096343	2074.7	0
20096343	20110264	2074.3	0
20110264	20123474	2074.7	0
20123474	20144804	2074.5	0
20144804	20154701	2074.3	0
20154701	20165313	2076.3	0
20165313	20178004	2079.9	0
20178004	20191327	2076.1	0
20191327	20211053	2076.5	0
20211053	20220529	2076.3	0
20220529	20233880	2080.1	0
20233880	20251269	2076.9	0
20251269	20269849	2076.3	0
20269849	20284042	2076.1	0
20284042	20298223	2081.7	0
20298223	20307752	2082.1	0
20307752	20320991	2081.7	0
20320991	20334070	2081.7	0
20334070	20351701	2081.3	0
20351701	20365211	2082.1	0
20365211	20382650	2080.5	0
20382650	20392054	2076.5	0
20392054	20405387	2080.9	0
20405387	20423968	2079.7	0
20423968	20432395	2080.7	0
20432395	20450663	2080.7	0
20450663	20458731	2080.9	0
20458731	20472047	2081.7	0
20472047	20491096	2081.5	0
20491096	20503232	2080.3	0
20503232	20516685	2080.5	0
20516685	20530474	2080.1	0
20530474	20542713	2080.3	0
20542713	20558930	2079.9	0
20558930	20577702	2080.3	0
20577702	20592412	2080.1	0
20592412	20599153	2080.3	0
20599153	20612899	2080.9	0
20612899	20629843	2079.9	0
20629843	20642016	2080.9	0
20642016	20655542	2080.7	0
20655542	20673009	2076.5	0
20673009	20682207	2079.9	0
20682207	20698930	2079.9	0
20698930	20716122	2076.1	0
20716122	20723063	2076.1	0
20723063	20738536	2076.5	0
20738536	20752213	2080.9	0
20752213	20774739	2081.5	0
20774739	20781492	2080.9	0
20781492	20801837	2082.1	0
20801837	20815550	2080.7	0
20815550	20822276	2081.1	0
20822276	20842650	2081.3	0
20842650	20856317	2080.9	0
20856317	20869795	2080.9	0
20869795	20880211	2079.7	0
20880211	20896684	2076.3	0
20896684	20916947	2075.3	0
20916947	20923518	2075.9	0
20923518	20936983	2075.5	0
20936983	20950447	2075.5	0
20950447	20967993	2074.9	0
20967993	20982683	2074.7	0
20982683	20997066	2075.7	0
20997066	21012460	2074.9	0
21012460	21023724	2073.9	0
21023724	21037070	2074.5	0
21037070	21050408	2075.1	0
21050408	21066107	2073.9	0
21066107	21074918	2074.1	0
21074918	21088748	2073.9	0
21088748	21102066	2073.5	0
21102066	21123141	2073.9	0
21123141	21132607	2074.7	0
21132607	21140957	2073.7	0
21140957	21155855	2073.5	0
21155855	21167509	2074.1	0
21167509	21193505	2075.5	0
21193505	21201701	2072.5	0
21201701	21214783	2072.5	0
21214783	21229301	2070.9	0
21229301	21240482	2070.3	0
21240482	21258623	2069.3	0
21258623	21287234	2067.9	0
21287234	21299114	2068.9	0
21299114	21311751	2069.3	0
21311751	21332860	2069.7	0
21332860	21342062	2068.3	0
21342062	21355177	2067.9	0
21355177	21367491	2067.7	0
21367491	21380499	2067.7	0
21380499	21403458	2062.8	0
21403458	21411176	2065.1	0
21411176	21426134	2060.0	0
21426134	21439444	2058.0	0
21439444	21450870	2063.2	0
21450870	21466331	2061.6	0
21466331	21485508	2060.8	0
21485508	21493055	2060.0	0
21493055	21506332	2061.4	0
21506332	21519701	2061.6	0
21519701	21536989	2061.2	0
21536989	21557439	2062.0	0
21557439	21565464	2061.0	0
21565464	21581131	2060.6	0
21581131	21588670	2060.0	0
21588670	21607435	2059.8	0
21607435	21620750	2060.8	0
21620750	21634041	2058.6	0
21634041	21650780	2055.8	0
21650780	21661416	2054.2	0
21661416	21678439	2053.8	0
21678439	21696074	2059.2	0
21696074	21702939	2060.4	0
21702939	21721662	2060.2	0
21721662	21730061	2059.8	0
21730061	21754272	2059.6	0
21754272	21759878	2059.2	0
21759878	21775318	2058.6	0
21775318	21786293	2058.8	0
21786293	21799057	2057.2	0
21799057	21816120	2054.2	0
21816120	21829250	2053.1	0
21829250	21842814	2053.8	0
21842814	21856566	2054.0	0
21856566	21869415	2053.8	0
21869415	21890462	2052.9	0
21890462	21900262	2055.8	0
21900262	21917826	2052.5	0
21917826	21925097	2049.1	0
21925097	21938999	2048.3	0
21938999	21962041	2048.3	0
21962041	21970746	2050.3	0
21970746	21988666	2049.7	0
21988666	21996237	2050.1	0
21996237	22017187	2049.1	0
22017187	22037609	2048.5	0
22037609	22049266	2049.7	0
22049266	22068947	2052.7	0
22068947	22082663	2049.5	0
22082663	22099574	2053.3	0
22099574	22119882	2054.2	0
22119882	22126267	2055.6	0
22126267	22139882	2056.2	0
22139882	22153443	2056.2	0
22153443	22171643	2055.8	0
22171643	22190263	2057.0	0
22190263	22201833	2056.2	0
22201833	22209347	2057.4	0
22209347	22228145	2057.6	0
22228145	22243245	2059.0	0
22243245	22255760	2056.4	0
22255760	22268571	2055.8	0
22268571	22282169	2053.8	0
22282169	22297254	2055.4	0
22297254	22312281	2053.5	0
22312281	22321842	2054.6	0
22321842	22337481	2054.6	0
22337481	22350089	2050.5	0
22350089	22364147	2050.3	0
22364147	22388136	2052.9	0
22388136	22396895	2048.5	0
22396895	22412975	2047.9	0
22412975	22424042	2048.7	0
22424042	22437360	2047.1	0
22437360	22460780	2047.7	0
22460780	22467500	2048.5	0
22467500	22480982	2048.3	0
22480982	22497565	2048.1	0
22497565	22507997	2047.1	0
22507997	22525138	2046.1	0
22525138	22544832	2044.7	0
22544832	22551624	2043.1	0
22551624	22565602	2044.7	0
22565602	22582809	2045.5	0
22582809	22606947	2047.5	0
22606947	22616880	2045.7	0
22616880	22624065	2044.3	0
22624065	22644219	2044.5	0
22644219	22651812	2045.1	0
22651812	22671504	2044.7	0
22671504	22685980	2046.5	0
22685980	22701279	2047.5	0
22701279	22711656	2045.1	0
22711656	22723128	2046.3	0
22723128	22742052	2047.5	0
22742052	22754399	2045.3	0
22754399	22767966	2047.3	0
22767966	22786916	2049.9	0
22786916	22800437	2046.5	0
22800437	22821114	2050.5	0
22821114	22834676	2046.1	0
22834676	22841594	2048.7	0
22841594	22855204	2048.1	0
22855204	22889357	2047.3	0
22889357	22896219	2047.9	0
22896219	22913975	2048.1	0
22913975	22923821	2046.5	0
22923821	22936603	2045.7	0
22936603	22953876	2044.5	0
22953876	22971593	2044.5	0
22971593	22981288	2046.7	0
22981288	22992251	2046.5	0
22992251	23012998	2047.9	0
23012998	23029038	2048.9	0
23029038	23047691	2050.1	0
23047691	23060468	2047.7	0
23060468	23067195	2048.9	0
23067195	23080792	2047.1	0
23080792	23100353	2045.7	0
23100353	23118027	2045.1	0
23118027	23129726	2045.5	0
23129726	99999999	2046.7	0
