0 0 1678.8 0
0 0 1678.0 0
0 0 1678.2 0
0 0 1677.2 0
0 0 1676.6 0
0 0 1676.8 0
0 0 1684.5 0
0 0 1680.8 0
0 0 1682.4 0
0 0 1682.0 0
0 0 1685.9 0
0 1 1686.3 0
1 1 1683.0 0
1 250 1685.3 0
250 10683 1684.1 0
10683 22483 1680.0 0
22483 33746 1679.6 0
33746 43412 1679.2 0
43412 49990 1682.6 0
49990 64493 1687.3 0
64493 76179 1688.9 0
76179 86764 1685.3 0
86764 101364 1682.0 0
101364 108221 1679.0 0
108221 118449 1678.2 0
118449 134735 1676.6 0
134735 148758 1673.5 0
148758 159833 1681.8 0
159833 171112 1685.7 0
171112 182069 1683.4 0
182069 192748 1681.8 0
192748 205361 1685.9 0
205361 215791 1688.7 0
215791 228671 1691.6 0
228671 242130 1689.3 0
242130 255051 1693.8 0
255051 274420 1693.4 0
274420 284753 1693.4 0
284753 298267 1693.8 0
298267 309786 1693.2 0
309786 333728 1693.6 0
333728 347465 1689.1 0
347465 355920 1687.7 0
355920 369816 1686.1 0
369816 388490 1682.2 0
388490 403754 1678.2 0
403754 418713 1681.8 0
418713 432992 1688.7 0
432992 440367 1687.9 0
440367 460835 1689.7 0
460835 474602 1687.9 0
474602 487174 1688.1 0
487174 507984 1687.5 0
507984 518155 1686.5 0
518155 529022 1685.3 0
529022 550737 1687.9 0
550737 559682 1705.1 0
559682 580624 1710.7 0
580624 594412 1707.1 0
594412 601128 1713.9 0
601128 622366 1713.3 0
622366 637202 1713.7 0
637202 645142 1714.9 0
645142 664871 1720.5 0
664871 673369 1716.9 0
673369 698081 1714.7 0
698081 710122 1718.7 0
710122 726599 1718.9 0
726599 730593 1714.7 0
730593 753566 1721.5 0
753566 767438 1725.3 0
767438 780848 1723.9 0
780848 787749 1715.5 0
787749 801258 1710.9 0
801258 821255 1710.3 0
821255 835442 1709.7 0
835442 847973 1708.7 0
847973 868286 1710.5 0
868286 882823 1711.3 0
882823 887751 1709.1 0
887751 913670 1708.1 0
913670 918586 1707.7 0
918586 932486 1708.7 0
932486 946359 1706.7 0
946359 967336 1709.3 0
967336 987646 1710.3 0
987646 993245 1706.5 0
993245 1010180 1712.1 0
1010180 1023428 1718.7 0
1023428 1038168 1715.9 0
1038168 1054567 1714.5 0
1054567 1063980 1714.7 0
1063980 1078084 1716.1 0
1078084 1096553 1713.7 0
1096553 1110509 1712.3 0
1110509 1126960 1710.5 0
1126960 1141095 1708.7 0
1141095 1154978 1706.7 0
1154978 1161791 1708.9 0
1161791 1175848 1710.7 0
1175848 1196840 1711.3 0
1196840 1210578 1709.9 0
1210578 1224004 1710.5 0
1224004 1230824 1709.9 0
1230824 1244485 1703.7 0
1244485 1272023 1705.3 0
1272023 1285616 1704.5 0
1285616 1299207 1708.1 0
1299207 1312493 1708.9 0
1312493 1321077 1711.3 0
1321077 1341736 1714.1 0
1341736 1360241 1715.3 0
1360241 1374050 1714.1 0
1374050 1388824 1715.5 0
1388824 1397391 1714.7 0
1397391 1417574 1715.5 0
1417574 1430828 1719.1 0
1430828 1441715 1720.7 0
1441715 1457276 1720.9 0
1457276 1466026 1721.1 0
1466026 1483728 1720.5 0
1483728 1496438 1721.3 0
1496438 1514291 1722.5 0
1514291 1523324 1722.1 0
1523324 1541614 1723.7 0
1541614 1552791 1724.1 0
1552791 1572902 1722.9 0
1572902 1594805 1722.3 0
1594805 1612672 1722.9 0
1612672 1630190 1721.3 0
1630190 1645271 1723.7 0
1645271 1659452 1723.3 0
1659452 1673268 1724.7 0
1673268 1680172 1722.5 0
1680172 1704712 1723.1 0
1704712 1715141 1722.3 0
1715141 1730303 1721.9 0
1730303 1742556 1721.5 0
1742556 1758610 1714.1 0
1758610 1771307 1715.5 0
1771307 1788609 1716.5 0
1788609 1801891 1720.9 0
1801891 1815141 1720.5 0
1815141 1829209 1719.5 0
1829209 1842961 1716.3 0
1842961 1859552 1715.1 0
1859552 1866625 1718.5 0
1866625 1887132 1720.1 0
1887132 1894097 1718.5 0
1894097 1918568 1718.5 0
1918568 1926135 1712.3 0
1926135 1944387 1710.5 0
1944387 1953361 1712.5 0
1953361 1965518 1713.9 0
1965518 1984504 1710.5 0
1984504 2002585 1710.9 0
2002585 2010498 1709.9 0
2010498 2031783 1708.9 0
2031783 2044577 1709.7 0
2044577 2064049 1713.1 0
2064049 2076417 1710.5 0
2076417 2087775 1709.1 0
2087775 2102792 1708.9 0
2102792 2110353 1710.3 0
2110353 2130696 1711.5 0
2130696 2148422 1712.7 0
2148422 2162103 1713.3 0
2162103 2170893 1710.9 0
2170893 2189737 1708.3 0
2189737 2200448 1710.1 0
2200448 2219139 1711.1 0
2219139 2232446 1710.3 0
2232446 2246479 1710.5 0
2246479 2260437 1712.3 0
2260437 2274451 1713.7 0
2274451 2291039 1713.3 0
2291039 2307004 1711.7 0
2307004 2312933 1712.1 0
2312933 2327355 1711.9 0
2327355 2347083 1714.3 0
2347083 2362882 1714.5 0
2362882 2376486 1714.1 0
2376486 2385245 1712.9 0
2385245 2403893 1711.9 0
2403893 2414875 1711.9 0
2414875 2433495 1712.5 0
2433495 2447423 1713.9 0
2447423 2454761 1709.3 0
2454761 2468907 1712.1 0
2468907 2489330 1711.3 0
2489330 2507411 1711.9 0
2507411 2513168 1713.1 0
2513168 2533194 1711.5 0
2533194 2540652 1710.7 0
2540652 2560928 1712.7 0
2560928 2572373 1710.3 0
2572373 2586670 1709.5 0
2586670 2606216 1706.7 0
2606216 2620757 1706.7 0
2620757 2636826 1707.3 0
2636826 2650740 1706.1 0
2650740 2658373 1707.1 0
2658373 2672273 1708.7 0
2672273 2691648 1709.5 0
2691648 2711343 1710.5 0
2711343 2720544 1709.9 0
2720544 2737606 1709.3 0
2737606 2751072 1708.5 0
2751072 2764787 1709.9 0
2764787 2778468 1709.7 0
2778468 2798492 1711.3 0
2798492 2803618 1712.1 0
2803618 2824446 1714.1 0
2824446 2832827 1714.7 0
2832827 2853255 1715.7 0
2853255 2863614 1718.3 0
2863614 2877312 1720.7 0
2877312 2897341 1720.3 0
2897341 2911355 1721.9 0
2911355 2923003 1720.9 0
2923003 2936297 1719.3 0
2936297 2949480 1721.7 0
2949480 2962594 1722.7 0
2962594 2980607 1723.1 0
2980607 3001028 1722.9 0
3001028 3007814 1720.5 0
3007814 3028347 1723.5 0
3028347 3035085 1722.9 0
3035085 3049124 1724.9 0
3049124 3071791 1727.9 0
3071791 3083559 1724.7 0
3083559 3093787 1727.3 0
3093787 3107488 1723.9 0
3107488 3126402 1723.9 0
3126402 3144290 1721.9 0
3144290 3150294 1722.7 0
3150294 3163821 1723.5 0
3163821 3178533 1722.5 0
3178533 3190721 1723.7 0
3190721 3211323 1723.3 0
3211323 3220427 1723.9 0
3220427 3240775 1721.5 0
3240775 3247495 1721.1 0
3247495 3267857 1727.3 0
3267857 3284674 1723.7 0
3284674 3298860 1721.1 0
3298860 3305401 1722.9 0
3305401 3319151 1723.9 0
3319151 3340379 1720.7 0
3340379 3357436 1723.7 0
3357436 3371549 1720.3 0
3371549 3386082 1721.5 0
3386082 3395040 1722.5 0
3395040 3414902 1723.3 0
3414902 3426569 1723.9 0
3426569 3440405 1724.5 0
3440405 3460264 1727.5 0
3460264 3473922 1723.5 0
3473922 3481794 1724.9 0
3481794 3501986 1724.1 0
3501986 3515645 1722.7 0
3515645 3529504 1723.5 0
3529504 3536772 1725.1 0
3536772 3556479 1724.5 0
3556479 3578051 1723.3 0
3578051 3591688 1722.5 0
3591688 3598669 1720.1 0
3598669 3612750 1718.5 0
3612750 3633433 1714.7 0
3633433 3651216 1719.1 0
3651216 3657707 1718.9 0
3657707 3671366 1715.9 0
3671366 3690420 1716.1 0
3690420 3702058 1714.9 0
3702058 3716198 1715.5 0
3716198 3731709 1715.3 0
3731709 3745369 1715.7 0
3745369 3759755 1714.1 0
3759755 3768138 1716.3 0
3768138 3784672 1714.3 0
3784672 3796311 1715.3 0
3796311 3824167 1715.5 0
3824167 3841754 1712.9 0
3841754 3855825 1713.5 0
3855825 3874784 1715.1 0
3874784 3888633 1714.1 0
3888633 3902197 1713.7 0
3902197 3914138 1713.7 0
3914138 3929751 1719.3 0
3929751 3944445 1721.3 0
3944445 3957796 1719.7 0
3957796 3970941 1723.1 0
3970941 3983429 1720.1 0
3983429 4004256 1718.9 0
4004256 4016795 1719.9 0
4016795 4030253 1719.5 0
4030253 4043397 1713.1 0
4043397 4057535 1714.1 0
4057535 4072929 1715.1 0
4072929 4086914 1714.9 0
4086914 4093927 1719.3 0
4093927 4108491 1719.5 0
4108491 4129158 1720.5 0
4129158 4143649 1719.9 0
4143649 4155680 1716.3 0
4155680 4169180 1715.1 0
4169180 4183635 1716.1 0
4183635 4190632 1719.5 0
4190632 4211873 1718.7 0
4211873 4232064 1718.3 0
4232064 4239022 1716.7 0
4239022 4253053 1714.3 0
4253053 4266714 1718.5 0
4266714 4284804 1715.7 0
4284804 4302823 1716.7 0
4302823 4316050 1716.1 0
4316050 4330907 1719.3 0
4330907 4344036 1719.7 0
4344036 4361403 1718.9 0
4361403 4370660 1721.7 0
4370660 4388807 1720.1 0
4388807 4396116 1720.1 0
4396116 4414748 1719.7 0
4414748 4431523 1718.5 0
4431523 4445251 1716.5 0
4445251 4458861 1716.3 0
4458861 4473739 1718.7 0
4473739 4481326 1716.7 0
4481326 4498326 1719.9 0
4498326 4513379 1719.1 0
4513379 4524300 1714.9 0
4524300 4543557 1714.7 0
4543557 4558154 1712.5 0
4558154 4571986 1712.5 0
4571986 4583280 1711.9 0
4583280 4601584 1712.5 0
4601584 4611571 1712.9 0
4611571 4625997 1713.3 0
4625997 4649371 1711.9 0
4649371 4662475 1710.7 0
4662475 4673333 1709.1 0
4673333 4686594 1711.3 0
4686594 4700711 1712.1 0
4700711 4719466 1710.3 0
4719466 4727568 1718.9 0
4727568 4744075 1714.3 0
4744075 4760515 1707.3 0
4760515 4773095 1710.5 0
4773095 4796755 1690.5 0
4796755 4813518 1687.7 0
4813518 4822502 1688.9 0
4822502 4842806 1694.6 0
4842806 4857525 1700.5 0
4857525 4864644 1701.1 0
4864644 4886078 1706.5 0
4886078 4907076 1707.3 0
4907076 4918042 1705.5 0
4918042 4927469 1707.5 0
4927469 4946095 1710.3 0
4946095 4963994 1715.7 0
4963994 4975740 1726.7 0
4975740 4989218 1723.9 0
4989218 4996623 1719.5 0
4996623 5011051 1715.5 0
5011051 5032894 1714.7 0
5032894 5044531 1719.5 0
5044531 5058562 1722.7 0
5058562 5072148 1723.9 0
5072148 5078990 1723.5 0
5078990 5099185 1719.5 0
5099185 5109599 1718.5 0
5109599 5129764 1716.3 0
5129764 5136781 1715.9 0
5136781 5150602 1713.9 0
5150602 5171346 1714.1 0
5171346 5180182 1712.1 0
5180182 5198663 1716.5 0
5198663 5208592 1720.3 0
5208592 5228185 1720.3 0
5228185 5247541 1714.3 0
5247541 5256553 1713.7 0
5256553 5270642 1715.5 0
5270642 5283489 1715.5 0
5283489 5301357 1716.1 0
5301357 5316177 1719.3 0
5316177 5326995 1715.5 0
5326995 5344932 1715.9 0
5344932 5354671 1714.3 0
5354671 5368400 1715.9 0
5368400 5389045 1715.7 0
5389045 5401940 1714.9 0
5401940 5415993 1714.3 0
5415993 5422811 1714.5 0
5422811 5436889 1715.9 0
5436889 5457308 1712.7 0
5457308 5470274 1713.7 0
5470274 5484817 1713.1 0
5484817 5498116 1712.9 0
5498116 5504619 1712.5 0
5504619 5532400 1709.3 0
5532400 5546338 1710.1 0
5546338 5559600 1708.7 0
5559600 5568182 1710.3 0
5568182 5582227 1712.7 0
5582227 5602924 1715.5 0
5602924 5619507 1719.1 0
5619507 5628516 1719.5 0
5628516 5644257 1719.7 0
5644257 5657750 1716.9 0
5657750 5673870 1718.9 0
5673870 5684690 1717.1 0
5684690 5703480 1716.5 0
5703480 5710822 1716.7 0
5710822 5727767 1714.7 0
5727767 5746182 1711.5 0
5746182 5759806 1712.3 0
5759806 5773517 1712.7 0
5773517 5787083 1711.5 0
5787083 5800467 1707.5 0
5800467 5815178 1713.5 0
5815178 5831277 1712.1 0
5831277 5839410 1709.3 0
5839410 5860638 1709.9 0
5860638 5874744 1709.7 0
5874744 5890903 1706.9 0
5890903 5899527 1711.1 0
5899527 5916993 1691.1 0
5916993 5931900 1690.5 0
5931900 5945613 1691.1 0
5945613 5959745 1692.8 0
5959745 5978121 1693.6 0
5978121 5986330 1697.4 0
5986330 5999002 1700.9 0
5999002 6021076 1703.5 0
6021076 6032848 1701.3 0
6032848 6044662 1701.9 0
6044662 6060064 1704.7 0
6060064 6070945 1709.5 0
6070945 6092012 1706.5 0
6092012 6107414 1708.3 0
6107414 6121472 1709.9 0
6121472 6136681 1711.1 0
6136681 6148094 1712.5 0
6148094 6162675 1714.3 0
6162675 6178130 1714.3 0
6178130 6182611 1715.7 0
6182611 6202538 1714.1 0
6202538 6210654 1714.9 0
6210654 6223935 1713.9 0
6223935 6251448 1716.3 0
6251448 6268025 1714.3 0
6268025 6279493 1714.9 0
6279493 6293299 1716.1 0
6293299 6306707 1715.5 0
6306707 6325155 1714.3 0
6325155 6338095 1714.5 0
6338095 6352032 1714.7 0
6352032 6360104 1709.7 0
6360104 6375009 1716.5 0
6375009 6394241 1718.9 0
6394241 6411018 1718.3 0
6411018 6417572 1719.1 0
6417572 6430842 1716.7 0
6430842 6444688 1713.9 0
6444688 6468021 1713.5 0
6468021 6475270 1714.1 0
6475270 6495322 1716.5 0
6495322 6508429 1715.1 0
6508429 6522340 1715.3 0
6522340 6535757 1715.9 0
6535757 6548541 1714.3 0
6548541 6562903 1716.3 0
6562903 6578851 1715.9 0
6578851 6588228 1716.1 0
6588228 6610546 1716.5 0
6610546 6624474 1719.1 0
6624474 6638525 1719.9 0
6638525 6652366 1718.5 0
6652366 6659466 1716.7 0
6659466 6679126 1719.1 0
6679126 6696893 1715.9 0
6696893 6705272 1716.1 0
6705272 6725270 1712.3 0
6725270 6740285 1715.3 0
6740285 6756912 1715.5 0
6756912 6763792 1715.3 0
6763792 6782658 1712.5 0
6782658 6791224 1712.5 0
6791224 6811561 1714.1 0
6811561 6828307 1716.3 0
6828307 6836489 1719.3 0
6836489 6848802 1720.5 0
6848802 6867798 1719.3 0
6867798 6875571 1716.9 0
6875571 6901897 1716.3 0
6901897 6908469 1716.5 0
6908469 6927221 1719.1 0
6927221 6939657 1718.5 0
6939657 6953938 1716.7 0
6953938 6972501 1715.5 0
6972501 6983481 1713.3 0
6983481 6996215 1713.3 0
6996215 7012517 1715.9 0
7012517 7026333 1716.3 0
7026333 7040494 1715.9 0
7040494 7052784 1716.7 0
7052784 7065376 1719.5 0
7065376 7080882 1718.7 0
7080882 7098059 1718.9 0
7098059 7109150 1716.1 0
7109150 7122859 1718.7 0
7122859 7143961 1718.5 0
7143961 7156377 1719.1 0
7156377 7164638 1720.3 0
7164638 7187471 1715.3 0
7187471 7199659 1716.7 0
7199659 7213663 1720.3 0
7213663 7220513 1723.1 0
7220513 7241418 1722.5 0
7241418 7258887 1720.1 0
7258887 7270834 1717.1 0
7270834 7279092 1719.7 0
7279092 7292206 1723.5 0
7292206 7312069 1725.1 0
7312069 7327888 1724.7 0
7327888 7335859 1725.1 0
7335859 7349921 1727.7 0
7349921 7363918 1724.7 0
7363918 7384944 1728.9 0
7384944 7400278 1727.9 0
7400278 7416089 1727.9 0
7416089 7428473 1725.1 0
7428473 7434534 1723.9 0
7434534 7455062 1724.5 0
7455062 7470307 1723.9 0
7470307 7485741 1727.7 0
7485741 7493695 1725.3 0
7493695 7506056 1728.3 0
7506056 7519708 1728.3 0
7519708 7541879 1728.1 0
7541879 7556023 1727.9 0
7556023 7569754 1728.1 0
7569754 7583679 1729.3 0
7583679 7597366 1728.3 0
7597366 7613455 1728.1 0
7613455 7617615 1729.1 0
7617615 7637882 1729.7 0
7637882 7644437 1729.7 0
7644437 7663215 1729.3 0
7663215 7685043 1729.9 0
7685043 7697169 1728.9 0
7697169 7706211 1728.7 0
7706211 7720424 1730.1 0
7720424 7741273 1730.7 0
7741273 7757813 1732.1 0
7757813 7770252 1731.7 0
7770252 7784637 1729.9 0
7784637 7798010 1731.3 0
7798010 7811637 1732.1 0
7811637 7822819 1729.5 0
7822819 7838668 1728.9 0
7838668 7849413 1731.1 0
7849413 7866899 1730.7 0
7866899 7876998 1731.3 0
7876998 7899478 1731.7 0
7899478 7906233 1730.3 0
7906233 7925423 1730.3 0
7925423 7933356 1729.7 0
7933356 7945828 1728.1 0
7945828 7971083 1729.5 0
7971083 7983357 1729.9 0
7983357 7991474 1725.3 0
7991474 8011019 1725.5 0
8011019 8022950 1728.5 0
8022950 8041076 1728.9 0
8041076 8048869 1729.5 0
8048869 8068982 1727.5 0
8068982 8076280 1728.3 0
8076280 8094937 1728.1 0
8094937 8110722 1723.1 0
8110722 8120366 1723.9 0
8120366 8135638 1725.3 0
8135638 8152425 1725.3 0
8152425 8167750 1725.3 0
8167750 8179771 1725.5 0
8179771 8198318 1723.1 0
8198318 8207113 1730.7 0
8207113 8220648 1730.9 0
8220648 8238373 1727.1 0
8238373 8256479 1727.9 0
8256479 8268576 1728.3 0
8268576 8282844 1729.3 0
8282844 8296268 1728.9 0
8296268 8303037 1729.3 0
8303037 8324626 1731.3 0
8324626 8330692 1731.1 0
8330692 8350779 1731.5 0
8350779 8357462 1729.3 0
8357462 8377811 1729.9 0
8377811 8394594 1729.7 0
8394594 8405594 1729.1 0
8405594 8426641 1729.1 0
8426641 8433402 1730.7 0
8433402 8453352 1729.9 0
8453352 8466742 1731.1 0
8466742 8483983 1729.1 0
8483983 8491404 1727.9 0
8491404 8509433 1729.3 0
8509433 8521543 1728.9 0
8521543 8539572 1730.1 0
8539572 8548814 1730.9 0
8548814 8566041 1728.7 0
8566041 8582651 1729.5 0
8582651 8590069 1728.9 0
8590069 8610781 1730.5 0
8610781 8624521 1728.9 0
8624521 8638490 1728.7 0
8638490 8651799 1731.1 0
8651799 8666199 1729.9 0
8666199 8677430 1730.1 0
8677430 8686582 1731.3 0
8686582 8700538 1729.7 0
8700538 8713852 1729.3 0
8713852 8726752 1729.7 0
8726752 8749884 1730.3 0
8749884 8761554 1730.1 0
8761554 8774905 1729.9 0
8774905 8788207 1731.5 0
8788207 8801904 1729.9 0
8801904 8822496 1731.1 0
8822496 8831797 1730.1 0
8831797 8844559 1729.1 0
8844559 8864774 1732.1 0
8864774 8877707 1732.5 0
8877707 8888661 1731.5 0
8888661 8903196 1731.1 0
8903196 8921289 1731.3 0
8921289 8929714 1731.5 0
8929714 8944231 1731.3 0
8944231 8962260 1731.1 0
8962260 8973778 1731.7 0
8973778 8987726 1731.3 0
8987726 9001716 1731.5 0
9001716 9020803 1731.3 0
9020803 9036352 1731.9 0
9036352 9049938 1731.3 0
9049938 9064757 1730.7 0
9064757 9072956 1730.7 0
9072956 9090639 1729.9 0
9090639 9108526 1729.5 0
9108526 9121804 1730.9 0
9121804 9129354 1732.1 0
9129354 9147211 1730.3 0
9147211 9161759 1730.1 0
9161759 9178963 1728.3 0
9178963 9191558 1728.5 0
9191558 9205003 1729.7 0
9205003 9212297 1728.1 0
9212297 9225549 1724.9 0
9225549 9244754 1724.9 0
9244754 9256726 1727.1 0
9256726 9274837 1725.3 0
9274837 9285759 1729.3 0
9285759 9297095 1732.5 0
9297095 9317097 1728.9 0
9317097 9330797 1724.3 0
9330797 9345153 1728.3 0
9345153 9365735 1730.7 0
9365735 9371495 1729.1 0
9371495 9387370 1729.7 0
9387370 9403974 1725.5 0
9403974 9413586 1733.3 0
9413586 9432768 1731.7 0
9432768 9444724 1730.7 0
9444724 9465110 1730.9 0
9465110 9476344 1730.7 0
9476344 9490381 1730.9 0
9490381 9505823 1729.1 0
9505823 9511258 1729.5 0
9511258 9525923 1730.5 0
9525923 9543708 1730.9 0
9543708 9556432 1730.3 0
9556432 9565199 1731.9 0
9565199 9585995 1732.7 0
9585995 9602197 1729.1 0
9602197 9613769 1729.5 0
9613769 9628343 1735.3 0
9628343 9645831 1733.3 0
9645831 9657549 1731.5 0
9657549 9670952 1730.5 0
9670952 9680918 1729.3 0
9680918 9697993 1731.3 0
9697993 9712860 1731.3 0
9712860 9720964 1731.7 0
9720964 9746263 1732.5 0
9746263 9760249 1732.5 0
9760249 9774151 1733.1 0
9774151 9784002 1732.5 0
9784002 9803027 1733.3 0
9803027 9820713 1732.1 0
9820713 9834180 1733.7 0
9834180 9843055 1734.3 0
9843055 9862442 1732.9 0
9862442 9868113 1732.3 0
9868113 9887429 1733.3 0
9887429 9904178 1733.3 0
9904178 9917457 1731.5 0
9917457 9929746 1732.5 0
9929746 9944401 1731.7 0
9944401 9957401 1733.9 0
9957401 9970363 1737.2 0
9970363 9984068 1733.5 0
9984068 10001227 1734.3 0
10001227 10008832 1732.7 0
10008832 10032753 1734.5 0
10032753 10047231 1732.3 0
10047231 10054114 1731.7 0
10054114 10067584 1731.5 0
10067584 10081358 1732.3 0
10081358 10104161 1732.3 0
10104161 10115364 1731.9 0
10115364 10128916 1731.7 0
10128916 10142658 1730.9 0
10142658 10156247 1730.9 0
10156247 10176900 1730.9 0
10176900 10189953 1731.7 0
10189953 10195758 1732.9 0
10195758 10213094 1734.1 0
10213094 10227083 1733.1 0
10227083 10245916 1731.9 0
10245916 10252861 1729.5 0
10252861 10272910 1729.1 0
10272910 10286704 1729.3 0
10286704 10293512 1729.3 0
10293512 10313150 1732.9 0
10313150 10327853 1731.3 0
10327853 10342754 1730.5 0
10342754 10356261 1729.1 0
10356261 10374521 1729.3 0
10374521 10378832 1729.9 0
10378832 10396125 1729.1 0
10396125 10410155 1724.5 0
10410155 10424641 1723.3 0
10424641 10438416 1722.1 0
10438416 10458184 1727.9 0
10458184 10472967 1725.3 0
10472967 10481267 1724.3 0
10481267 10500679 1724.5 0
10500679 10507638 1724.5 0
10507638 10528274 1727.1 0
10528274 10538550 1727.3 0
10538550 10557897 1724.5 0
10557897 10572309 1724.7 0
10572309 10586500 1724.5 0
10586500 10597485 1724.9 0
10597485 10617485 1723.5 0
10617485 10631790 1722.7 0
10631790 10638606 1720.9 0
10638606 10659355 1723.9 0
10659355 10672900 1724.5 0
10672900 10681623 1724.1 0
10681623 10701242 1723.7 0
10701242 10709305 1724.5 0
10709305 10721137 1724.3 0
10721137 10748081 1723.1 0
10748081 10754193 1722.9 0
10754193 10773421 1722.7 0
10773421 10787566 1721.9 0
10787566 10801512 1726.9 0
10801512 10813784 1705.1 0
10813784 10826204 1700.9 0
10826204 10834171 1699.2 0
10834171 10849365 1703.9 0
10849365 10862541 1706.3 0
10862541 10883193 1706.3 0
10883193 10894059 1706.7 0
10894059 10912059 1710.3 0
10912059 10921731 1710.7 0
10921731 10933082 1711.9 0
10933082 10958379 1712.7 0
10958379 10967492 1712.9 0
10967492 10981321 1713.5 0
10981321 11000155 1712.9 0
11000155 11013792 1712.7 0
11013792 11027019 1714.7 0
11027019 11041743 1716.1 0
11041743 11054795 1716.7 0
11054795 11072773 1720.3 0
11072773 11080341 1718.7 0
11080341 11101715 1720.7 0
11101715 11118250 1720.5 0
11118250 11131691 1719.3 0
11131691 11145091 1720.3 0
11145091 11160032 1719.3 0
11160032 11176967 1718.9 0
11176967 11189227 1716.3 0
11189227 11199032 1718.7 0
11199032 11217494 1718.7 0
11217494 11227468 1719.1 0
11227468 11246197 1716.1 0
11246197 11261867 1715.9 0
11261867 11271376 1719.1 0
11271376 11291160 1692.8 0
11291160 11309055 1690.9 0
11309055 11319151 1693.8 0
11319151 11335579 1697.2 0
11335579 11345493 1700.7 0
11345493 11362713 1702.3 0
11362713 11384110 1704.5 0
11384110 11397011 1705.3 0
11397011 11406401 1706.5 0
11406401 11423725 1710.5 0
11423725 11433366 1711.9 0
11433366 11450339 1711.9 0
11450339 11467629 1713.3 0
11467629 11482048 1712.7 0
11482048 11492482 1714.5 0
11492482 11506172 1716.5 0
11506172 11522428 1720.9 0
11522428 11539160 1719.7 0
11539160 11553842 1717.1 0
11553842 11563142 1691.9 0
11563142 11581900 1697.2 0
11581900 11599958 1701.5 0
11599958 11615097 1704.1 0
11615097 11625007 1705.1 0
11625007 11639659 1703.7 0
11639659 11656913 1707.7 0
11656913 11670245 1709.9 0
11670245 11684293 1711.3 0
11684293 11698028 1711.5 0
11698028 11710296 1711.7 0
11710296 11730694 1712.7 0
11730694 11737062 1712.5 0
11737062 11750933 1711.9 0
11750933 11765334 1710.7 0
11765334 11784695 1709.5 0
11784695 11797045 1712.1 0
11797045 11809653 1712.3 0
11809653 11823149 1711.7 0
11823149 11837094 1709.9 0
11837094 11851013 1710.9 0
11851013 11873283 1712.3 0
11873283 11885626 1711.9 0
11885626 11892958 1711.7 0
11892958 11913345 1714.1 0
11913345 11927322 1716.1 0
11927322 11941509 1710.1 0
11941509 11959196 1712.9 0
11959196 11973915 1711.5 0
11973915 11982679 1711.3 0
11982679 11996029 1710.3 0
11996029 12017359 1706.7 0
12017359 12025508 1708.9 0
12025508 12037458 1712.1 0
12037458 12057935 1711.9 0
12057935 12071773 1713.9 0
12071773 12089603 1712.1 0
12089603 12101059 1713.1 0
12101059 12110294 1714.3 0
12110294 12127101 1717.9 0
12127101 12141722 1714.1 0
12141722 12162371 1718.5 0
12162371 12173811 1715.5 0
12173811 12183261 1712.9 0
12183261 12204365 1711.1 0
12204365 12215710 1713.3 0
12215710 12232983 -1.0 0
12232983 12245626 -1.0 0
12245626 12260096 -1.0 0
12260096 12268249 -1.0 0
12268249 12287486 -1.0 0
12287486 12304705 -1.0 0
12304705 12319583 -1.0 0
12319583 12326981 -1.0 0
12326981 12338924 -1.0 0
12338924 12358324 -1.0 0
12358324 12376828 -1.0 0
12376828 12390655 -1.0 0
12390655 12404646 -1.0 0
12404646 12417914 -1.0 0
12417914 12432273 1710.5 0
12432273 12446257 -1.0 0
12446257 12461743 -1.0 0
12461743 12476437 1707.1 0
12476437 12484787 1708.3 0
12484787 12496484 1712.9 0
12496484 12515233 1710.5 0
12515233 12534248 1708.3 0
12534248 12542494 1708.1 0
12542494 12556278 1708.7 0
12556278 12570461 1711.1 0
12570461 12592079 1705.5 0
12592079 12605854 1705.1 0
12605854 12619652 1705.3 0
12619652 12633370 1706.3 0
12633370 12647215 1709.9 0
12647215 12667398 1708.5 0
12667398 12674335 1705.7 0
12674335 12693085 1701.1 0
12693085 12702708 1698.6 0
12702708 12718678 1699.2 0
12718678 12734205 1701.1 0
12734205 12744233 1702.7 0
12744233 12762537 1702.5 0
12762537 12776288 1702.3 0
12776288 12791563 1705.5 0
12791563 12807990 1708.5 0
12807990 12817099 1705.7 0
12817099 12829181 1705.9 0
12829181 12848270 1706.3 0
12848270 12856567 1706.9 0
12856567 12875466 1705.9 0
12875466 12891160 1706.1 0
12891160 12910007 1707.9 0
12910007 12923961 1708.9 0
12923961 12931386 1710.9 0
12931386 12952436 1705.1 0
12952436 12960040 1706.3 0
12960040 12979203 1706.7 0
12979203 12993073 1706.7 0
12993073 13000321 1705.9 0
13000321 13023414 1708.1 0
13023414 13035672 1709.5 0
13035672 13043154 1705.1 0
13043154 13057300 1702.7 0
13057300 13071189 1705.7 0
13071189 13093880 1705.7 0
13093880 13111597 1705.1 0
13111597 13119334 1706.5 0
13119334 13139556 1708.9 0
13139556 13152672 1709.5 0
13152672 13172301 1709.5 0
13172301 13187313 1710.7 0
13187313 13194716 1708.9 0
13194716 13214999 1710.9 0
13214999 13226430 1712.1 0
13226430 13239738 1711.5 0
13239738 13257753 1710.7 0
13257753 13271597 1710.5 0
13271597 13285263 1711.3 0
13285263 13298832 1710.9 0
13298832 13314689 1711.5 0
13314689 13328374 1713.1 0
13328374 13338989 1712.5 0
13338989 13352276 1712.7 0
13352276 13369715 1706.1 0
13369715 13382754 1705.7 0
13382754 13401371 1706.1 0
13401371 13412998 1705.7 0
13412998 13427304 1708.1 0
13427304 13435616 1704.5 0
13435616 13455292 1712.3 0
13455292 13463148 1713.1 0
13463148 13477320 1711.7 0
13477320 13496763 1712.9 0
13496763 13505722 1714.1 0
13505722 13530878 1713.5 0
13530878 13540437 1714.1 0
13540437 13559125 1714.1 0
13559125 13566538 1712.7 0
13566538 13580405 1711.7 0
13580405 13602066 1712.3 0
13602066 13608079 1715.5 0
13608079 13621720 1714.9 0
13621720 13635962 1713.9 0
13635962 13653792 1712.5 0
13653792 13668822 1712.7 0
13668822 13678539 1711.3 0
13678539 13699101 1710.5 0
13699101 13705849 1713.7 0
13705849 13719610 1713.5 0
13719610 13739657 1714.1 0
13739657 13756793 1713.7 0
13756793 13765496 1711.5 0
13765496 13780736 1709.7 0
13780736 13791822 1710.7 0
13791822 13810590 1712.9 0
13810590 13828804 1712.1 0
13828804 13845669 1713.7 0
13845669 13852604 1712.7 0
13852604 13866297 1711.5 0
13866297 13885815 1710.7 0
13885815 13896474 1715.9 0
13896474 13910120 1713.3 0
13910120 13924674 1713.5 0
13924674 13942642 1714.3 0
13942642 13956482 1712.1 0
13956482 13968683 1716.3 0
13968683 13980462 1716.7 0
13980462 14001292 1715.7 0
14001292 14015045 1714.3 0
14015045 14031286 1715.9 0
14031286 14046985 1719.1 0
14046985 14060085 1715.9 0
14060085 14073560 1715.9 0
14073560 14088497 1715.3 0
14088497 14104846 1715.3 0
14104846 14115732 1715.9 0
14115732 14130733 1715.1 0
14130733 14144868 1716.5 0
14144868 14159799 1718.7 0
14159799 14177364 1716.3 0
14177364 14192415 1715.5 0
14192415 14199804 1714.5 0
14199804 14218560 1714.7 0
14218560 14228345 1715.1 0
14228345 14248804 1714.7 0
14248804 14259901 1714.7 0
14259901 14273890 1712.3 0
14273890 14280786 1713.3 0
14280786 14301279 1714.9 0
14301279 14317733 1718.3 0
14317733 14331785 1718.5 0
14331785 14340690 1710.1 0
14340690 14357839 1710.3 0
14357839 14373233 1713.5 0
14373233 14384271 1713.5 0
14384271 14400700 1715.7 0
14400700 14408761 1716.1 0
14408761 14424077 1715.1 0
14424077 14440004 1715.5 0
14440004 14460210 1718.5 0
14460210 14469714 1716.1 0
14469714 14487630 1714.3 0
14487630 14501581 1714.5 0
14501581 14510923 1713.5 0
14510923 14529920 1717.1 0
14529920 14542843 1716.5 0
14542843 14560519 1719.5 0
14560519 14574785 1720.7 0
14574785 14583616 1720.9 0
14583616 14606966 1721.3 0
14606966 14611733 1721.3 0
14611733 14632230 1720.7 0
14632230 14641826 1720.3 0
14641826 14660051 1720.1 0
14660051 14676456 1714.3 0
14676456 14685893 1714.3 0
14685893 14705263 1713.9 0
14705263 14714496 1716.3 0
14714496 14733567 1715.7 0
14733567 14752810 1713.5 0
14752810 14764297 1715.7 0
14764297 14778614 1716.3 0
14778614 14792127 1718.9 0
14792127 14804041 1716.9 0
14804041 14818517 1716.1 0
14818517 14828838 1715.1 0
14828838 14842474 1712.3 0
14842474 14861867 1714.3 0
14861867 14870667 1719.7 0
14870667 14894672 1716.1 0
14894672 14906785 1719.1 0
14906785 14914940 1720.9 0
14914940 14934618 1720.3 0
14934618 14947372 1721.7 0
14947372 14961952 1721.7 0
14961952 14977653 1720.9 0
14977653 14991613 1720.1 0
14991613 15001922 1720.7 0
15001922 15018398 1719.9 0
15018398 15034229 1716.3 0
15034229 15048687 1715.1 0
15048687 15063244 1715.1 0
15063244 15070280 1719.1 0
15070280 15086290 1715.9 0
15086290 15102898 1715.9 0
15102898 15114536 1719.7 0
15114536 15128367 1720.7 0
15128367 15146721 1722.5 0
15146721 15160881 1722.5 0
15160881 15176938 1719.9 0
15176938 15190448 1720.1 0
15190448 15204103 1720.5 0
15204103 15211846 1719.5 0
15211846 15226714 1719.7 0
15226714 15245933 1716.5 0
15245933 15260056 1721.3 0
15260056 15273217 1717.1 0
15273217 15292824 1720.7 0
15292824 15300702 1720.3 0
15300702 15321413 1720.1 0
15321413 15331158 1721.1 0
15331158 15349290 1723.1 0
15349290 15363091 1723.3 0
15363091 15376878 1724.5 0
15376878 15390122 1724.9 0
15390122 15406230 1727.9 0
15406230 15414802 1724.1 0
15414802 15432092 1724.7 0
15432092 15446399 1727.1 0
15446399 15466050 1728.3 0
15466050 15472450 1725.3 0
15472450 15492153 1728.5 0
15492153 15499996 1729.1 0
15499996 15513485 1728.7 0
15513485 15532182 1728.5 0
15532182 15547778 1730.3 0
15547778 15561585 1731.7 0
15561585 15575223 1731.1 0
15575223 15588636 1731.1 0
15588636 15598868 1715.7 0
15598868 15611837 1718.3 0
15611837 15633001 1720.3 0
15633001 15645127 1722.7 0
15645127 15658210 1724.1 0
15658210 15673499 1724.3 0
15673499 15690336 1729.1 0
15690336 15701099 1727.5 0
15701099 15716273 1729.5 0
15716273 15729638 1729.3 0
15729638 15742252 1730.9 0
15742252 15763092 1732.5 0
15763092 15773253 1733.9 0
15773253 15783048 1732.3 0
15783048 15795607 1732.3 0
15795607 15814876 1732.9 0
15814876 15832989 1731.5 0
15832989 15846485 1732.1 0
15846485 15860564 1733.5 0
15860564 15867357 1734.1 0
15867357 15887850 1732.9 0
15887850 15907967 1735.1 0
15907967 15916546 1734.1 0
15916546 15926462 1733.3 0
15926462 15944067 1735.1 0
15944067 15951776 1734.3 0
15951776 15971649 1732.3 0
15971649 15982248 1734.1 0
15982248 15996620 1733.9 0
15996620 16015493 1734.9 0
16015493 16029349 1734.5 0
16029349 16041573 1735.1 0
16041573 16058606 1735.1 0
16058606 16072391 1734.9 0
16072391 16086231 1735.7 0
16086231 16099971 1738.4 0
16099971 16113361 1739.6 0
16113361 16126121 1739.2 0
16126121 16143771 1739.2 0
16143771 16157892 1739.6 0
16157892 16166678 1736.1 0
16166678 16184652 1740.2 0
16184652 16202338 1741.2 0
16202338 16209165 1740.4 0
16209165 16228905 1738.6 0
16228905 16236421 1736.1 0
16236421 16256523 1735.7 0
16256523 16266297 1735.9 0
16266297 16280465 1733.5 0
16280465 16311798 1735.5 0
16311798 16326662 1733.5 0
16326662 16345811 1733.9 0
16345811 16356753 1703.9 0
16356753 16377275 1707.1 0
16377275 16386770 1712.7 0
16386770 16400408 1716.9 0
16400408 16415806 1720.1 0
16415806 16428670 1722.3 0
16428670 16446759 1723.9 0
16446759 16453578 1725.9 0
16453578 16466987 1729.7 0
16466987 16487322 1730.5 0
16487322 16501583 1732.1 0
16501583 16515011 1734.7 0
16515011 16529739 1735.1 0
16529739 16544529 1734.9 0
16544529 16553061 1735.7 0
16553061 16571896 1735.1 0
16571896 16591386 1735.7 0
16591386 16597519 1734.7 0
16597519 16611402 1739.4 0
16611402 16624951 1740.8 0
16624951 16638146 1739.4 0
16638146 16656705 1738.6 0
16656705 16671613 1739.0 0
16671613 16678294 1739.8 0
16678294 16691598 1734.7 0
16691598 16712163 1730.9 0
16712163 16732517 1733.5 0
16732517 16740191 1734.3 0
16740191 16752893 1737.6 0
16752893 16768366 1737.4 0
16768366 16773577 1734.7 0
16773577 16798064 1732.3 0
16798064 16815216 1732.3 0
16815216 16828813 1731.7 0
16828813 16842252 1729.9 0
16842252 16848908 1730.3 0
16848908 16875224 1732.3 0
16875224 16881283 1730.9 0
16881283 16897772 1729.7 0
16897772 16909890 1732.7 0
16909890 16919077 1731.9 0
16919077 16943925 1728.5 0
16943925 16950840 1730.5 0
16950840 16968716 1733.9 0
16968716 16977592 1731.3 0
16977592 16997158 1733.9 0
16997158 17013064 1733.9 0
17013064 17026756 1739.6 0
17026756 17040432 1735.5 0
17040432 17047310 1738.0 0
17047310 17067490 1742.0 0
17067490 17080853 1739.0 0
17080853 17098567 1740.6 0
17098567 17106996 1734.1 0
17106996 17121486 1734.1 0
17121486 17133616 1741.0 0
17133616 17155410 1735.9 0
17155410 17167874 1733.7 0
17167874 17183076 1733.9 0
17183076 17195618 1734.5 0
17195618 17209144 1731.1 0
17209144 17223982 1730.9 0
17223982 17233166 1732.5 0
17233166 17252723 1732.5 0
17252723 17267046 1732.3 0
17267046 17278970 1732.1 0
17278970 17299839 1729.7 0
17299839 17306333 1729.9 0
17306333 17326341 1731.5 0
17326341 17336064 1731.1 0
17336064 17345002 1728.9 0
17345002 17365389 1729.1 0
17365389 17376090 1727.7 0
17376090 17388946 1728.3 0
17388946 17398168 1729.9 0
17398168 17413449 1728.3 0
17413449 17437202 1730.3 0
17437202 17447731 1731.9 0
17447731 17461981 1730.5 0
17461981 17479640 1729.1 0
17479640 17493027 1728.3 0
17493027 17510085 1728.7 0
17510085 17524361 1729.3 0
17524361 17538002 1728.3 0
17538002 17552295 1729.1 0
17552295 17559121 1727.9 0
17559121 17582144 1728.1 0
17582144 17593455 1724.3 0
17593455 17607335 1723.9 0
17607335 17615699 1724.3 0
17615699 17630099 1727.9 0
17630099 17653606 1730.5 0
17653606 17662299 1730.9 0
17662299 17675427 1731.1 0
17675427 17688848 1730.7 0
17688848 17701447 1728.5 0
17701447 17724498 1730.5 0
17724498 17734451 1703.5 0
17734451 17746957 1698.2 0
17746957 17765294 1710.7 0
17765294 17778467 1713.7 0
17778467 17792388 1716.7 0
17792388 17801524 1719.7 0
17801524 17815691 1723.1 0
17815691 17832184 1721.1 0
17832184 17845046 1726.9 0
17845046 17865473 1728.7 0
17865473 17873354 1729.7 0
17873354 17886845 1728.9 0
17886845 17905409 1728.1 0
17905409 17916371 1727.5 0
17916371 17935285 1724.5 0
17935285 17960935 1705.1 0
17960935 17968824 1710.1 0
17968824 17989963 1714.3 0
17989963 18003806 1717.3 0
18003806 18022575 1716.9 0
18022575 18039711 1699.2 0
18039711 18053420 1701.5 0
18053420 18070690 1707.5 0
18070690 18082357 1710.3 0
18082357 18098991 1713.9 0
18098991 18109520 1715.9 0
18109520 18119502 1717.7 0
18119502 18135914 1719.7 0
18135914 18155531 1719.7 0
18155531 18169887 1716.9 0
18169887 18182246 1719.5 0
18182246 18191153 1721.1 0
18191153 18212670 1723.1 0
18212670 18221654 1723.3 0
18221654 18240965 1727.9 0
18240965 18250241 1729.5 0
18250241 18269850 1729.7 0
18269850 18287162 1729.7 0
18287162 18300948 1727.5 0
18300948 18307734 1727.9 0
18307734 18325778 1724.9 0
18325778 18335097 1725.3 0
18335097 18354817 1727.5 0
18354817 18370678 1729.1 0
18370678 18384830 1728.7 0
18384830 18398664 1727.1 0
18398664 18411546 1727.5 0
18411546 18436257 1728.7 0
18436257 18453609 1728.9 0
18453609 18468724 1729.5 0
18468724 18480128 1730.7 0
18480128 18500332 1725.9 0
18500332 18513846 1724.7 0
18513846 18527654 1724.9 0
18527654 18539211 1722.9 0
18539211 18548317 1723.7 0
18548317 18569082 1723.5 0
18569082 18583417 1724.3 0
18583417 18597222 1723.5 0
18597222 18610995 1728.1 0
18610995 18621152 1723.9 0
18621152 18639688 1723.7 0
18639688 18651296 1722.7 0
18651296 18665937 1724.1 0
18665937 18678766 1724.1 0
18678766 18691808 1724.5 0
18691808 18713222 1723.5 0
18713222 18720328 1724.5 0
18720328 18733918 1723.1 0
18733918 18754192 1722.7 0
18754192 18761134 1723.9 0
18761134 18780538 1723.3 0
18780538 18792177 1723.9 0
18792177 18810019 1727.9 0
18810019 18823568 1727.3 0
18823568 18836139 1727.7 0
18836139 18852631 1727.1 0
18852631 18870110 1727.1 0
18870110 18884379 1723.3 0
18884379 18898565 1724.7 0
18898565 18905298 1724.5 0
18905298 18928984 1723.5 0
18928984 18939877 1724.7 0
18939877 18967150 1729.9 0
18967150 18982509 1731.1 0
18982509 19000030 1729.3 0
19000030 19010095 1729.7 0
19010095 19026169 1731.3 0
19026169 19034257 1731.9 0
19034257 19053549 1733.1 0
19053549 19066135 1732.3 0
19066135 19082772 1731.3 0
19082772 19090096 1731.1 0
19090096 19103611 1730.9 0
19103611 19123512 1729.7 0
19123512 19138283 1727.3 0
19138283 19150457 1727.5 0
19150457 19161045 1724.5 0
19161045 19177480 1728.1 0
19177480 19194262 1728.1 0
19194262 19223955 1727.3 0
19223955 19233363 1729.3 0
19233363 19253347 1728.1 0
19253347 19266109 1725.1 0
19266109 19275770 1724.9 0
19275770 19293464 1724.7 0
19293464 19302736 1727.7 0
19302736 19320776 1729.3 0
19320776 19335316 1729.1 0
19335316 19355015 1727.3 0
19355015 19371132 1730.9 0
19371132 19378157 1728.1 0
19378157 19391740 1727.9 0
19391740 19410100 1724.3 0
19410100 19424183 1723.5 0
19424183 19431229 1724.9 0
19431229 19444906 1724.7 0
19444906 19458929 1725.1 0
19458929 19476748 1723.7 0
19476748 19502572 1722.7 0
19502572 19510043 1724.5 0
19510043 19518530 1723.3 0
19518530 19532685 1722.3 0
19532685 19546824 1721.1 0
19546824 19564437 1722.9 0
19564437 19583238 1722.9 0
19583238 19595761 1720.9 0
19595761 19609219 1722.5 0
19609219 19618556 1721.7 0
19618556 19640589 1722.9 0
19640589 19654129 1724.9 0
19654129 19662948 1727.1 0
19662948 19680915 1724.1 0
19680915 19696108 1722.9 0
19696108 19711579 1724.7 0
19711579 19718779 1724.7 0
19718779 19736380 1724.9 0
19736380 19751127 1729.3 0
19751127 19758132 1725.1 0
19758132 19781165 1729.1 0
19781165 19792047 1729.9 0
19792047 19811991 1728.7 0
19811991 19825044 1727.7 0
19825044 19838939 1724.1 0
19838939 19853409 1727.9 0
19853409 19862873 1727.1 0
19862873 19881881 1724.9 0
19881881 19889954 1728.9 0
19889954 19908864 1727.5 0
19908864 19929238 1727.7 0
19929238 19935117 1724.3 0
19935117 19948733 1723.1 0
19948733 19965105 1722.9 0
19965105 19979894 1723.7 0
19979894 20015251 1707.3 0
20015251 20022298 1709.5 0
20022298 20040509 1711.7 0
20040509 20056224 1714.1 0
20056224 20065318 1714.7 0
20065318 20088527 1718.7 0
20088527 20095876 1716.7 0
20095876 20105048 1719.9 0
20105048 20123431 1722.3 0
20123431 20137056 1722.7 0
20137056 20154236 1723.1 0
20154236 20170844 1722.1 0
20170844 20184819 1724.7 0
20184819 20194019 1726.7 0
20194019 20213352 1727.9 0
20213352 20225516 1728.5 0
20225516 20240597 1728.9 0
20240597 20253631 1734.1 0
20253631 20261837 1733.1 0
20261837 20281653 1731.9 0
20281653 20302573 1731.3 0
20302573 20315905 1731.7 0
20315905 20322982 1732.3 0
20322982 20340692 1731.1 0
20340692 20356198 1730.7 0
20356198 20368277 1730.1 0
20368277 20383970 1728.9 0
20383970 20393304 1732.1 0
20393304 20407657 1734.3 0
20407657 20420084 1732.1 0
20420084 20442512 1730.1 0
20442512 20451743 1729.5 0
20451743 20465978 1729.1 0
20465978 20492424 1731.5 0
20492424 20513726 1730.5 0
20513726 20527082 1732.1 0
20527082 20540933 1731.7 0
20540933 20554546 1731.3 0
20554546 20564610 1730.1 0
20564610 20582052 1729.5 0
20582052 20598753 1730.5 0
20598753 20612730 1731.5 0
20612730 20621784 1730.7 0
20621784 20640490 1730.1 0
20640490 20659567 1729.7 0
20659567 20665034 1729.5 0
20665034 20684265 1729.9 0
20684265 20698717 1732.1 0
20698717 20706615 1731.9 0
20706615 20723764 1731.1 0
20723764 20742223 1731.1 0
20742223 20750244 1729.5 0
20750244 20767410 1731.3 0
20767410 20777253 1732.5 0
20777253 20802069 1732.7 0
20802069 20807145 1733.9 0
20807145 20820830 1734.5 0
20820830 20835134 1734.7 0
20835134 20849664 1734.7 0
20849664 20875987 1732.5 0
20875987 20881664 1732.5 0
20881664 20895456 1734.1 0
20895456 20908350 1733.3 0
20908350 20925647 1733.3 0
20925647 20940085 1734.3 0
20940085 20955390 1735.1 0
20955390 20962822 1735.3 0
20962822 20976238 1738.2 0
20976238 20993401 1737.6 0
20993401 21011218 1737.8 0
21011218 21021742 1738.6 0
21021742 21040411 1738.0 0
21040411 21053791 1735.9 0
21053791 21062977 1737.8 0
21062977 21086324 1739.0 0
21086324 21097734 1738.4 0
21097734 21111711 1738.6 0
21111711 21120254 1736.1 0
21120254 21138715 1738.6 0
21138715 21159066 1735.1 0
21159066 21163466 1735.7 0
21163466 21181219 1734.5 0
21181219 21196141 1735.7 0
21196141 21208147 1735.7 0
21208147 21224077 1734.5 0
21224077 21236762 1734.7 0
21236762 21251867 1736.3 0
21251867 21264018 1735.9 0
21264018 21281372 1735.9 0
21281372 21296195 1739.8 0
21296195 21313808 1740.2 0
21313808 21329141 1740.2 0
21329141 21341845 1740.2 0
21341845 21350325 1740.4 0
21350325 21371288 1742.0 0
21371288 21377804 1740.0 0
21377804 21396134 1740.2 0
21396134 21405083 1740.0 0
21405083 21423295 1741.2 0
21423295 21443657 1742.4 0
21443657 21453699 1739.8 0
21453699 21460687 1742.2 0
21460687 21474975 1743.0 0
21474975 21495052 1741.8 0
21495052 21508650 1741.4 0
21508650 21519769 1743.4 0
21519769 21536288 1740.6 0
21536288 21549722 1741.0 0
21549722 21563055 1740.4 0
21563055 21581297 1738.6 0
21581297 21588421 1734.7 0
21588421 21608908 1733.5 0
21608908 21623571 1735.5 0
21623571 21630896 1737.8 0
21630896 21650439 1740.2 0
21650439 21662691 1740.4 0
21662691 21675419 1739.0 0
21675419 21689939 1741.8 0
21689939 21704253 1741.6 0
21704253 21719909 1741.0 0
21719909 21732532 1741.0 0
21732532 21745500 1741.2 0
21745500 21763576 1741.8 0
21763576 21772272 1742.0 0
21772272 21794203 1741.4 0
21794203 21807821 1740.4 0
21807821 21815531 1740.6 0
21815531 21834615 1741.6 0
21834615 21843497 1742.2 0
21843497 21866281 1741.0 0
21866281 21873425 1740.8 0
21873425 21888683 1742.0 0
21888683 21907529 1742.2 0
21907529 21920348 1741.0 0
21920348 21934067 1740.8 0
21934067 21950688 1739.6 0
21950688 21957807 1739.4 0
21957807 21977009 1738.6 0
21977009 21992641 1739.4 0
21992641 21999662 1717.5 0
