#Processing Run 48467 for polarization tables
#The run table thinks this was a DPERPL2 run
#Corresponding AMO file is :/home/clasg8/rootbeer2.1/dat/pol/amo_tesc_48461.dat
#Coherent Edge positions for TESC events follow:
#Event	Coh Edge	PolPlane(PARA=0,PERP=1,AMO=2,CHANGING=3)
0	276	1493.7	1
276	20873	1494.5	1
20873	37249	1492.9	1
37249	49974	1493.5	1
49974	66610	1492.5	1
66610	76132	1493.3	1
76132	91662	1491.9	1
91662	110780	1491.9	1
110780	125297	1491.9	1
125297	139569	1491.5	1
139569	154879	1491.7	1
154879	168922	1491.1	1
168922	184201	1492.1	1
184201	200988	1492.1	1
200988	220270	1491.5	1
220270	227391	1491.5	1
227391	241854	1491.7	1
241854	264851	1491.1	1
264851	277982	1490.9	1
277982	291272	1490.7	1
291272	304091	1491.3	1
304091	318078	1492.1	1
318078	338077	1493.5	1
338077	349553	1492.5	1
349553	364180	1493.5	1
364180	379008	1491.5	1
379008	395113	1493.5	1
395113	414903	1494.7	1
414903	427909	1493.9	1
427909	441189	1493.5	1
441189	456990	1491.5	1
456990	468995	1493.1	1
468995	490395	1493.9	1
490395	503579	1495.1	1
503579	521184	1493.7	1
521184	532963	1492.1	1
532963	547665	1491.7	1
547665	570334	1493.7	1
570334	583661	1493.1	1
583661	592171	1490.9	1
592171	613668	1492.7	1
613668	619048	1491.9	1
619048	638923	1491.9	1
638923	648899	1491.3	1
648899	669185	1492.1	1
669185	677773	1492.9	1
677773	698815	1491.5	1
698815	716096	1491.3	1
716096	729364	1490.3	1
729364	743969	1491.5	1
743969	765153	1493.3	1
765153	773333	1494.3	1
773333	799199	1492.5	1
799199	809916	1493.3	1
809916	824426	1493.3	1
824426	838968	1492.5	1
838968	848821	1490.9	1
848821	868451	1492.3	1
868451	887589	1491.5	1
887589	897696	1490.5	1
897696	912503	1491.3	1
912503	929135	1493.7	1
929135	948406	1493.3	1
948406	965590	1494.5	1
965590	982354	1495.5	1
982354	993563	1494.9	1
993563	1026089	1494.1	1
1026089	1034619	1492.3	1
1034619	1052615	1493.1	1
1052615	1064301	1495.1	1
1064301	1079087	1494.7	1
1079087	1102906	1498.1	1
1102906	1113308	1492.5	1
1113308	1124969	1491.7	1
1124969	1139565	1492.7	1
1139565	1154584	1493.9	1
1154584	1176226	1494.9	1
1176226	1191911	1494.3	1
1191911	1200845	1496.1	1
1200845	1215131	1495.3	1
1215131	1230980	1492.7	1
1230980	1256265	1494.1	1
1256265	1268689	1491.5	1
1268689	1280085	1491.7	1
1280085	1294203	1491.3	1
1294203	1307262	1491.3	1
1307262	1332579	1491.5	1
1332579	1345376	1489.6	1
1345376	1355398	1490.4	1
1355398	1374716	1488.8	1
1374716	1382073	1489.0	1
1382073	1403970	1493.1	1
1403970	1416011	1490.2	1
1416011	1433414	1490.4	1
1433414	1448865	1488.0	1
1448865	1462325	1485.8	1
1462325	1481400	1489.2	1
1481400	1492220	1489.7	1
1492220	1506870	1490.1	1
1506870	1521203	1491.5	1
1521203	1539838	1492.7	1
1539838	1556010	1491.7	1
1556010	1567351	1494.9	1
1567351	1581924	1495.5	1
1581924	1600689	1495.9	1
1600689	1614678	1495.9	1
1614678	1629992	1495.5	1
1629992	1648995	1496.7	1
1648995	1658142	1496.5	1
1658142	1672996	1496.1	1
1672996	1687638	1495.9	1
1687638	1706811	1495.1	1
1706811	1718453	1491.1	1
1718453	1736508	1491.7	1
1736508	1752117	1492.3	1
1752117	1762362	1491.5	1
1762362	1781632	1492.3	1
1781632	1793690	1494.9	1
1793690	1813341	1492.7	1
1813341	1823746	1490.9	1
1823746	1842551	1489.2	1
1842551	1860408	1490.7	1
1860408	1878114	1493.1	1
1878114	1885068	1493.9	1
1885068	1899768	1494.7	1
1899768	1914568	1493.9	1
1914568	1931724	1493.5	1
1931724	1944175	1493.5	1
1944175	1963069	1493.1	1
1963069	1973654	1491.1	1
1973654	1987725	1489.4	1
1987725	2010356	1490.1	1
2010356	2023824	1490.3	1
2023824	2039470	1489.0	1
2039470	2057933	1490.3	1
2057933	2072971	1489.7	1
2072971	2089603	1490.7	1
2089603	2099658	1491.3	1
2099658	2112839	1493.7	1
2112839	2128778	1492.5	1
2128778	2141255	1491.5	1
2141255	2162891	1491.7	1
2162891	2174088	1492.7	1
2174088	2192929	1492.9	1
2192929	2207618	1495.1	1
2207618	2222234	1497.3	1
2222234	2238546	1491.9	1
2238546	2250244	1495.3	1
2250244	2264730	1493.9	1
2264730	2279273	1492.9	1
2279273	2298020	1493.5	1
2298020	2315779	1494.9	1
2315779	2324959	1494.9	1
2324959	2342262	1494.5	1
2342262	2353543	1494.1	1
2353543	2369019	1496.5	1
2369019	2387693	1496.3	1
2387693	2402018	1495.9	1
2402018	2420460	1495.9	1
2420460	2431062	1495.1	1
2431062	2445152	1494.9	1
2445152	2464939	1493.5	1
2464939	2494675	1492.5	1
2494675	2503158	1489.9	1
2503158	2517285	1490.5	1
2517285	2539012	1490.7	1
2539012	2550805	1491.9	1
2550805	2564999	1492.1	1
2564999	2580207	1491.1	1
2580207	2594843	1491.1	1
2594843	2616326	1491.7	1
2616326	2631267	1491.3	1
2631267	2642023	1492.3	1
2642023	2655436	1492.3	1
2655436	2674441	1496.7	1
2674441	2692830	1496.1	1
2692830	2701267	1492.3	1
2701267	2717348	1492.1	1
2717348	2732866	1493.5	1
2732866	2746482	1492.5	1
2746482	2765627	1495.3	1
2765627	2778481	1494.3	1
2778481	2792918	1494.7	1
2792918	2807838	1493.9	1
2807838	2822832	1491.1	1
2822832	2846921	1491.9	1
2846921	2855725	1491.9	1
2855725	2870764	1491.5	1
2870764	2883187	1492.7	1
2883187	2895838	1493.7	1
2895838	2919257	1494.5	1
2919257	2929954	1494.3	1
2929954	2947786	1493.7	1
2947786	2961663	1493.7	1
2961663	2970309	1494.5	1
2970309	2976996	1539.1	1
2976996	2997751	1530.0	1
2997751	3007194	1520.4	1
3007194	3021247	1519.2	1
3021247	3041114	1513.1	1
3041114	3054616	1510.3	1
3054616	3072331	1507.9	1
3072331	3086650	1507.9	1
3086650	3100507	1506.3	1
3100507	3117788	1504.9	1
3117788	3128943	1501.1	1
3128943	3149704	1498.5	1
3149704	3164476	1497.7	1
3164476	3172556	1495.9	1
3172556	3193146	1495.9	1
3193146	3207690	1493.5	1
3207690	3220868	1493.3	1
3220868	3237589	1493.3	1
3237589	3247530	1494.9	1
3247530	3265820	1495.1	1
3265820	3283989	1493.7	1
3283989	3294795	1493.5	1
3294795	3308919	1494.9	1
3308919	3330170	1494.9	1
3330170	3344701	1494.7	1
3344701	3356822	1493.1	1
3356822	3375472	1492.9	1
3375472	3384846	1491.7	1
3384846	3398520	1492.5	1
3398520	3418079	1492.1	1
3418079	3435742	1493.5	1
3435742	3447159	1494.3	1
3447159	3464318	1494.3	1
3464318	3475241	1494.5	1
3475241	3492557	1493.9	1
3492557	3514624	1493.1	1
3514624	3523366	1492.5	1
3523366	3542152	1493.3	1
3542152	3551067	1494.1	1
3551067	3573897	1493.7	1
3573897	3583769	1493.9	1
3583769	3602164	1493.5	1
3602164	3616972	1496.7	1
3616972	3627101	1494.5	1
3627101	3647917	1494.5	1
3647917	3660124	1489.7	1
3660124	3680994	1491.5	1
3680994	3692484	1491.1	1
3692484	3704292	1491.3	1
3704292	3726991	1490.7	1
3726991	3735085	1489.4	1
3735085	3750765	1490.5	1
3750765	3769849	1490.9	1
3769849	3783151	1491.1	1
3783151	3798902	1491.5	1
3798902	3810298	1490.7	1
3810298	3827143	1489.9	1
3827143	3841261	1490.2	1
3841261	3855842	1489.2	1
3855842	3874189	1489.0	1
3874189	3887720	1490.3	1
3887720	3906038	1490.9	1
3906038	3919850	1490.1	1
3919850	3931871	1491.5	1
3931871	3949697	1491.5	1
3949697	3962466	1491.9	1
3962466	3978174	1492.3	1
3978174	3993278	1492.1	1
3993278	4005532	1493.9	1
4005532	4027774	1494.1	1
4027774	4040035	1493.1	1
4040035	4054998	1492.5	1
4054998	4087018	1492.1	1
4087018	4107831	1493.7	1
4107831	4122453	1492.7	1
4122453	4131203	1493.7	1
4131203	4145872	1491.1	1
4145872	4166862	1491.5	1
4166862	4182614	1492.5	1
4182614	4192801	1491.5	1
4192801	4207254	1491.7	1
4207254	4225109	1490.5	1
4225109	4236133	1490.5	1
4236133	4255240	1489.9	1
4255240	4269662	1491.9	1
4269662	4283941	1491.3	1
4283941	4298534	1491.9	1
4298534	4313227	1491.9	1
4313227	4336517	1493.5	1
4336517	4342982	1491.1	1
4342982	4364359	1494.3	1
4364359	4371747	1493.9	1
4371747	4393006	1493.7	1
4393006	4408236	1492.5	1
4408236	4425728	1492.9	1
4425728	4437621	1493.3	1
4437621	4452627	1493.5	1
4452627	4469131	1492.5	1
4469131	4489538	1494.3	1
4489538	4496927	1493.1	1
4496927	4511503	1492.7	1
4511503	4531271	1493.5	1
4531271	4541132	1493.1	1
4541132	4561316	1491.1	1
4561316	4573200	1492.5	1
4573200	4592011	1492.1	1
4592011	4605063	1490.9	1
4605063	4618954	1489.9	1
4618954	4636411	1490.9	1
4636411	4650959	1491.1	1
4650959	4664627	1491.5	1
4664627	4679875	1489.9	1
4679875	4692817	1488.6	1
4692817	4717259	1490.7	1
4717259	4725513	1490.6	1
4725513	4744937	1490.3	1
4744937	4760080	1490.7	1
4760080	4774921	1492.5	1
4774921	4789519	1490.9	1
4789519	4801858	1491.7	1
4801858	4816651	1491.3	1
4816651	4830987	1491.9	1
4830987	4845829	1490.3	1
4845829	4863326	1490.3	1
4863326	4878032	1490.5	1
4878032	4892810	1492.5	1
4892810	4907437	1491.9	1
4907437	4928078	1494.1	1
4928078	4943809	1494.1	1
4943809	4955517	1492.9	1
4955517	4968268	1491.1	1
4968268	4986550	1490.9	1
4986550	4996036	1491.1	1
4996036	5022751	1491.1	1
5022751	5030005	1491.1	1
5030005	5043733	1490.7	1
5043733	5057985	1490.7	1
5057985	5072417	1490.5	1
5072417	5092476	1491.1	1
5092476	5109812	1491.5	1
5109812	5118482	1491.7	1
5118482	5138920	1492.7	1
5138920	5153291	1491.3	1
5153291	5171513	1491.9	1
5171513	5179987	1491.5	1
5179987	5194931	1491.5	1
5194931	5208861	1492.5	1
5208861	5223526	1492.9	1
5223526	5242249	1493.5	1
5242249	5254853	1491.3	1
5254853	5269648	1492.9	1
5269648	5291109	1495.3	1
5291109	5299415	1493.7	1
5299415	5319218	1494.1	1
5319218	5335503	1496.5	1
5335503	5350875	1495.5	1
5350875	5359236	1494.1	1
5359236	5375775	1493.5	1
5375775	5400493	1492.9	1
5400493	5407763	1492.1	1
5407763	5422408	1490.5	1
5422408	5439220	1490.7	1
5439220	5450118	1490.5	1
5450118	5468699	1490.3	1
5468699	5481754	1491.1	1
5481754	5497425	1492.1	1
5497425	5511543	1493.7	1
5511543	5526726	1492.7	1
5526726	5546246	1496.7	1
5546246	5558963	1497.3	1
5558963	5577178	1496.9	1
5577178	5587448	1494.9	1
5587448	5602162	1488.8	1
5602162	5621195	1487.6	1
5621195	5634868	1488.4	1
5634868	5655281	1489.6	1
5655281	5663898	1489.9	1
5663898	5684659	1490.7	1
5684659	5701311	1489.9	1
5701311	5710260	1490.7	1
5710260	5724455	1491.3	1
5724455	5743847	1491.7	1
5743847	5758119	1493.1	1
5758119	5773832	1492.7	1
5773832	5787425	1493.7	1
5787425	5804700	1493.1	1
5804700	5816747	1493.3	1
5816747	5833516	1494.1	1
5833516	5852732	1493.1	1
5852732	5861461	1492.7	1
5861461	5876141	1493.3	1
5876141	5890577	1494.1	1
5890577	5904625	1494.1	1
5904625	5924709	1493.9	1
5924709	5938060	1494.1	1
5938060	5954522	1492.1	1
5954522	5970461	1493.7	1
5970461	5984620	1492.3	1
5984620	6001325	1491.3	1
6001325	6013443	1490.3	1
6013443	6028228	1490.7	1
6028228	6043031	1491.3	1
6043031	6057905	1491.5	1
6057905	6081151	1491.9	1
6081151	6089322	1490.5	1
6089322	6108843	1492.3	1
6108843	6117609	1491.5	1
6117609	6134393	1492.1	1
6134393	6153415	1494.1	1
6153415	6168009	1493.5	1
6168009	6182138	1492.7	1
6182138	6196615	1493.7	1
6196615	6214438	1493.9	1
6214438	6231509	1492.3	1
6231509	6240928	1493.3	1
6240928	6255430	1492.5	1
6255430	6270202	1491.5	1
6270202	6284929	1491.9	1
6284929	6307018	1491.5	1
6307018	6324945	1491.7	1
6324945	6335841	1491.9	1
6335841	6354488	1491.3	1
6354488	6367474	1521.0	1
6367474	6379595	1517.2	1
6379595	6396666	1512.1	1
6396666	6408318	1508.5	1
6408318	6427743	1508.5	1
6427743	6442090	1505.5	1
6442090	6451122	1504.5	1
6451122	6476564	1503.1	1
6476564	6484572	1502.1	1
6484572	6504464	1500.5	1
6504464	6516710	1498.3	1
6516710	6532055	1497.5	1
6532055	6548586	1497.3	1
6548586	6564689	1496.7	1
6564689	6574377	1495.9	1
6574377	6587762	1494.7	1
6587762	6602333	1493.9	1
6602333	6629967	1494.3	1
6629967	6639035	1493.1	1
6639035	6653008	1493.5	1
6653008	6671537	1491.5	1
6671537	6679695	1493.9	1
6679695	6698278	1492.7	1
6698278	6712945	1493.9	1
6712945	6733011	1492.7	1
6733011	6742537	1494.1	1
6742537	6760902	1493.9	1
6760902	6779218	1492.7	1
6779218	6790938	1491.9	1
6790938	6804897	1490.9	1
6804897	6823211	1491.1	1
6823211	6831753	1491.3	1
6831753	6853415	1491.3	1
6853415	6866544	1492.3	1
6866544	6881528	1490.7	1
6881528	6895722	1490.9	1
6895722	6913507	1492.1	1
6913507	6930141	1491.1	1
6930141	6941849	1492.1	1
6941849	6957057	1491.5	1
6957057	6971039	1491.5	1
6971039	6991701	1492.7	1
6991701	7006292	1493.3	1
7006292	7020540	1494.3	1
7020540	7032082	1493.1	1
7032082	7046021	1493.7	1
7046021	7063111	1492.7	1
7063111	7081674	1492.7	1
7081674	7094356	1493.3	1
7094356	7109012	1492.3	1
7109012	7123768	1490.5	1
7123768	7138250	1490.7	1
7138250	7156516	1489.0	1
7156516	7179739	1491.7	1
7179739	7198724	1525.6	1
7198724	7209781	1521.2	1
7209781	7228898	1514.3	1
7228898	7241871	1510.3	1
7241871	7254744	1508.9	1
7254744	7269140	1507.3	1
7269140	7285241	1504.3	1
7285241	7305064	1501.3	1
7305064	7318697	1503.1	1
7318697	7332839	1503.3	1
7332839	7348693	1500.7	1
7348693	7362029	1501.7	1
7362029	7377409	1499.3	1
7377409	7397369	1496.5	1
7397369	7406471	1495.1	1
7406471	7421313	1493.3	1
7421313	7441182	1494.1	1
7441182	7457972	1493.1	1
7457972	7472924	1494.9	1
7472924	7483971	1495.9	1
7483971	7496320	1494.7	1
7496320	7510594	1495.3	1
7510594	7531684	1492.7	1
7531684	7544448	1492.7	1
7544448	7560921	1493.7	1
7560921	7573106	1494.1	1
7573106	7590366	1492.3	1
7590366	7605969	1493.7	1
7605969	7619531	1492.9	1
7619531	7634432	1494.3	1
7634432	7648538	1493.7	1
7648538	7663325	1493.3	1
7663325	7687831	1494.5	1
7687831	7694873	1495.5	1
7694873	7710461	1496.7	1
7710461	7725049	1492.9	1
7725049	7739580	1492.9	1
7739580	7758755	1492.9	1
7758755	7774729	1494.5	1
7774729	7784657	1494.3	1
7784657	7803261	1494.3	1
7803261	7813411	1496.5	1
7813411	7836116	1495.9	1
7836116	7849400	1494.3	1
7849400	7864979	1496.1	1
7864979	7883704	1495.7	1
7883704	7891428	1493.9	1
7891428	7912963	1493.7	1
7912963	7925387	1494.3	1
7925387	7943329	1493.9	1
7943329	7954938	1492.9	1
7954938	7971144	1492.9	1
7971144	7994061	1493.3	1
7994061	8001345	1492.9	1
8001345	8016011	1493.9	1
8016011	8030682	1493.5	1
8030682	8050659	1491.7	1
8050659	8073813	1492.9	1
8073813	8078538	1493.7	1
8078538	8092406	1492.9	1
8092406	8106794	1492.9	1
8106794	8125916	1492.9	1
8125916	8144581	1492.9	1
8144581	8155122	1492.7	1
8155122	8169454	1493.3	1
8169454	8184308	1493.9	1
8184308	8199002	1495.3	1
8199002	8221866	1494.1	1
8221866	8231714	1494.9	1
8231714	8246358	1494.1	1
8246358	8258161	1495.1	1
8258161	8272770	1492.9	1
8272770	8300639	1491.9	1
8300639	8312229	1491.5	1
8312229	8326277	1493.3	1
8326277	8352891	1490.9	1
8352891	8362025	1511.9	1
8362025	8376651	1507.9	1
8376651	8398979	1505.5	1
8398979	8411641	1504.3	1
8411641	8424456	1504.9	1
8424456	8444773	1505.1	1
8444773	8455904	1504.7	1
8455904	8472299	1504.3	1
8472299	8484616	1503.1	1
8484616	8502806	1501.7	1
8502806	8513200	1501.1	1
8513200	8533304	1501.3	1
8533304	8549730	1499.9	1
8549730	8559637	1497.7	1
8559637	8574113	1496.9	1
8574113	8588865	1495.1	1
8588865	8601449	1494.9	1
8601449	8620059	1495.5	1
8620059	8634277	1536.1	1
8634277	8648302	1528.2	1
8648302	8663827	1525.6	1
8663827	8676107	1519.2	1
8676107	8701969	1516.8	1
8701969	8713600	1510.7	1
8713600	8723854	1509.5	1
8723854	8739056	1508.1	1
8739056	8753449	1507.1	1
8753449	8771899	1504.3	1
8771899	8784993	1503.9	1
8784993	8799186	1502.3	1
8799186	8813127	1502.1	1
8813127	8827401	1502.1	1
8827401	8847504	1499.9	1
8847504	8860390	1498.3	1
8860390	8875252	1499.3	1
8875252	8889785	1496.9	1
8889785	8904600	1496.1	1
8904600	8921702	1496.3	1
8921702	8935375	1495.1	1
8935375	8956248	1493.7	1
8956248	8966968	1493.7	1
8966968	8978761	1493.3	1
8978761	9000753	1493.7	1
9000753	9019206	1494.5	1
9019206	9028527	1493.7	1
9028527	9040573	1493.1	1
9040573	9054942	1494.7	1
9054942	9074551	1494.3	1
9074551	9088950	1490.9	1
9088950	9103650	1494.5	1
9103650	9121448	1496.9	1
9121448	9132807	1493.1	1
9132807	9151593	1491.5	1
9151593	9164509	1492.3	1
9164509	9179802	1493.3	1
9179802	9198844	1492.7	1
9198844	9208859	1493.3	1
9208859	9228115	1493.5	1
9228115	9241141	1492.9	1
9241141	9254686	1494.1	1
9254686	9269374	1494.3	1
9269374	9283780	1494.5	1
9283780	9307439	1493.7	1
9307439	9315656	1494.1	1
9315656	9335950	1492.5	1
9335950	9350391	1493.1	1
9350391	9359487	1493.7	1
9359487	9385668	1494.1	1
9385668	9393612	1495.5	1
9393612	9407700	1492.9	1
9407700	9423181	1493.1	1
9423181	9439931	1493.9	1
9439931	9461987	1492.5	1
9461987	9467986	1493.7	1
9467986	9486497	1493.5	1
9486497	9511897	1492.7	1
9511897	9535066	1494.5	1
9535066	9543996	1494.3	1
9543996	9564466	1497.1	1
9564466	9573452	1495.3	1
9573452	9586605	1495.3	1
9586605	9608314	1493.9	1
9608314	9620200	1493.1	1
9620200	9638109	1492.9	1
9638109	9649393	1491.7	1
9649393	9667497	1493.1	1
9667497	9691276	1493.3	1
9691276	9701092	1492.9	1
9701092	9716065	1492.5	1
9716065	9730320	1492.5	1
9730320	9761740	1491.7	1
9761740	9776925	1493.9	1
9776925	9784637	1492.5	1
9784637	9799359	1492.3	1
9799359	9821201	1492.3	1
9821201	9835654	1490.5	1
9835654	9852163	1494.1	1
9852163	9863860	1494.3	1
9863860	9881398	1496.1	1
9881398	9892676	1493.3	1
9892676	9911777	1493.3	1
9911777	9924148	1490.9	1
9924148	9944940	1489.9	1
9944940	9958076	1490.7	1
9958076	9972696	1491.5	1
9972696	9991156	1491.3	1
9991156	10000040	1490.9	1
10000040	10014833	1491.5	1
10014833	10028788	1493.5	1
10028788	10048845	1492.9	1
10048845	10066001	1493.1	1
10066001	10082889	1491.5	1
10082889	10093099	1492.5	1
10093099	10111433	1492.5	1
10111433	10119042	1494.3	1
10119042	10138505	1494.1	1
10138505	10153752	1494.5	1
10153752	10166902	1492.3	1
10166902	10181407	1493.7	1
10181407	10196187	1492.5	1
10196187	10217242	1491.7	1
10217242	10233628	1491.3	1
10233628	10243043	1490.9	1
10243043	10260660	1492.1	1
10260660	10276723	1493.5	1
10276723	10294264	1492.7	1
10294264	10311456	1493.3	1
10311456	10320756	1491.3	1
10320756	10335212	1490.9	1
10335212	10349188	1491.7	1
10349188	10368756	1491.1	1
10368756	10380146	1491.9	1
10380146	10401010	1493.1	1
10401010	10415757	1491.3	1
10415757	10430404	1491.3	1
10430404	10444989	1492.9	1
10444989	10456986	1492.9	1
10456986	10471521	1493.3	1
10471521	10487780	1493.9	1
10487780	10502738	1491.7	1
10502738	10521895	1492.7	1
10521895	10539420	1492.3	1
10539420	10547534	1492.9	1
10547534	10561758	1494.7	1
10561758	10576095	1493.7	1
10576095	10594406	1492.1	1
10594406	10605261	1493.3	1
10605261	10625713	1493.3	1
10625713	10634943	1494.1	1
10634943	10649602	1494.9	1
10649602	10677157	1493.7	1
10677157	10686173	1492.5	1
10686173	10700488	1493.9	1
10700488	10715647	1493.9	1
10715647	10734948	1492.3	1
10734948	10749114	1495.7	1
10749114	10766579	1496.5	1
10766579	10774599	1493.7	1
10774599	10789041	1492.7	1
10789041	10803834	1492.5	1
10803834	10824278	1493.3	1
10824278	10838082	1495.3	1
10838082	10851624	1496.3	1
10851624	10866282	1495.5	1
10866282	10882802	1494.9	1
10882802	10901849	1493.7	1
10901849	10913393	1494.7	1
10913393	10928130	1495.7	1
10928130	10942546	1493.7	1
10942546	10957105	1492.5	1
10957105	10977964	1493.1	1
10977964	10989706	1494.7	1
10989706	11004767	1493.5	1
11004767	11016958	1494.5	1
11016958	11037670	1496.5	1
11037670	11053775	1498.9	1
11053775	11071350	1491.3	1
11071350	11085543	1490.1	1
11085543	11095784	1490.1	1
11095784	11109556	1490.9	1
11109556	11128752	1493.1	1
11128752	11139658	1493.7	1
11139658	11160184	1493.1	1
11160184	11168616	1491.9	1
11168616	11188376	1492.7	1
11188376	11205275	1491.3	1
11205275	11215323	1489.7	1
11215323	11229737	1491.1	1
11229737	11244494	1492.3	1
11244494	11263608	1492.7	1
11263608	11281412	1495.1	1
11281412	11293004	1494.5	1
11293004	11314642	1494.7	1
11314642	11320770	1494.9	1
11320770	11332156	1490.7	1
11332156	11355308	1492.1	1
11355308	11367856	1494.3	1
11367856	11382736	1493.9	1
11382736	11398222	1492.9	1
11398222	11416187	1494.1	1
11416187	11431816	1491.1	1
11431816	11444094	1493.9	1
11444094	11457893	1491.7	1
11457893	11478665	1493.1	1
11478665	11493812	1492.3	1
11493812	11508827	1492.7	1
11508827	11525331	1494.7	1
11525331	11536317	1495.3	1
11536317	11548834	1494.3	1
11548834	11563006	1493.3	1
11563006	11582602	1493.9	1
11582602	11594995	1492.9	1
11594995	11609099	1494.5	1
11609099	11629451	1494.7	1
11629451	11640531	1494.9	1
11640531	11657891	1493.7	1
11657891	11671933	1493.7	1
11671933	11686808	1492.9	1
11686808	11701377	1491.3	1
11701377	11716216	1493.1	1
11716216	11735394	1499.7	1
11735394	11752092	1492.1	1
11752092	11760658	1493.5	1
11760658	11776997	1490.9	1
11776997	11797330	1491.3	1
11797330	11812546	1493.7	1
11812546	11825269	1499.1	1
11825269	11838296	1496.7	1
11838296	11854073	1496.9	1
11854073	11866954	1496.3	1
11866954	11891626	1495.7	1
11891626	11898875	1493.7	1
11898875	11913479	1495.1	1
11913479	11928309	1491.3	1
11928309	11942910	1493.1	1
11942910	11963914	1492.5	1
11963914	11980355	1493.1	1
11980355	11994852	1495.3	1
11994852	12009961	1492.9	1
12009961	12018157	1491.5	1
12018157	12044405	1491.3	1
12044405	12052262	1491.1	1
12052262	12070576	1490.5	1
12070576	12087566	1491.3	1
12087566	12097053	1493.5	1
12097053	12117287	1495.1	1
12117287	12127483	1492.5	1
12127483	12141342	1493.9	1
12141342	12157096	1494.5	1
12157096	12175470	1496.1	1
12175470	12190615	1496.7	1
12190615	12205197	1494.3	1
12205197	12221852	1494.7	1
12221852	12234394	1493.7	1
12234394	12264132	1493.5	1
12264132	12278561	1492.3	1
12278561	12293483	1494.5	1
12293483	12312530	1494.1	1
12312530	12322332	1495.1	1
12322332	12344848	1493.1	1
12344848	12352619	1493.5	1
12352619	12365774	1495.9	1
12365774	12379776	1493.7	1
12379776	12395433	1492.3	1
12395433	12415919	1493.3	1
12415919	12435939	1493.7	1
12435939	12446872	1495.3	1
12446872	12458192	1495.1	1
12458192	12473016	1495.1	1
12473016	12496610	1494.9	1
12496610	12503299	1493.5	1
12503299	12524387	1493.3	1
12524387	12536951	1499.5	1
12536951	12546265	1494.3	1
12546265	12565533	1496.9	1
12565533	12578871	1493.7	1
12578871	12594280	1492.7	1
12594280	12611129	1491.3	1
12611129	12625285	1491.9	1
12625285	12645060	1496.1	1
12645060	12662418	1493.1	1
12662418	12672231	1492.3	1
12672231	12686825	1494.9	1
12686825	12701425	1493.9	1
12701425	12721379	1495.1	1
12721379	12735081	1492.3	1
12735081	12749642	1493.1	1
12749642	12761591	1493.3	1
12761591	12776511	1493.3	1
12776511	12796293	1494.1	1
12796293	12814809	1492.7	1
12814809	12825865	1490.3	1
12825865	12845667	1490.3	1
12845667	12853876	1490.7	1
12853876	12875211	1490.3	1
12875211	12890906	1490.5	1
12890906	12901396	1491.1	1
12901396	12917178	1491.3	1
12917178	12929233	1491.9	1
12929233	12948423	1493.1	1
12948423	12963766	1492.9	1
12963766	12979457	1496.9	1
12979457	12995744	1495.9	1
12995744	13005145	1495.5	1
13005145	13025770	1492.7	1
13025770	13038541	1494.5	1
13038541	13053231	1495.5	1
13053231	13066920	1495.7	1
13066920	13082839	1493.7	1
13082839	13105572	1494.1	1
13105572	13114647	1491.9	1
13114647	13129806	1492.1	1
13129806	13147991	1492.9	1
13147991	13157096	1493.3	1
13157096	13176546	1492.7	1
13176546	13192959	1493.5	1
13192959	13203704	1494.9	1
13203704	13218671	1494.3	1
13218671	13233246	1492.5	1
13233246	13257675	1493.3	1
13257675	13270856	1492.5	1
13270856	13286337	1492.5	1
13286337	13299609	1491.9	1
13299609	13308215	1492.9	1
13308215	13329045	1494.7	1
13329045	13345381	1493.5	1
13345381	13357030	1493.5	1
13357030	13370342	1493.5	1
13370342	13388845	1494.1	1
13388845	13405706	1492.9	1
13405706	13418309	1492.9	1
13418309	13432780	1493.7	1
13432780	13447638	1492.5	1
13447638	13461951	1491.5	1
13461951	13481121	1490.7	1
13481121	13493507	1491.3	1
13493507	13513766	1492.5	1
13513766	13528571	1492.5	1
13528571	13538229	1491.1	1
13538229	13562706	1491.5	1
13562706	13570808	1491.3	1
13570808	13587978	1490.9	1
13587978	13600096	1491.3	1
13600096	13614017	1491.5	1
13614017	13640808	1492.7	1
13640808	13647896	1492.3	1
13647896	13666222	1494.7	1
13666222	13680907	1495.7	1
13680907	13695373	1494.5	1
13695373	13710340	1494.3	1
13710340	13725602	1493.3	1
13725602	13736511	1494.1	1
13736511	13749257	1490.9	1
13749257	13763803	1493.7	1
13763803	13783694	1493.7	1
13783694	13804064	1493.5	1
13804064	13812672	1494.3	1
13812672	13827279	1495.5	1
13827279	13840259	1497.3	1
13840259	13862919	1496.5	1
13862919	13877637	1494.5	1
13877637	13892079	1495.1	1
13892079	13900532	1495.5	1
13900532	13914830	1492.5	1
13914830	13941142	1492.7	1
13941142	13947684	1493.7	1
13947684	13965711	1492.7	1
13965711	13976855	1494.5	1
13976855	13990926	1493.9	1
13990926	14009319	1493.1	1
14009319	14018295	1557.8	1
14018295	14032478	1540.3	1
14032478	14046829	1533.6	1
14046829	14069024	1525.6	1
14069024	14080824	1520.6	1
14080824	x	1519.8	1
906	14095859	1518.0	1
14095859	14107095	1516.6	1
14107095	14130753	1517.2	1
14130753	14143374	1517.6	1
14143374	14154859	1513.3	1
14154859	14170482	1512.3	1
14170482	14185959	1513.3	1
14185959	14208508	1512.7	1
14208508	14218209	1512.7	1
14218209	14229393	1512.9	1
14229393	14242747	1510.9	1
14242747	14257990	1510.3	1
14257990	14280586	1507.5	1
14280586	14289385	1508.3	1
14289385	14303169	1508.3	1
14303169	14317704	1508.5	1
14317704	14332180	1507.9	1
14332180	14351905	1509.9	1
14351905	14362716	1510.9	1
14362716	x	1510.5	1
14377626	14382856	1498.5	1
14382856	14391643	1502.3	1
14391643	14411952	1501.1	1
14411952	14429295	1501.9	1
14429295	14437965	1497.7	1
14437965	14451572	1495.5	1
14451572	14469984	1498.7	1
14469984	14481259	1496.1	1
14481259	14505544	1497.3	1
14505544	14512983	1496.5	1
14512983	14528351	1496.9	1
14528351	14547081	1496.1	1
14547081	14557911	1498.1	1
14557911	14577500	1500.3	1
14577500	14595051	1497.9	1
14595051	14609677	1496.9	1
14609677	14624313	1499.1	1
14624313	14638320	1500.7	1
14638320	14654713	1503.5	1
14654713	14666740	1502.7	1
14666740	14684685	1502.1	1
14684685	14696411	1499.5	1
14696411	14709959	1497.7	1
14709959	14730918	1497.7	1
14730918	14748253	1494.7	1
14748253	14761256	1495.5	1
14761256	14775479	1496.5	1
14775479	14790170	1496.5	1
14790170	14807081	1496.9	1
14807081	14818023	1495.1	1
14818023	14833571	1495.1	1
14833571	14846212	1496.9	1
14846212	14861108	1497.9	1
14861108	14879550	1498.5	1
14879550	14894033	1497.3	1
14894033	14913928	1498.5	1
14913928	14922897	1498.1	1
14922897	14937451	1498.3	1
14937451	14954785	1497.3	1
14954785	14967795	1499.5	1
14967795	14981862	1500.1	1
14981862	14996309	1497.7	1
14996309	15010504	1497.7	1
15010504	15030896	1497.9	1
15030896	15044539	1500.9	1
15044539	15058619	1500.9	1
15058619	15074058	1502.3	1
15074058	15088457	1502.3	1
15088457	15107434	1502.1	1
15107434	15124267	1501.1	1
15124267	15139160	1497.7	1
15139160	15148466	1496.9	1
15148466	15162850	1499.3	1
15162850	15183667	1501.5	1
15183667	15197013	1496.5	1
15197013	15216476	1495.9	1
15216476	15226162	1494.5	1
15226162	15244280	1495.3	1
15244280	15261880	1496.7	1
15261880	15273732	1497.3	1
15273732	15291901	1497.7	1
15291901	15303178	1495.1	1
15303178	15321023	1495.3	1
15321023	15343965	1497.1	1
15343965	15351961	1495.1	1
15351961	15366080	1570.4	1
15366080	15381962	1562.6	1
15381962	15394410	1526.4	1
15394410	15408690	1519.2	1
15408690	15425222	1510.7	1
15425222	15436308	1507.7	1
15436308	15458444	1505.5	1
15458444	15466458	1504.3	1
15466458	15486943	1502.3	1
15486943	15500451	1500.3	1
15500451	15515016	1499.1	1
15515016	15531062	1496.9	1
15531062	15541888	1498.5	1
15541888	15557341	1497.7	1
15557341	15571061	1497.5	1
15571061	15586388	1498.5	1
15586388	15611224	1498.1	1
15611224	15622664	1500.7	1
15622664	15638158	1495.5	1
15638158	15648016	1492.7	1
15648016	15663221	1492.9	1
15663221	15685058	1492.1	1
15685058	15693710	1492.9	1
15693710	15708376	1490.9	1
15708376	15729229	1490.3	1
15729229	15742092	1492.9	1
15742092	15764550	1494.1	1
15764550	15772143	1492.9	1
15772143	15786672	1491.7	1
15786672	15803814	1492.5	1
15803814	15818493	1492.5	1
15818493	15842603	1493.5	1
15842603	15846730	1494.1	1
15846730	15861487	1494.5	1
15861487	15875500	1492.3	1
15875500	15890126	1494.7	1
15890126	15911344	1492.7	1
15911344	15926829	1493.3	1
15926829	15936863	1493.9	1
15936863	15953993	1493.7	1
15953993	15971777	1495.7	1
15971777	15987507	1496.3	1
15987507	15998644	1498.9	1
15998644	16013096	1498.1	1
16013096	16027632	1497.3	1
16027632	16046784	1496.3	1
16046784	16063860	1495.1	1
16063860	16078381	1495.3	1
16078381	16087066	1495.5	1
16087066	16101142	1494.3	1
16101142	16115698	1494.5	1
16115698	16136276	1495.7	1
16136276	16155262	1494.3	1
16155262	16163902	1493.9	1
16163902	16182215	1497.3	1
16182215	16196310	1496.3	1
16196310	16212234	1496.7	1
16212234	16230123	1497.9	1
16230123	16244659	1497.3	1
16244659	16253009	1498.3	1
16253009	16272277	1496.9	1
16272277	16287491	1501.3	1
16287491	16302231	1498.9	1
16302231	16313022	1498.3	1
16313022	16327514	1500.3	1
16327514	16341984	1499.3	1
16341984	16367023	1500.3	1
16367023	16378570	1495.9	1
16378570	16393065	1496.5	1
16393065	16404001	1497.5	1
16404001	16418343	1495.7	1
16418343	16443401	1494.1	1
16443401	16450080	1494.7	1
16450080	16468902	1494.9	1
16468902	16481983	1494.7	1
16481983	16490716	1494.3	1
16490716	16515654	1492.3	1
16515654	16525288	1495.3	1
16525288	16538844	1496.7	1
16538844	16552314	1496.7	1
16552314	16567267	1495.3	1
16567267	16584393	1496.3	1
16584393	16614418	1497.5	1
16614418	16626810	1500.5	1
16626810	16640258	1500.9	1
16640258	16664616	1497.1	1
16664616	16679420	1495.7	1
16679420	16688100	1493.3	1
16688100	16702719	1494.9	1
16702719	16723721	1495.1	1
16723721	16744976	1494.1	1
16744976	16751113	1493.9	1
16751113	16767574	1495.5	1
16767574	16781544	1493.7	1
16781544	16800254	1496.7	1
16800254	16817320	1495.1	1
16817320	16832509	1495.9	1
16832509	16841461	1496.1	1
16841461	16860746	1497.1	1
16860746	16875622	1496.5	1
16875622	16891880	1496.3	1
16891880	16906785	1496.7	1
16906785	16921249	1503.9	1
16921249	16932413	1500.7	1
16932413	16949608	1496.7	1
16949608	16964594	1497.3	1
16964594	16977814	1495.9	1
16977814	16993418	1495.5	1
16993418	17007890	1495.3	1
17007890	17022547	1495.5	1
17022547	17039715	1494.9	1
17039715	17052607	1495.9	1
17052607	17073526	1496.5	1
17073526	17081636	1497.9	1
17081636	17096073	1498.1	1
17096073	17116285	1497.7	1
17116285	17129167	1496.5	1
17129167	17143159	1496.9	1
17143159	17157288	1496.3	1
17157288	17171240	1496.3	1
17171240	17195872	1495.7	1
17195872	17209881	1496.7	1
17209881	17218858	1497.3	1
17218858	17232311	1498.7	1
17232311	17247210	1496.5	1
17247210	17270201	1497.1	1
17270201	17279174	1496.1	1
17279174	17295145	1495.5	1
17295145	17312627	1494.7	1
17312627	17322327	1494.1	1
17322327	17341941	1492.3	1
17341941	17354316	1494.7	1
17354316	17371528	1495.1	1
17371528	17385402	1494.9	1
17385402	17405556	1495.5	1
17405556	17423573	1497.1	1
17423573	17430413	1495.5	1
17430413	17444803	1494.9	1
17444803	17464539	1494.3	1
17464539	17479981	1493.1	1
17479981	17494654	1494.9	1
17494654	17507849	1497.9	1
17507849	17522092	1496.9	1
17522092	17535235	1496.5	1
17535235	17552184	1498.5	1
17552184	17569429	1497.1	1
17569429	17581350	1494.5	1
17581350	17595721	1496.9	1
17595721	17614931	1497.3	1
17614931	17625989	1496.3	1
17625989	17646789	1495.3	1
17646789	17661104	1496.9	1
17661104	17671981	1497.3	1
17671981	17686941	1495.5	1
17686941	17704788	1495.9	1
17704788	17722370	1496.1	1
17722370	17736638	1494.5	1
17736638	17747616	1492.1	1
17747616	17761012	1492.5	1
17761012	17776088	1490.9	1
17776088	17798937	1492.9	1
17798937	17813493	1495.9	1
17813493	17822896	1495.1	1
17822896	17834985	1494.9	1
17834985	17856889	1494.5	1
17856889	17871397	1493.5	1
17871397	17885062	1494.5	1
17885062	17898940	1494.5	1
17898940	17914126	1494.9	1
17914126	17928388	1495.1	1
17928388	17943714	1495.7	1
17943714	17958339	1496.7	1
17958339	17972914	1497.7	1
17972914	17987466	1495.1	1
17987466	18001599	1495.9	1
18001599	18021553	1495.9	1
18021553	18033660	1495.7	1
18033660	18047358	1494.5	1
18047358	18066467	1494.7	1
18066467	18077891	1496.9	1
18077891	18096795	1497.1	1
18096795	18124582	1496.7	1
18124582	18138244	1493.9	1
18138244	18153484	1495.5	1
18153484	18175962	1494.9	1
18175962	18199163	1565.0	1
18199163	18220369	1536.0	1
18220369	18235354	1526.8	1
18235354	18248454	1521.2	1
18248454	18264668	1519.2	1
18264668	18275280	1511.5	1
18275280	18289304	1507.9	1
18289304	18307636	1506.1	1
18307636	18325490	1503.3	1
18325490	18342061	1502.1	1
18342061	18349975	1503.1	1
18349975	18365855	1502.1	1
18365855	18388173	1502.1	1
18388173	18400928	1500.5	1
18400928	18415889	1497.1	1
18415889	18426447	1495.5	1
18426447	18441388	1494.5	1
18441388	18459389	1494.1	1
18459389	18474059	1492.3	1
18474059	18488485	1492.9	1
18488485	18503000	1492.5	1
18503000	18516659	1493.9	1
18516659	18541516	1492.7	1
18541516	18548179	1491.9	1
18548179	18564568	1492.3	1
18564568	18576394	1492.7	1
18576394	18591751	1494.1	1
18591751	18617467	1493.1	1
18617467	18628771	1492.7	1
18628771	18638758	1494.3	1
18638758	18654471	1493.3	1
18654471	18670157	1491.9	1
18670157	18686337	1499.9	1
18686337	18703804	1494.1	1
18703804	18713083	1491.3	1
18713083	18732135	1491.1	1
18732135	18742367	1490.3	1
18742367	18766331	1495.7	1
18766331	18776887	1494.1	1
18776887	18788335	1496.3	1
18788335	18804158	1499.5	1
18804158	18817764	1497.7	1
18817764	18842455	1495.7	1
18842455	18851003	1494.3	1
18851003	18865989	1492.5	1
18865989	18880376	1490.5	1
18880376	18895372	1490.7	1
18895372	18914238	1490.9	1
18914238	18928683	1491.9	1
18928683	18944029	1493.1	1
18944029	18958138	1495.5	1
18958138	18974761	1495.5	1
18974761	18990910	1493.1	1
18990910	19004788	1493.1	1
19004788	19023953	1492.9	1
19023953	19033218	1494.1	1
19033218	19049981	1492.9	1
19049981	19067768	1492.5	1
19067768	19078922	1491.9	1
19078922	19093541	1493.1	1
19093541	19113576	1492.1	1
19113576	19122517	1494.1	1
19122517	19147192	1493.9	1
19147192	19158880	1492.7	1
19158880	19166686	1492.7	1
19166686	19187917	1492.1	1
19187917	19195983	1492.9	1
19195983	19217398	1491.7	1
19217398	19245688	1493.9	1
19245688	19258292	1494.9	1
19258292	19272327	1496.3	1
19272327	19297593	1493.9	1
19297593	19305629	1495.1	1
19305629	19319527	1494.1	1
19319527	19333895	1494.3	1
19333895	19348387	1493.9	1
19348387	19370755	1493.9	1
19370755	19379173	1496.1	1
19379173	19393850	1493.9	1
19393850	19409321	1492.3	1
19409321	19421225	1492.3	1
19421225	19441974	1492.5	1
19441974	19455305	1491.9	1
19455305	19471474	1491.5	1
19471474	19484569	1494.1	1
19484569	19498819	1494.5	1
19498819	19523463	1493.1	1
19523463	19530352	1492.7	1
19530352	19544425	1493.3	1
19544425	19564353	1496.3	1
19564353	19573374	1495.3	1
19573374	19593894	1492.1	1
19593894	19610102	1492.5	1
19610102	19621345	1493.9	1
19621345	19634395	1494.5	1
19634395	19648337	1493.1	1
19648337	19670978	1491.3	1
19670978	19685359	1492.1	1
19685359	19702177	1493.3	1
19702177	19710635	1493.5	1
19710635	19725212	1493.7	1
19725212	19748735	1492.3	1
19748735	19756279	1492.3	1
19756279	19769994	1492.7	1
19769994	19784567	1492.7	1
19784567	19799106	1491.3	1
19799106	19819295	1493.7	1
19819295	19833597	1495.3	1
19833597	19846359	1494.3	1
19846359	19860205	1492.1	1
19860205	19877440	1491.7	1
19877440	19895063	1494.1	1
19895063	19906359	1492.5	1
19906359	19925481	1493.3	1
19925481	19936073	1493.9	1
19936073	19950005	1493.5	1
19950005	19970294	1494.1	1
19970294	19982889	1495.7	1
19982889	19995706	1493.3	1
19995706	20012065	1491.7	1
20012065	20024254	1493.3	1
20024254	20044841	1494.3	1
20044841	20062122	1492.9	1
20062122	20073105	1491.9	1
20073105	20086859	1494.7	1
20086859	20102113	1495.5	1
20102113	99999999	1494.1	1
