#Processing Run 48227 for polarization tables
#The run table thinks this was a DPARAL2 run
#Corresponding AMO file is :/home/clasg8/rootbeer2.1/dat/pol/amo_tesc_48217.dat
#Coherent Edge positions for TESC events follow:
#Event	Coh Edge	PolPlane(PARA=0,PERP=1,AMO=2,CHANGING=3)
#WARNING: table and EPICS differ on the radiator
Using value from table#WARNING: table and EPICS differ on the Plane
Using	x	-1.0	0
0	239	-1.0	0
239	9098	-1.0	0
9098	19084	-1.0	0
19084	33925	-1.0	0
33925	43453	-1.0	0
43453	61018	-1.0	0
61018	69768	-1.0	0
69768	90784	-1.0	0
90784	98344	-1.0	0
98344	120091	-1.0	0
120091	134118	-1.0	0
134118	147963	-1.0	0
147963	162398	-1.0	0
162398	169607	-1.0	0
169607	190728	-1.0	0
190728	204487	-1.0	0
204487	218586	-1.0	0
218586	237304	-1.0	0
237304	253742	-1.0	0
253742	268633	-1.0	0
268633	282317	-1.0	0
282317	296635	-1.0	0
296635	310854	-1.0	0
310854	324994	-1.0	0
324994	339987	-1.0	0
339987	352432	-1.0	0
352432	366656	-1.0	0
366656	382474	-1.0	0
382474	394465	-1.0	0
394465	420080	-1.0	0
420080	429018	-1.0	0
429018	447307	-1.0	0
447307	461090	-1.0	0
461090	476318	-1.0	0
476318	495978	-1.0	0
495978	510017	-1.0	0
510017	525325	-1.0	0
525325	540863	-1.0	0
540863	546799	-1.0	0
546799	565195	-1.0	0
565195	579244	-1.0	0
579244	600287	-1.0	0
600287	614571	-1.0	0
614571	621785	-1.0	0
621785	644831	-1.0	0
644831	651110	-1.0	0
651110	666089	-1.0	0
666089	679954	-1.0	0
679954	693897	-1.0	0
693897	713804	-1.0	0
713804	726458	-1.0	0
726458	745387	-1.0	0
745387	755605	-1.0	0
755605	770122	-1.0	0
770122	790606	-1.0	0
790606	804429	-1.0	0
804429	812234	-1.0	0
812234	823219	-1.0	0
823219	842508	-1.0	0
842508	861064	-1.0	0
861064	873334	-1.0	0
873334	887584	-1.0	0
887584	901723	-1.0	0
901723	913857	-1.0	0
913857	933413	-1.0	0
933413	953706	-1.0	0
953706	967045	-1.0	0
967045	974739	-1.0	0
974739	988597	-1.0	0
988597	1005272	-1.0	0
1005272	1019131	-1.0	0
1019131	1029092	-1.0	0
1029092	1044108	-1.0	0
1044108	1060844	-1.0	0
1060844	1079435	-1.0	0
1079435	1092365	-1.0	0
1092365	1099339	-1.0	0
1099339	1113245	-1.0	0
1113245	1134000	-1.0	0
1134000	1147834	-1.0	0
1147834	1161992	-1.0	0
1161992	1182910	-1.0	0
1182910	1189895	-1.0	0
1189895	1210997	-1.0	0
1210997	1225001	-1.0	0
1225001	1234866	-1.0	0
1234866	1255568	-1.0	0
1255568	1268481	-1.0	0
1268481	1276003	-1.0	0
1276003	1298460	-1.0	0
1298460	1316710	-1.0	0
1316710	1330911	-1.0	0
1330911	1344970	-1.0	0
1344970	1352807	-1.0	0
1352807	1373417	-1.0	0
1373417	1386904	-1.0	0
1386904	1401439	-1.0	0
1401439	1414560	-1.0	0
1414560	1434998	-1.0	0
1434998	1452145	-1.0	0
1452145	1459956	-1.0	0
1459956	1473466	-1.0	0
1473466	1493935	-1.0	0
1493935	1501788	-1.0	0
1501788	1525012	-1.0	0
1525012	1536970	-1.0	0
1536970	1556573	-1.0	0
1556573	1565486	-1.0	0
1565486	1583379	-1.0	0
1583379	1599173	-1.0	0
1599173	1614812	-1.0	0
1614812	1622122	-1.0	0
1622122	1635695	-1.0	0
1635695	1657803	-1.0	0
1657803	1672999	-1.0	0
1672999	1683816	-1.0	0
1683816	1697923	-1.0	0
1697923	1711651	-1.0	0
1711651	1725776	-1.0	0
1725776	1749657	-1.0	0
1749657	1762357	-1.0	0
1762357	1777907	-1.0	0
1777907	1786043	-1.0	0
1786043	1799170	-1.0	0
1799170	1816241	-1.0	0
1816241	1833067	-1.0	0
1833067	1848592	-1.0	0
1848592	1854912	-1.0	0
1854912	1869339	-1.0	0
1869339	1895057	-1.0	0
1895057	1904134	-1.0	0
1904134	1918310	-1.0	0
1918310	1939096	-1.0	0
1939096	1951203	-1.0	0
1951203	1971475	-1.0	0
1971475	1978476	-1.0	0
1978476	1992387	-1.0	0
1992387	2006891	-1.0	0
2006891	2025772	-1.0	0
2025772	2042324	-1.0	0
2042324	2056046	-1.0	0
2056046	2069445	-1.0	0
2069445	2083932	-1.0	0
2083932	2096444	-1.0	0
2096444	2113997	-1.0	0
2113997	2133792	-1.0	0
2133792	2140879	-1.0	0
2140879	2154783	-1.0	0
2154783	2176092	-1.0	0
2176092	2196147	-1.0	0
2196147	2211412	-1.0	0
2211412	2218645	-1.0	0
2218645	2239675	-1.0	0
2239675	2254227	-1.0	0
2254227	2268524	-1.0	0
2268524	2282748	-1.0	0
2282748	2296780	-1.0	0
2296780	2311342	-1.0	0
2311342	2324793	-1.0	0
2324793	2340847	-1.0	0
2340847	2356812	-1.0	0
2356812	2367696	-1.0	0
2367696	2382009	-1.0	0
2382009	2396306	-1.0	0
2396306	2418558	-1.0	0
2418558	2431901	-1.0	0
2431901	2448885	-1.0	0
2448885	2458380	-1.0	0
2458380	2472660	-1.0	0
2472660	2488757	-1.0	0
2488757	2500294	-1.0	0
2500294	2520555	-1.0	0
2520555	2532618	-1.0	0
2532618	2552598	-1.0	0
2552598	2565868	-1.0	0
2565868	2580221	-1.0	0
2580221	2587514	-1.0	0
2587514	2601341	-1.0	0
2601341	2615292	-1.0	0
2615292	2643581	-1.0	0
2643581	2650713	-1.0	0
2650713	2664908	-1.0	0
2664908	2679084	-1.0	0
2679084	2691545	-1.0	0
2691545	2713305	-1.0	0
2713305	2720288	-1.0	0
2720288	2734709	-1.0	0
2734709	2749132	-1.0	0
2749132	2767057	-1.0	0
2767057	2783634	-1.0	0
2783634	2803221	-1.0	0
2803221	2815433	-1.0	0
2815433	2827085	-1.0	0
2827085	2846948	-1.0	0
2846948	2862757	-1.0	0
2862757	2880898	-1.0	0
2880898	2891039	-1.0	0
2891039	2904959	-1.0	0
2904959	2917347	-1.0	0
2917347	2935821	-1.0	0
2935821	2954230	-1.0	0
2954230	2961259	-1.0	0
2961259	2980413	-1.0	0
2980413	2994378	-1.0	0
2994378	3007930	-1.0	0
3007930	3019759	-1.0	0
3019759	3039017	-1.0	0
3039017	3053138	-1.0	0
3053138	3061738	-1.0	0
3061738	3081306	-1.0	0
3081306	3093548	-1.0	0
3093548	3108016	-1.0	0
3108016	3122308	-1.0	0
3122308	3135457	-1.0	0
3135457	3151067	-1.0	0
3151067	3162879	-1.0	0
3162879	3180561	-1.0	0
3180561	3190849	-1.0	0
3190849	3204970	-1.0	0
3204970	3230322	-1.0	0
3230322	3244284	-1.0	0
3244284	3251749	-1.0	0
3251749	3265439	-1.0	0
3265439	3279976	-1.0	0
3279976	3298284	-1.0	0
3298284	3312547	-1.0	0
3312547	3326711	-1.0	0
3326711	3340948	-1.0	0
3340948	3355105	-1.0	0
3355105	3370852	-1.0	0
3370852	3388341	-1.0	0
3388341	3396197	-1.0	0
3396197	3411178	-1.0	0
3411178	3427619	-1.0	0
3427619	3446488	-1.0	0
3446488	3459049	-1.0	0
3459049	3473244	-1.0	0
3473244	3487317	-1.0	0
3487317	3505490	-1.0	0
3505490	3522129	-1.0	0
3522129	3531578	-1.0	0
3531578	3552746	-1.0	0
3552746	3559261	-1.0	0
3559261	3573529	-1.0	0
3573529	3589442	-1.0	0
3589442	3601413	-1.0	0
3601413	3615334	-1.0	0
3615334	3636178	-1.0	0
3636178	3643213	-1.0	0
3643213	3671267	-1.0	0
3671267	3685493	-1.0	0
3685493	3692459	-1.0	0
3692459	3706453	-1.0	0
3706453	3720432	-1.0	0
3720432	3735623	-1.0	0
3735623	3748753	-1.0	0
3748753	3771405	-1.0	0
3771405	3783646	-1.0	0
3783646	3793718	-1.0	0
3793718	3811784	-1.0	0
3811784	3829354	-1.0	0
3829354	3839728	-1.0	0
3839728	3853762	-1.0	0
3853762	3864729	-1.0	0
3864729	3881840	-1.0	0
3881840	3898009	-1.0	0
3898009	3912436	-1.0	0
3912436	3920231	-1.0	0
3920231	3934221	-1.0	0
3934221	3958984	-1.0	0
3958984	3974645	-1.0	0
3974645	3982043	-1.0	0
3982043	3999267	-1.0	0
3999267	4015964	-1.0	0
4015964	4031102	-1.0	0
4031102	4049371	-1.0	0
4049371	4061848	-1.0	0
4061848	4076602	-1.0	0
4076602	4084519	-1.0	0
4084519	4106298	-1.0	0
4106298	4115148	-1.0	0
4115148	4134290	-1.0	0
4134290	4141351	-1.0	0
4141351	4155644	-1.0	0
4155644	4175970	-1.0	0
4175970	4187976	-1.0	0
4187976	4207715	-1.0	0
4207715	4215930	-1.0	0
4215930	4229611	-1.0	0
4229611	4246855	-1.0	0
4246855	4260909	-1.0	0
4260909	4281990	-1.0	0
4281990	4296037	-1.0	0
4296037	4304841	-1.0	0
4304841	4318974	-1.0	0
4318974	4331220	-1.0	0
4331220	4345584	-1.0	0
4345584	4359635	-1.0	0
4359635	4373606	-1.0	0
4373606	4394872	-1.0	0
4394872	4408131	-1.0	0
4408131	4428357	-1.0	0
4428357	4436513	-1.0	0
4436513	4450917	-1.0	0
4450917	4472795	-1.0	0
4472795	4484725	-1.0	0
4484725	4496222	-1.0	0
4496222	4510867	-1.0	0
4510867	4519159	-1.0	0
4519159	4541040	-1.0	0
4541040	4553700	-1.0	0
4553700	4571846	-1.0	0
4571846	4580949	-1.0	0
4580949	4594050	-1.0	0
4594050	4611983	-1.0	0
4611983	4625487	-1.0	0
4625487	4645360	-1.0	0
4645360	4653981	-1.0	0
4653981	4668064	-1.0	0
4668064	4684627	-1.0	0
4684627	4698424	-1.0	0
4698424	4718520	-1.0	0
4718520	4725985	-1.0	0
4725985	4739992	-1.0	0
4739992	4756664	-1.0	0
4756664	4772922	-1.0	0
4772922	4786737	-1.0	0
4786737	4800194	-1.0	0
4800194	4813040	-1.0	0
4813040	4829301	-1.0	0
4829301	4840352	-1.0	0
4840352	4855471	-1.0	0
4855471	4869445	-1.0	0
4869445	4883512	-1.0	0
4883512	4907733	-1.0	0
4907733	4917434	-1.0	0
4917434	4938327	-1.0	0
4938327	4947166	-1.0	0
4947166	4962808	-1.0	0
4962808	4977274	-1.0	0
4977274	4991037	-1.0	0
4991037	5005030	-1.0	0
5005030	5019378	-1.0	0
5019378	5039394	-1.0	0
5039394	5054502	-1.0	0
5054502	5068372	-1.0	0
5068372	5082509	-1.0	0
5082509	5096550	-1.0	0
5096550	5110790	-1.0	0
5110790	5131832	-1.0	0
5131832	5144005	-1.0	0
5144005	5154978	-1.0	0
5154978	5169124	-1.0	0
5169124	5183966	-1.0	0
5183966	5204930	-1.0	0
5204930	5211424	-1.0	0
5211424	5223626	-1.0	0
5223626	5243779	-1.0	0
5243779	5252061	-1.0	0
5252061	5279793	-1.0	0
5279793	5294505	-1.0	0
5294505	5308654	-1.0	0
5308654	5322692	-1.0	0
5322692	5337493	-1.0	0
5337493	5351385	-1.0	0
5351385	5364980	-1.0	0
5364980	5378949	-1.0	0
5378949	5393119	-1.0	0
5393119	5406972	-1.0	0
5406972	5427929	-1.0	0
5427929	5436965	-1.0	0
5436965	5455882	-1.0	0
5455882	5463944	-1.0	0
5463944	5477719	-1.0	0
5477719	5498284	-1.0	0
5498284	5515234	-1.0	0
5515234	5524527	-1.0	0
5524527	5537782	-1.0	0
5537782	5551719	-1.0	0
5551719	5575185	-1.0	0
5575185	5582244	-1.0	0
5582244	5596243	-1.0	0
5596243	5617669	-1.0	0
5617669	5630352	-1.0	0
5630352	5645731	-1.0	0
5645731	5657671	-1.0	0
5657671	5670269	-1.0	0
5670269	5688906	-1.0	0
5688906	5698015	-1.0	0
5698015	5715579	-1.0	0
5715579	5726485	-1.0	0
5726485	5740947	-1.0	0
5740947	5753073	-1.0	0
5753073	5768879	-1.0	0
5768879	5786177	-1.0	0
5786177	5800570	-1.0	0
5800570	5814573	-1.0	0
5814573	5828529	-1.0	0
5828529	5848371	-1.0	0
5848371	5866680	-1.0	0
5866680	5873764	-1.0	0
5873764	5887342	-1.0	0
5887342	5909235	-1.0	0
5909235	5917471	-1.0	0
5917471	5939120	-1.0	0
5939120	5953974	-1.0	0
5953974	5965493	-1.0	0
5965493	5977550	-1.0	0
5977550	5984729	-1.0	0
5984729	6002514	-1.0	0
6002514	6006057	-1.0	0
6006057	6022159	-1.0	0
6022159	6029091	-1.0	0
6029091	6042663	-1.0	0
6042663	6064456	-1.0	0
6064456	6082117	-1.0	0
6082117	6092103	-1.0	0
6092103	6106158	-1.0	0
6106158	6124263	-1.0	0
6124263	6136332	-1.0	0
6136332	6149371	-1.0	0
6149371	6163201	-1.0	0
6163201	6176810	-1.0	0
6176810	6190407	-1.0	0
6190407	6211290	-1.0	0
6211290	6220441	-1.0	0
6220441	6233966	-1.0	0
6233966	6253322	-1.0	0
6253322	6262583	-1.0	0
6262583	6282512	-1.0	0
6282512	6296090	-1.0	0
6296090	6310058	-1.0	0
6310058	6324675	-1.0	0
6324675	6337883	-1.0	0
6337883	6354310	-1.0	0
6354310	6367022	-1.0	0
6367022	6384226	-1.0	0
6384226	6399012	-1.0	0
6399012	6410249	-1.0	0
6410249	6428277	-1.0	0
6428277	6445605	-1.0	0
6445605	6452836	-1.0	0
6452836	6474320	-1.0	0
6474320	6488353	-1.0	0
6488353	6502638	-1.0	0
6502638	6515344	-1.0	0
6515344	6529109	-1.0	0
6529109	6543630	-1.0	0
6543630	6558435	-1.0	0
6558435	6580453	-1.0	0
6580453	6589358	-1.0	0
6589358	6603132	-1.0	0
6603132	6623161	-1.0	0
6623161	6631006	-1.0	0
6631006	6651591	-1.0	0
6651591	6664256	-1.0	0
6664256	6678736	-1.0	0
6678736	6692413	-1.0	0
6692413	6706537	-1.0	0
6706537	7465988	-1.0	0
7465988	7477188	1335.6	0
7477188	7500695	1334.0	0
7500695	7524256	1337.2	0
7524256	7537614	1304.1	0
7537614	7542764	1309.5	0
7542764	7553435	1313.6	0
7553435	7563496	1307.9	0
7563496	7581386	1307.9	0
7581386	7598589	1321.2	0
7598589	7613405	1317.6	0
7613405	7621731	1322.4	0
7621731	7636529	1322.0	0
7636529	7667671	1324.8	0
7667671	7675546	1321.0	0
7675546	7690851	1322.0	0
7690851	7706236	1324.4	0
7706236	7729340	1302.5	0
7729340	7751570	1291.7	0
7751570	7765144	1291.9	0
7765144	7773072	1287.8	0
7773072	7795229	1293.5	0
7795229	7802893	1294.5	0
7802893	7823376	1295.1	0
7823376	7838883	1294.3	0
7838883	7862593	1294.3	0
7862593	7875260	1291.7	0
7875260	7892583	1293.7	0
7892583	7909221	1291.1	0
7909221	7922927	1291.3	0
7922927	7938090	1288.2	0
7938090	7958285	1291.9	0
7958285	7967365	1292.1	0
7967365	7985499	1293.9	0
7985499	8004957	1291.5	0
8004957	8013616	1287.2	0
8013616	8035017	1281.6	0
8035017	8043095	1282.0	0
8043095	8075355	1278.8	0
8075355	8082155	1286.4	0
8082155	8097996	1288.0	0
8097996	8113223	1285.0	0
8113223	8126658	1285.4	0
8126658	8157425	1287.6	0
8157425	8161446	1288.4	0
8161446	8177004	1285.8	0
8177004	8197216	1287.8	0
8197216	8208662	1287.2	0
8208662	8238124	1286.4	0
8238124	8247864	1286.6	0
8247864	8263545	1287.6	0
8263545	8279502	1287.0	0
8279502	8295368	1288.0	0
8295368	8316466	1289.9	0
8316466	8329361	1286.4	0
8329361	8344803	1287.2	0
8344803	8361636	1287.0	0
8361636	8382406	1287.2	0
8382406	8398011	1285.0	0
8398011	8418458	1285.4	0
8418458	8429437	1286.6	0
8429437	8445064	1288.2	0
8445064	8458906	1283.0	0
8458906	8480967	1285.6	0
8480967	8495604	1287.0	0
8495604	8508713	1284.6	0
8508713	8532265	1283.4	0
8532265	8540575	1282.8	0
8540575	8563534	1281.6	0
8563534	8586469	1285.2	0
8586469	8591576	1287.6	0
8591576	8613272	1287.8	0
8613272	8623497	1290.5	0
8623497	8643347	1286.6	0
8643347	8658368	1286.0	0
8658368	8681793	1285.4	0
8681793	8698644	1278.6	0
8698644	8713335	1280.0	0
8713335	8731374	1281.4	0
8731374	8741010	1286.0	0
8741010	8762119	1283.8	0
8762119	8771082	1286.4	0
8771082	8786836	1287.2	0
8786836	8807907	1288.4	0
8807907	8823710	1294.7	0
8823710	8847325	1290.3	0
8847325	8855194	1291.7	0
8855194	8878211	1292.1	0
8878211	8901489	1288.0	0
8901489	8908384	1287.8	0
8908384	8924563	1285.0	0
8924563	8939531	1284.0	0
8939531	8961101	1284.2	0
8961101	8977153	1285.2	0
8977153	8992470	1279.0	0
8992470	9005838	1280.2	0
9005838	9021705	1279.2	0
9021705	9045310	1282.4	0
9045310	9068120	1284.4	0
9068120	9080489	1283.0	0
9080489	9094569	1284.0	0
9094569	9105956	1282.6	0
9105956	9121677	1284.2	0
9121677	9140595	1279.0	0
9140595	9156084	1279.2	0
9156084	9171876	1277.0	0
9171876	9187941	1278.4	0
9187941	9211621	1284.6	0
9211621	9231249	1283.2	0
9231249	9239320	1277.8	0
9239320	9262335	1274.0	0
9262335	9275555	1273.4	0
9275555	9284128	1278.8	0
9284128	9305848	1282.8	0
9305848	9321141	1282.4	0
9321141	9336674	1279.6	0
9336674	9352751	1280.0	0
9352751	9367533	1282.0	0
9367533	9387772	1278.0	0
9387772	9403246	1283.4	0
9403246	9428216	1277.6	0
9428216	9440645	1281.8	0
9440645	9449845	1278.8	0
9449845	9472218	1277.6	0
9472218	9495655	1278.6	0
9495655	9503638	1276.6	0
9503638	9527642	1274.6	0
9527642	9533687	1275.8	0
9533687	9567879	1277.4	0
9567879	9580463	-1.0	0
9580463	9591170	-1.0	0
9591170	9599298	-1.0	0
9599298	9612412	-1.0	0
9612412	9640970	1223.7	0
9640970	9659661	1242.5	0
9659661	9671051	1252.0	0
9671051	9694123	1273.2	0
9694123	9702155	1288.6	0
9702155	9719515	1291.5	0
9719515	9733796	1289.8	0
9733796	9749319	1301.9	0
9749319	9764762	1296.5	0
9764762	9782848	1297.5	0
9782848	9803168	1294.9	0
9803168	9819593	1283.2	0
9819593	9834730	1296.1	0
9834730	9845153	1286.4	0
9845153	9858852	1275.0	0
9858852	9884946	1276.6	0
9884946	9906424	1274.8	0
9906424	9920976	1268.6	0
9920976	9930395	1274.0	0
9930395	9948420	1277.4	0
9948420	9967013	1276.4	0
9967013	9982986	1277.0	0
9982986	10002506	1275.0	0
10002506	10015952	1277.4	0
10015952	10026942	1275.2	0
10026942	10052362	1274.6	0
10052362	10068075	1278.0	0
10068075	10084374	1276.8	0
10084374	10099540	1277.4	0
10099540	10114946	1276.2	0
10114946	10133853	1275.8	0
10133853	10149052	1275.4	0
10149052	10165886	1276.2	0
10165886	10181535	1278.2	0
10181535	10198753	1282.4	0
10198753	10222169	1284.0	0
10222169	10229941	1288.2	0
10229941	10244800	1292.7	0
10244800	10260436	1293.1	0
10260436	10276487	1286.0	0
10276487	10300682	1285.4	0
10300682	10312695	1281.2	0
10312695	10328737	1279.4	0
10328737	10344805	1285.2	0
10344805	10360110	1284.6	0
10360110	10384408	1285.0	0
10384408	10405510	1288.6	0
10405510	10415772	1291.3	0
10415772	10436408	1289.5	0
10436408	10452740	1294.1	0
10452740	10469585	1295.5	0
10469585	10482652	1303.1	0
10482652	10497403	1303.7	0
10497403	10513711	1306.3	0
10513711	10528811	1305.1	0
10528811	10552331	1300.9	0
10552331	10570560	1293.9	0
10570560	10579163	1294.9	0
10579163	10602613	1293.1	0
10602613	10616621	1288.6	0
10616621	10640040	1291.7	0
10640040	10651083	1285.0	0
10651083	10665436	1288.0	0
10665436	10681848	1293.1	0
10681848	10697036	1291.1	0
10697036	10717302	1292.5	0
10717302	10732912	1294.9	0
10732912	10748543	1293.3	0
10748543	10764223	1292.3	0
10764223	10785083	1293.5	0
10785083	10811121	1292.1	0
10811121	10815118	1293.5	0
10815118	10835433	1290.9	0
10835433	10847690	1292.5	0
10847690	10863258	1288.4	0
10863258	10881526	1285.2	0
10881526	10904154	1278.2	0
10904154	10912753	1282.2	0
10912753	10928405	1282.4	0
10928405	10952235	1279.4	0
10952235	10971493	1279.0	0
10971493	10985937	1284.2	0
10985937	11000354	1286.0	0
11000354	11017141	1283.6	0
11017141	11032608	1291.3	0
11032608	11052454	1287.8	0
11052454	11068102	1291.9	0
11068102	11084234	1290.3	0
11084234	11107032	1287.2	0
11107032	11121194	1286.0	0
11121194	11137929	1288.0	0
11137929	11148683	1286.0	0
11148683	11164703	1286.6	0
11164703	11179496	1287.0	0
11179496	11194136	1286.6	0
11194136	11215030	1285.2	0
11215030	11225910	1290.3	0
11225910	11242185	1286.8	0
11242185	11256049	1286.2	0
11256049	11270873	1284.4	0
11270873	11294021	1283.4	0
11294021	11307464	1282.4	0
11307464	11323510	1279.8	0
11323510	11340093	1279.6	0
11340093	11354891	1278.4	0
11354891	11378909	1281.6	0
11378909	11391085	1282.0	0
11391085	11408000	1278.6	0
11408000	11422385	1279.0	0
11422385	11444956	1282.4	0
11444956	11463443	1285.2	0
11463443	11485051	1284.2	0
11485051	11501453	1288.0	0
11501453	11510838	1285.4	0
11510838	11534156	1290.9	0
11534156	11552156	1288.8	0
11552156	11565320	1287.2	0
11565320	11588753	1290.3	0
11588753	11603044	1285.0	0
11603044	11614796	1283.2	0
11614796	11635613	1283.4	0
11635613	11655571	1292.5	0
11655571	11666739	1287.4	0
11666739	11679739	1278.4	0
11679739	11697331	1278.4	0
11697331	11732675	1279.2	0
11732675	11753696	1283.4	0
11753696	11771649	1276.2	0
11771649	11782258	1275.0	0
11782258	11800528	1272.2	0
11800528	11823531	1275.2	0
11823531	11833318	1274.6	0
11833318	11849484	1275.2	0
11849484	11865308	1276.4	0
11865308	11889082	1271.4	0
11889082	11908544	1272.4	0
11908544	11917110	1271.2	0
11917110	11932742	1275.4	0
11932742	11956409	1272.8	0
11956409	11972469	1271.8	0
11972469	11986638	1273.0	0
11986638	12009647	1273.0	0
12009647	12024030	1274.4	0
12024030	12034027	1272.4	0
12034027	12053676	1273.2	0
12053676	12068923	1272.8	0
12068923	12084765	1271.0	0
12084765	12101801	1272.4	0
12101801	12117096	1271.2	0
12117096	12139327	1276.0	0
12139327	12153364	1273.6	0
12153364	12169382	1274.6	0
12169382	12190329	1272.0	0
12190329	12199692	1274.2	0
12199692	12220500	1273.8	0
12220500	12241543	1267.0	0
12241543	12248745	1273.6	0
12248745	12270905	1272.4	0
12270905	12311360	1272.4	0
12311360	12320686	1278.6	0
12320686	12337689	1281.8	0
12337689	12353028	1285.0	0
12353028	12372653	1287.2	0
12372653	12395610	1287.8	0
12395610	12411214	1288.2	0
12411214	12419023	1286.6	0
12419023	12434752	1282.8	0
12434752	12458225	1274.6	0
12458225	12474795	1269.0	0
12474795	12486698	1274.8	0
12486698	12504358	1274.8	0
12504358	12517097	1277.8	0
12517097	12541342	1278.4	0
12541342	12560595	1276.6	0
12560595	12575013	1276.8	0
12575013	12590248	1276.6	0
12590248	12606272	1276.4	0
12606272	12622325	1273.8	0
12622325	12646359	1270.8	0
12646359	12655617	1271.8	0
12655617	12671733	1278.8	0
12671733	12685007	1278.2	0
12685007	12702872	1278.0	0
12702872	12728285	1267.0	0
12728285	12749944	1272.8	0
12749944	12764057	1275.0	0
12764057	12779709	1272.8	0
12779709	12791516	1266.6	0
12791516	12810275	1263.8	0
12810275	12825125	1266.0	0
12825125	12846870	1271.6	0
12846870	12858305	1271.0	0
12858305	12873138	1271.6	0
12873138	12898193	1268.2	0
12898193	12906018	1273.6	0
12906018	12922451	1269.2	0
12922451	12939140	1274.6	0
12939140	12960326	1273.8	0
12960326	12985716	1273.8	0
12985716	12989673	1271.8	0
12989673	13005287	1279.6	0
13005287	13027847	1277.6	0
13027847	13038435	1274.6	0
13038435	13064422	1278.6	0
13064422	13077433	1271.8	0
13077433	13093868	1278.0	0
13093868	13110306	1278.2	0
13110306	13125779	1276.4	0
13125779	13150401	1275.4	0
13150401	13161199	1275.2	0
13161199	13177405	1276.4	0
13177405	13193842	1276.0	0
13193842	13210303	1276.0	0
13210303	13228759	1276.4	0
13228759	13243927	1276.8	0
13243927	13267973	1277.2	0
13267973	13282990	1276.2	0
13282990	13298757	1275.2	0
13298757	13316634	1276.4	0
13316634	13329925	1280.8	0
13329925	13345643	1278.2	0
13345643	13361299	1277.8	0
13361299	13375264	1281.6	0
13375264	13400428	1277.8	0
13400428	13416106	1275.4	0
13416106	13431728	1274.0	0
13431728	13446917	1273.4	0
13446917	13466138	1268.6	0
13466138	13485777	1273.0	0
13485777	13501238	1273.6	0
13501238	13516749	1274.0	0
13516749	13532831	1275.2	0
13532831	13549190	1275.0	0
13549190	13568514	1275.0	0
13568514	13580474	1269.0	0
13580474	13596107	1263.6	0
13596107	13611754	1266.8	0
13611754	13635036	1271.6	0
13635036	13656566	1274.0	0
13656566	13671944	1274.8	0
13671944	13682225	1272.2	0
13682225	13696648	1272.4	0
13696648	13713319	1273.0	0
13713319	13736927	1277.8	0
13736927	13753068	1286.2	0
13753068	13776195	1288.8	0
13776195	13789277	1282.2	0
13789277	13806656	1291.5	0
13806656	13830197	1290.7	0
13830197	13844719	1285.8	0
13844719	13862263	1285.0	0
13862263	13870093	1281.8	0
13870093	13885757	1286.0	0
13885757	13907415	1284.6	0
13907415	13921822	1285.0	0
13921822	13940053	1282.2	0
13940053	13952330	1278.2	0
13952330	13968738	1279.4	0
13968738	13989476	1275.0	0
13989476	14008970	1275.4	0
14008970	14023693	1271.6	0
14023693	14032280	1268.0	0
14032280	14049833	1268.4	0
14049833	14071902	1275.0	0
14071902	14094099	1274.0	0
14094099	14101518	1277.8	0
14101518	14115497	1278.2	0
14115497	14132784	1272.8	0
14132784	14158856	1272.4	0
14158856	14171515	1274.0	0
14171515	14189596	1275.6	0
14189596	14204646	1276.6	0
14204646	14224756	1276.2	0
14224756	14247988	1275.4	0
14247988	14255234	1271.8	0
14255234	14272774	1276.0	0
14272774	14292191	1272.0	0
14292191	14310179	1272.6	0
14310179	14333217	1272.8	0
14333217	14344300	1267.6	0
14344300	14358355	1273.6	0
14358355	14375691	1275.0	0
14375691	14391963	1277.8	0
14391963	14417088	1272.4	0
14417088	14423089	1279.6	0
14423089	14439486	1271.8	0
14439486	14455832	1269.0	0
14455832	14471848	1267.2	0
14471848	14494849	1267.0	0
14494849	14508868	1265.8	0
14508868	14526268	1267.2	0
14526268	14541915	1265.8	0
14541915	14564415	1265.4	0
14564415	14581083	1266.8	0
14581083	14594890	1267.2	0
14594890	14610246	1265.2	0
14610246	14627856	1259.4	0
14627856	14643050	1254.8	0
14643050	14662900	1254.2	0
14662900	14674936	1258.2	0
14674936	14697813	1257.8	0
14697813	14706245	1258.4	0
14706245	14729468	1256.8	0
14729468	14750927	1269.0	0
14750927	14767305	1264.0	0
14767305	14774696	1265.4	0
14774696	14790917	1263.0	0
14790917	14807855	1267.0	0
14807855	14830789	1264.8	0
14830789	14853940	1264.8	0
14853940	14862656	1263.0	0
14862656	14886176	1269.2	0
14886176	14894797	1272.2	0
14894797	14915257	1273.6	0
14915257	14926485	1276.6	0
14926485	14949903	1274.6	0
14949903	14964318	1277.0	0
14964318	14981107	1276.4	0
14981107	14999963	1274.2	0
14999963	15014823	1278.2	0
15014823	15036209	1276.8	0
15036209	15048657	1279.2	0
15048657	15062817	1278.8	0
15062817	15082054	1278.6	0
15082054	15098379	1282.4	0
15098379	15113038	1278.2	0
15113038	15129942	1278.2	0
15129942	15148094	1277.2	0
15148094	15173413	1276.2	0
15173413	15184320	1279.8	0
15184320	15199710	1280.0	0
15199710	15209823	1283.6	0
15209823	15224277	1282.4	0
15224277	15248090	1277.6	0
15248090	15267244	1232.3	0
15267244	15284097	1233.1	0
15284097	15298854	1239.7	0
15298854	15308335	1238.9	0
15308335	15340326	1248.0	0
15340326	15348173	1250.4	0
15348173	15364355	1260.4	0
15364355	15380430	1265.0	0
15380430	15397646	1274.8	0
15397646	15418288	1277.8	0
15418288	15437933	1296.9	0
15437933	15448068	1298.1	0
15448068	15470519	1296.3	0
15470519	15479892	1277.4	0
15479892	15499571	1290.7	0
15499571	15514791	1291.7	0
15514791	15529597	1281.8	0
15529597	15536888	1223.9	0
15536888	15554126	1223.7	0
15554126	15561219	1250.2	0
15561219	15576870	1247.3	0
15576870	15587491	1247.7	0
15587491	15601533	1244.5	0
15601533	15624544	1244.1	0
15624544	15635691	1228.7	0
15635691	15655551	1222.3	0
15655551	15679722	1224.3	0
15679722	15694117	1229.1	0
15694117	15703956	1238.7	0
15703956	15725255	1233.5	0
15725255	15748642	1233.7	0
15748642	15766936	1233.5	0
15766936	15775286	1230.3	0
15775286	15797767	1238.9	0
15797767	15813933	1242.7	0
15813933	15829590	1239.9	0
15829590	15847589	1254.8	0
15847589	15859734	1255.8	0
15859734	15874794	1265.0	0
15874794	15891010	1264.4	0
15891010	15915292	1260.8	0
15915292	15924045	1256.8	0
15924045	15940325	1257.2	0
15940325	15957094	1256.2	0
15957094	15973676	1255.0	0
15973676	15997145	1255.6	0
15997145	16019722	1255.6	0
16019722	16029447	1254.8	0
16029447	16044791	1251.6	0
16044791	16060934	1251.0	0
16060934	16084325	1251.6	0
16084325	16104640	1249.2	0
16104640	16119399	1257.2	0
16119399	16137158	1257.6	0
16137158	16146720	1261.2	0
16146720	16166622	1263.2	0
16166622	16181352	1259.2	0
16181352	16196615	1258.2	0
16196615	16212259	1256.2	0
16212259	16230366	1251.2	0
16230366	16251402	1252.6	0
16251402	16266860	1250.2	0
16266860	16282510	1251.6	0
16282510	16298860	1255.2	0
16298860	16315058	1266.4	0
16315058	16341560	1267.2	0
16341560	16351858	1270.4	0
16351858	16375132	1267.2	0
16375132	16384450	1273.6	0
16384450	16419568	1274.2	0
16419568	16436083	1275.6	0
16436083	16451751	1274.2	0
16451751	16468307	1274.6	0
16468307	16490710	1274.0	0
16490710	16511279	1272.4	0
16511279	16520032	1267.8	0
16520032	16541608	1265.6	0
16541608	16551476	1268.6	0
16551476	16573451	1274.2	0
16573451	16595311	1268.8	0
16595311	16601785	1272.0	0
16601785	16627042	1267.4	0
16627042	16640595	1264.0	0
16640595	16654697	1263.4	0
16654697	16677953	1264.6	0
16677953	16685551	1264.8	0
16685551	16699976	1265.0	0
16699976	16717825	1264.6	0
16717825	16733741	1267.6	0
16733741	16753569	1266.2	0
16753569	16767852	1266.8	0
16767852	16785589	1265.4	0
16785589	16802010	1270.8	0
16802010	16822862	1267.2	0
16822862	16842303	1265.0	0
16842303	16852106	1261.8	0
16852106	16867923	1258.2	0
16867923	16892315	1259.0	0
16892315	16901417	1264.4	0
16901417	16922906	1265.2	0
16922906	16938722	1260.8	0
16938722	16954588	1261.2	0
16954588	16970747	1261.0	0
16970747	16983546	1263.6	0
16983546	17008036	1266.4	0
17008036	17026919	1263.6	0
17026919	17038047	1266.4	0
17038047	17078932	1271.0	0
17078932	17101325	1266.8	0
17101325	17116962	1268.8	0
17116962	17127649	1272.0	0
17127649	17142880	1268.8	0
17142880	17159395	1264.4	0
17159395	17178770	1262.6	0
17178770	17199039	1260.6	0
17199039	17206912	1257.8	0
17206912	17223898	1255.8	0
17223898	17240331	1258.4	0
17240331	17262409	1256.8	0
17262409	17282614	1258.2	0
17282614	17293088	1257.2	0
17293088	17314673	1258.0	0
17314673	17333169	1260.2	0
17333169	17349964	1259.8	0
17349964	17361690	1258.6	0
17361690	17377159	1262.8	0
17377159	17393289	1260.4	0
17393289	17411535	1256.0	0
17411535	17438792	1257.4	0
17438792	17451413	1265.4	0
17451413	17466389	1263.4	0
17466389	17482461	1265.0	0
17482461	17507233	1269.2	0
17507233	17522593	1259.8	0
17522593	17538448	1260.8	0
17538448	17554274	1257.8	0
17554274	17569867	1259.0	0
17569867	17587323	1259.0	0
17587323	17607525	1257.8	0
17607525	17623381	1255.6	0
17623381	17640774	1256.8	0
17640774	17664341	1255.6	0
17664341	17672553	1252.6	0
17672553	17697505	1255.0	0
17697505	17709029	1259.8	0
17709029	17732182	1259.6	0
17732182	17740680	1257.4	0
17740680	17758692	1257.8	0
17758692	17783564	1261.2	0
17783564	17799765	1261.6	0
17799765	17809358	1264.6	0
17809358	17823575	1260.8	0
17823575	17840292	1261.4	0
17840292	17868001	1260.8	0
17868001	17880451	1264.0	0
17880451	17891144	1264.4	0
17891144	17905144	1263.4	0
17905144	17923125	1259.8	0
17923125	17946211	1264.4	0
17946211	17957704	1258.8	0
17957704	17973601	1262.8	0
17973601	17990681	1263.8	0
17990681	18007399	1260.6	0
18007399	18038231	1254.8	0
18038231	18048895	1249.2	0
18048895	18063962	1250.0	0
18063962	18079785	1254.2	0
18079785	18096860	1254.0	0
18096860	18116687	1251.4	0
18116687	18133295	1249.0	0
18133295	18155839	1252.2	0
18155839	18165345	1257.6	0
18165345	18187553	1261.2	0
18187553	18211358	1266.4	0
18211358	18219228	1264.2	0
18219228	18234550	1264.0	0
18234550	18251143	1260.0	0
18251143	18266638	1250.2	0
18266638	18288764	1248.4	0
18288764	18305126	1240.7	0
18305126	18321960	1247.0	0
18321960	18337754	1253.8	0
18337754	18354410	1250.4	0
18354410	18378841	1252.6	0
18378841	18392528	1249.2	0
18392528	18402262	1250.6	0
18402262	18417290	1252.8	0
18417290	18440576	1255.4	0
18440576	18464328	1255.8	0
18464328	18477034	1256.0	0
18477034	18491342	1257.0	0
18491342	18513070	1254.0	0
18513070	18523389	1254.6	0
18523389	18543349	1257.4	0
18543349	18559054	1266.2	0
18559054	18582793	1256.8	0
18582793	18598571	1254.4	0
18598571	18608974	1254.6	0
18608974	18635298	1258.2	0
18635298	18647164	1260.4	0
18647164	18668489	1255.0	0
18668489	18679556	1249.6	0
18679556	18694105	1249.8	0
18694105	18713793	1256.0	0
18713793	18732601	1255.0	0
18732601	18754125	1258.2	0
18754125	18764181	1248.8	0
18764181	18780026	1248.6	0
18780026	18800295	1242.7	0
18800295	18812285	1247.0	0
18812285	18835249	1242.9	0
18835249	18851376	1242.9	0
18851376	18860798	1249.6	0
18860798	18887701	1251.2	0
18887701	18904263	1248.4	0
18904263	18920605	1247.0	0
18920605	18936275	1252.0	0
18936275	18953435	1254.6	0
18953435	18974057	1257.2	0
18974057	18989396	1256.4	0
18989396	19011474	1259.2	0
19011474	19022191	1251.6	0
19022191	19037982	1251.4	0
19037982	19058846	1248.4	0
19058846	19073782	1244.1	0
19073782	19090084	1248.8	0
19090084	19106957	1249.8	0
19106957	19122680	1247.6	0
19122680	19150460	1247.4	0
19150460	19158757	1249.4	0
19158757	19181974	1251.6	0
19181974	19198535	1250.6	0
19198535	19208553	1246.3	0
19208553	19236516	1248.0	0
19236516	19245458	1248.2	0
19245458	19261652	1244.3	0
19261652	19278683	1245.3	0
19278683	19295743	1243.5	0
19295743	19314378	1245.5	0
19314378	19327512	1248.2	0
19327512	19350597	1250.0	0
19350597	19362134	1251.4	0
19362134	19377871	1251.0	0
19377871	19406264	1251.4	0
19406264	19417741	1248.6	0
19417741	19439563	1251.4	0
19439563	19456163	1252.6	0
19456163	19472030	1252.2	0
19472030	19490221	1251.0	0
19490221	19503030	1249.4	0
19503030	19519098	1248.8	0
19519098	19534511	1252.2	0
19534511	19551915	1247.6	0
19551915	19572715	1250.8	0
19572715	19583305	1253.8	0
19583305	19600698	1245.5	0
19600698	19616589	1251.0	0
19616589	19639543	1250.4	0
19639543	19657439	1249.8	0
19657439	19673221	1249.8	0
19673221	19691104	1250.0	0
19691104	19714046	1248.4	0
19714046	19728203	1245.1	0
19728203	19749996	1243.3	0
19749996	19759500	1240.5	0
19759500	19784134	1239.9	0
19784134	19798610	1238.5	0
19798610	19814898	1240.7	0
19814898	19832375	1241.7	0
19832375	19848148	1240.7	0
19848148	19870024	1243.7	0
19870024	19878743	1243.1	0
19878743	19896973	1244.9	0
19896973	19918738	1244.9	0
19918738	19933281	1242.5	0
19933281	19955084	1250.4	0
19955084	19964913	1259.8	0
19964913	19988707	1261.6	0
19988707	20006192	1255.0	0
20006192	20021475	1259.6	0
20021475	20037120	1256.6	0
20037120	20053777	1258.8	0
20053777	20070275	1265.4	0
20070275	20095631	1264.2	0
20095631	20106729	1266.0	0
20106729	20123228	1267.0	0
20123228	20138158	1268.6	0
20138158	20160016	1271.8	0
20160016	20183549	1261.4	0
20183549	20189622	1266.0	0
20189622	20209883	1267.4	0
20209883	20223091	1263.6	0
20223091	20235729	1266.0	0
20235729	20259080	1268.8	0
20259080	20273325	1275.8	0
20273325	20289147	1275.4	0
20289147	20305054	1274.6	0
20305054	20322777	1274.2	0
20322777	20347459	1273.0	0
20347459	20365611	1273.2	0
20365611	20373987	1274.2	0
20373987	20389188	1276.8	0
20389188	20406967	1277.6	0
20406967	20425136	1279.0	0
20425136	20439382	1274.0	0
20439382	20455242	1275.2	0
20455242	20478088	1282.4	0
20478088	20489584	1286.0	0
20489584	20515807	1283.6	0
20515807	20520079	1284.6	0
20520079	20534354	1283.4	0
20534354	20550163	1279.4	0
20550163	20567337	1279.2	0
20567337	20592179	1279.6	0
20592179	20603211	1276.2	0
20603211	20625693	1275.8	0
20625693	20641555	1274.4	0
20641555	20652224	1271.8	0
20652224	20676069	1271.8	0
20676069	20686817	1275.2	0
20686817	20701747	1278.4	0
20701747	20726433	1278.6	0
20726433	20741748	1277.6	0
20741748	20762762	1275.0	0
20762762	20773520	1278.6	0
20773520	20796480	1275.4	0
20796480	20806744	1268.0	0
20806744	20823424	1271.0	0
20823424	20848003	1271.2	0
20848003	20857567	1268.0	0
20857567	20873367	1273.0	0
20873367	20897149	1274.2	0
20897149	20912268	1273.8	0
20912268	20928677	1272.8	0
20928677	20942180	1271.4	0
20942180	20956035	1268.8	0
20956035	20972793	1273.2	0
20972793	20991511	1274.2	0
20991511	21014588	1271.2	0
21014588	21025192	1273.0	0
21025192	21045332	1274.2	0
21045332	21062780	1272.2	0
21062780	21072495	1278.0	0
21072495	21094186	1272.8	0
21094186	21109305	1274.4	0
21109305	21130561	1275.8	0
21130561	21147907	1281.8	0
21147907	21157291	1274.4	0
21157291	21181350	1274.6	0
21181350	21192056	1284.2	0
21192056	21214446	1285.2	0
21214446	21224799	1294.1	0
21224799	21246156	1287.2	0
21246156	21260830	1291.5	0
21260830	21275863	1295.1	0
21275863	21291326	1295.3	0
21291326	21307075	1296.3	0
21307075	21329009	1296.5	0
21329009	21342834	1297.5	0
21342834	21362236	1301.1	0
21362236	21378790	1303.1	0
21378790	21388365	1300.3	0
21388365	21404909	1303.7	0
21404909	21424409	1300.7	0
21424409	21438647	1303.1	0
21438647	21453437	1305.9	0
21453437	21475110	1307.3	0
21475110	21490409	1305.9	0
21490409	21505580	1307.3	0
21505580	21519325	1307.7	0
21519325	21535728	1311.4	0
21535728	21551351	1304.9	0
21551351	21566609	1300.3	0
21566609	21588849	1300.7	0
21588849	21601608	1296.9	0
21601608	21617380	1294.7	0
21617380	21631952	1295.5	0
21631952	21650403	1295.5	0
21650403	21670256	1297.7	0
21670256	21682583	1293.5	0
21682583	21698269	1291.5	0
21698269	21713477	1293.3	0
21713477	21728614	1294.3	0
21728614	21749807	1296.9	0
21749807	21761287	1294.1	0
21761287	21784050	1294.3	0
21784050	21792124	1296.7	0
21792124	21807196	1295.5	0
21807196	21837472	1296.5	0
21837472	21846726	1295.1	0
21846726	21862320	1294.7	0
21862320	21872251	1293.1	0
21872251	21887852	1292.9	0
21887852	21916279	1295.3	0
21916279	21930039	1295.1	0
21930039	21945918	1293.9	0
21945918	21955495	1294.3	0
21955495	21976885	1292.5	0
21976885	21988227	1271.4	0
21988227	22004878	1226.7	0
22004878	22014519	1235.3	0
22014519	22027700	1231.1	0
22027700	22041299	1222.3	0
22041299	22058170	1229.1	0
22058170	22081157	1238.5	0
22081157	22097022	1262.8	0
22097022	22108283	1276.2	0
22108283	22126541	1284.6	0
22126541	22139678	1291.7	0
22139678	22155226	1295.1	0
22155226	22169681	1294.1	0
22169681	22185320	1304.5	0
22185320	22214484	1301.3	0
22214484	22225463	1295.9	0
22225463	22240125	1300.7	0
22240125	22256034	1301.9	0
22256034	22269456	1294.9	0
22269456	22287871	1297.9	0
22287871	22304948	1302.7	0
22304948	22320343	1292.3	0
22320343	22342421	1286.6	0
22342421	22358175	1279.2	0
22358175	22381794	1281.4	0
22381794	22389044	1273.4	0
22389044	22409975	1275.8	0
22409975	22421101	1274.6	0
22421101	22437300	1270.8	0
22437300	22456314	1274.4	0
22456314	22471215	1275.4	0
22471215	22487414	1276.8	0
22487414	22510063	1277.8	0
22510063	22520781	1277.2	0
22520781	99999999	1283.2	0
