#Processing Run 48047 for polarization tables
#The run table thinks this was a DSWAPL2 run
#Corresponding AMO file is :/home/clasg8/rootbeer2.1/dat/pol/amo_tesc_48045.dat
#Coherent Edge positions for TESC events follow:
#Event	Coh Edge	PolPlane(PARA=0,PERP=1,AMO=2,CHANGING=3)
0	271	1677.8	1
271	15336	1679.8	1
15336	23956	1677.8	1
23956	36235	1680.2	1
36235	57455	1681.4	1
57455	70226	1681.8	1
70226	87068	1682.4	1
87068	99664	1681.4	1
99664	111662	1681.0	1
111662	128800	1680.0	1
128800	140800	1677.8	1
140800	166517	1678.8	1
166517	173974	1679.0	1
173974	190731	1677.0	1
190731	203660	1677.2	1
203660	222449	1679.0	1
222449	240498	1680.2	1
240498	255798	1677.2	1
255798	269956	1676.8	1
269956	284684	1677.6	1
284684	299073	1680.6	1
299073	313271	1683.0	1
313271	331727	1681.6	1
331727	337798	1683.4	1
337798	351700	1683.8	1
351700	366047	1683.8	1
366047	389762	1686.5	1
389762	403746	1682.8	1
403746	418130	1681.0	1
418130	431580	1679.4	1
431580	440553	1677.2	1
440553	463010	1681.0	1
463010	481509	1682.0	1
481509	487588	1679.6	1
487588	504857	1679.0	1
504857	649982	1678.4	1
649982	663483	1704.6	0
663483	682397	1730.7	0
682397	696953	1729.9	0
696953	723038	1726.7	0
723038	740749	1728.1	0
740749	755444	1729.1	0
755444	770317	1730.1	0
770317	790210	1726.5	0
790210	798935	1743.4	0
798935	819256	-1.0	0
819256	839044	-1.0	0
839044	857326	-1.0	0
857326	859815	1713.3	0
859815	885551	1722.5	0
885551	908626	1701.5	0
908626	913293	1710.5	0
913293	925567	1719.5	0
925567	940136	1703.7	0
940136	963883	1703.1	0
963883	974844	1705.2	0
974844	986463	1707.3	0
986463	1003980	1726.5	0
1003980	1020454	1719.5	0
1020454	1031624	1714.5	0
1031624	1055605	1705.5	0
1055605	1068740	1730.9	0
1068740	1081944	1707.9	0
1081944	1096141	1706.9	0
1096141	1113374	1709.3	0
1113374	1133267	1715.4	0
1133267	1144216	1721.5	0
1144216	1163072	1725.3	0
1163072	1173539	1711.6	0
1173539	1195766	1697.9	0
1195766	1213794	1707.5	0
1213794	1218593	1708.5	0
1218593	1237853	1701.3	0
1237853	1250924	1702.9	0
1250924	1272246	1707.5	0
1272246	1284991	1710.1	0
1284991	1304502	1710.5	0
1304502	1315392	1723.9	0
1315392	1321698	1711.7	0
1321698	1339293	1706.9	0
1339293	1361255	1712.1	0
1361255	1371721	1708.3	0
1371721	1385321	1720.3	0
1385321	1417712	1707.5	0
1417712	1433931	1721.5	0
1433931	1447216	1716.9	0
1447216	1468467	1737.5	0
1468467	1480313	1731.5	0
1480313	1495794	1721.1	0
1495794	1515613	1710.5	0
1515613	1525559	1692.2	0
1525559	1546888	1696.9	0
1546888	1560676	1729.9	0
1560676	1569155	1721.1	0
1569155	1591524	1727.1	0
1591524	1604616	1723.9	0
1604616	1613150	1694.7	0
1613150	1631954	1689.2	0
1631954	1648592	1723.5	0
1648592	1663425	1722.9	0
1663425	1678217	1692.6	0
1678217	1696846	1726.7	0
1696846	1707338	1698.7	0
1707338	1724098	1714.3	0
1724098	1750092	1721.1	0
1750092	1759040	1696.1	0
1759040	1766426	1690.2	0
1766426	1788760	1741.6	0
1788760	1796182	1715.1	0
1796182	1812066	1722.5	0
1812066	1833009	1709.3	0
1833009	1845006	1726.3	0
1845006	1859161	1726.3	0
1859161	1872498	1722.5	0
1872498	1901675	1710.3	0
1901675	1912472	1689.0	0
1912472	1928149	1692.6	0
1928149	1941020	1724.1	0
1941020	1956684	1735.7	0
1956684	1971272	1712.3	0
1971272	1982076	1709.5	0
1982076	1994153	1745.4	0
1994153	2014683	1706.5	0
2014683	2026302	1709.1	0
2026302	2050598	1719.5	0
2050598	2058007	1706.5	0
2058007	2078870	1704.5	0
2078870	2083862	1704.1	0
2083862	2100794	1691.0	0
2100794	2120681	1705.9	0
2120681	2138050	1698.7	0
2138050	2145296	1703.9	0
2145296	2157383	1705.5	0
2157383	2176745	1722.7	0
2176745	2203811	1697.9	0
2203811	2211138	1693.8	0
2211138	2228375	1689.6	0
2228375	2240722	1697.1	0
2240722	2250330	1700.7	0
2250330	2272244	1699.5	0
2272244	2287321	1712.6	0
2287321	2299992	1725.7	0
2299992	2318201	1706.9	0
2318201	2327109	1696.7	0
2327109	2351904	1704.9	0
2351904	2366781	1701.7	0
2366781	2381791	1708.3	0
2381791	2396119	1702.9	0
2396119	2413637	1733.9	0
2413637	2427500	1704.5	0
2427500	2442025	1732.7	0
2442025	2454686	1725.3	0
2454686	2465975	1721.3	0
2465975	2488140	1725.5	0
2488140	2504214	1720.7	0
2504214	2517735	1710.5	0
2517735	2532463	1721.7	0
2532463	2545914	1728.3	0
2545914	2560739	1703.5	0
2560739	2574990	1720.1	0
2574990	2589068	1714.5	0
2589068	2601080	1727.9	0
2601080	2617837	1691.4	0
2617837	2631035	1690.4	0
2631035	2653770	1696.1	0
2653770	2660568	1691.8	0
2660568	2675233	1698.3	0
2675233	2689718	1690.2	0
2689718	2711149	1748.2	0
2711149	2726246	1688.4	0
2726246	2740842	1687.4	0
2740842	2755444	1731.1	0
2755444	2770195	1746.2	0
2770195	2779795	1689.4	0
2779795	2799384	1685.4	0
2799384	2811795	1691.6	0
2811795	2829059	1710.3	0
2829059	2845579	1729.1	0
2845579	2858598	1683.8	0
2858598	2878610	1723.9	0
2878610	2888071	1695.1	0
2888071	2909103	1696.9	0
2909103	2915982	1692.2	0
2915982	2931922	1688.6	0
2931922	2950829	1691.0	0
2950829	2966925	1697.9	0
2966925	2982853	1727.7	0
2982853	2997502	1724.7	0
2997502	3008127	1723.7	0
3008127	3035656	1702.1	0
3035656	3045427	1715.3	0
3045427	3063990	1728.5	0
3063990	3078600	1703.5	0
3078600	3087185	1690.4	0
3087185	3108785	1689.4	0
3108785	3122107	1726.7	0
3122107	3136747	1736.1	0
3136747	3154561	1691.4	0
3154561	3165822	1702.7	0
3165822	3179875	1725.9	0
3179875	3194358	1691.2	0
3194358	3208771	1724.3	0
3208771	3226482	1690.6	0
3226482	3239779	1744.0	0
3239779	3259386	1735.3	0
3259386	3269054	1721.7	0
3269054	3278942	1714.3	0
3278942	3302644	1705.7	0
3302644	3316323	1704.1	0
3316323	3325594	1698.3	0
3325594	3339635	1691.8	0
3339635	3352677	1690.4	0
3352677	3370179	1720.3	0
3370179	3383444	1691.6	0
3383444	3409766	1689.4	0
3409766	3417837	1691.0	0
3417837	3433866	1700.9	0
3433866	3452634	1692.0	0
3452634	3467011	1687.8	0
3467011	3484077	1721.1	0
3484077	3514349	1709.9	0
3514349	3533452	1689.8	0
3533452	3540908	1687.0	0
3540908	3558615	1701.5	0
3558615	3565880	1711.3	0
3565880	3584611	1702.7	0
3584611	3601201	1688.4	0
3601201	3610402	1690.4	0
3610402	3630601	1706.3	0
3630601	3653273	1692.6	0
3653273	3664945	1688.4	0
3664945	3673746	1694.3	0
3673746	3686665	1700.3	0
3686665	3708744	1723.7	0
3708744	3718745	1722.5	0
3718745	3737870	1722.7	0
3737870	3757415	1698.7	0
3757415	3767358	1720.5	0
3767358	3782179	1706.9	0
3782179	3796846	1688.4	0
3796846	3816401	1696.9	0
3816401	3825449	1695.7	0
3825449	3843178	1691.4	0
3843178	3863207	1689.8	0
3863207	3872443	1693.9	0
3872443	3894049	1690.6	0
3894049	3906838	1733.7	0
3906838	3923217	1693.0	0
3923217	3940635	1723.5	0
3940635	3955159	1745.2	0
3955159	3967536	1689.4	0
3967536	3983063	1696.9	0
3983063	3996902	1695.9	0
3996902	4018598	1688.8	0
4018598	4029409	1692.2	0
4029409	4050707	1688.6	0
4050707	4061363	1689.4	0
4061363	4076973	1694.7	0
4076973	4089986	1690.0	0
4089986	4104304	1734.7	0
4104304	4125138	1692.8	0
4125138	4130772	1696.3	0
4130772	4148720	1688.2	0
4148720	4161173	1693.7	0
4161173	4172280	1733.3	0
4172280	4196349	1723.5	0
4196349	4205829	1690.8	0
4205829	4217028	1709.3	0
4217028	4236876	1706.9	0
4236876	4255338	1696.7	0
4255338	4269910	1695.9	0
4269910	4281515	1688.8	0
4281515	4294852	1694.7	0
4294852	4313430	1691.4	0
4313430	4327678	1691.0	0
4327678	4349136	1692.1	0
4349136	4357055	1752.0	0
4357055	4370021	1689.0	0
4370021	4389141	1690.4	0
4389141	4395683	1689.4	0
4395683	4419134	1688.8	0
4419134	4429835	1692.5	0
4429835	4439572	1688.2	0
4439572	4464613	1695.3	0
4464613	4474739	1689.4	0
4474739	4492832	1694.7	0
4492832	4498982	1691.2	0
4498982	4518292	1691.0	0
4518292	4534635	1695.5	0
4534635	4550872	1698.4	0
4550872	4565897	1691.4	0
4565897	4578033	1725.5	0
4578033	4590453	1731.7	0
4590453	4612658	1689.6	0
4612658	4620636	1695.5	0
4620636	4633044	1690.0	0
4633044	4646930	1727.5	0
4646930	4664962	1704.9	0
4664962	4683356	1722.5	0
4683356	4698164	1699.1	0
4698164	4713195	1722.5	0
4713195	4728918	1690.0	0
4728918	4741140	1688.2	0
4741140	4763148	1731.7	0
4763148	4776867	1690.2	0
4776867	4782869	1725.5	0
4782869	4804636	1726.3	0
4804636	4811730	1695.9	0
4811730	4838115	1694.5	0
4838115	4841930	1702.7	0
4841930	4859047	1707.9	0
4859047	4868614	1704.9	0
4868614	4888581	1700.5	0
4888581	4906858	1688.6	0
4906858	4919410	1695.5	0
4919410	4932839	1699.5	0
4932839	4945756	1700.3	0
4945756	4957359	1690.6	0
4957359	4981303	1735.1	0
4981303	4988573	1689.2	0
4988573	5206289	1691.8	0
5206289	5219140	1743.0	1
5219140	5240781	1683.0	1
5240781	5255033	1683.4	1
5255033	5263810	1685.7	1
5263810	5283901	1683.2	1
5283901	5295384	1681.6	1
5295384	5313684	1680.4	1
5313684	5328389	1682.2	1
5328389	5342389	1681.4	1
5342389	5357552	1682.0	1
5357552	5368160	1682.0	1
5368160	5385976	1681.4	1
5385976	5405247	1683.2	1
5405247	5418435	1686.5	1
5418435	5434684	1680.2	1
5434684	5448806	1682.2	1
5448806	5462403	1683.2	1
5462403	5475725	1687.3	1
5475725	5488711	1687.1	1
5488711	5504173	1686.5	1
5504173	5518049	1687.9	1
5518049	5531612	1688.3	1
5531612	5548981	1688.3	1
5548981	5558561	1686.9	1
5558561	5580072	1682.0	1
5580072	5588528	1687.5	1
5588528	5600992	1688.3	1
5600992	5619877	1688.5	1
5619877	5631913	1687.3	1
5631913	5650644	1683.4	1
5650644	5666013	1684.2	1
5666013	5678072	1686.1	1
5678072	5700083	1683.0	1
5700083	5709955	1682.4	1
5709955	5730081	1681.4	1
5730081	5740510	1681.6	1
5740510	5758022	1686.5	1
5758022	5781273	1686.3	1
5781273	5791154	1682.8	1
5791154	5803135	1681.8	1
5803135	5822627	1681.4	1
5822627	5842028	1679.6	1
5842028	5861783	1680.6	1
5861783	5869438	1678.8	1
5869438	5884599	1680.8	1
5884599	5908145	1680.8	1
5908145	5923089	1683.6	1
5923089	5930714	1682.2	1
5930714	5945926	1682.2	1
5945926	5959270	1681.8	1
5959270	5969875	1686.1	1
5969875	5983068	1680.4	1
5983068	5996837	1676.6	1
5996837	6016034	1681.4	1
6016034	6031930	1688.3	1
6031930	6045455	1687.5	1
6045455	6057101	1679.2	1
6057101	6084829	1677.4	1
6084829	6089744	1682.4	1
6089744	6103356	1682.0	1
6103356	6119525	1688.5	1
6119525	6125024	1686.5	1
6125024	6158147	1679.2	1
6158147	6168540	1683.6	1
6168540	6175503	1687.1	1
6175503	6194298	1685.0	1
6194298	6211472	1682.2	1
6211472	6230189	1682.0	1
6230189	6237086	1685.9	1
6237086	6259073	1683.0	1
6259073	6271378	1684.0	1
6271378	6289086	1672.7	1
6289086	6309496	1678.8	1
6309496	6319809	1686.3	1
6319809	6327664	1683.6	1
6327664	6349025	1686.5	1
6349025	6356625	1683.4	1
6356625	6375932	1686.9	1
6375932	6389217	1687.3	1
6389217	6399615	1682.4	1
6399615	6417975	1681.2	1
6417975	6430997	1680.8	1
6430997	6479027	1680.8	1
6479027	6502393	1717.3	1
6502393	6516231	1706.7	1
6516231	6530522	1705.3	1
6530522	6537144	1704.5	1
6537144	6550900	1704.5	1
6550900	6571811	1704.1	1
6571811	6583289	1698.4	1
6583289	6592625	1692.3	1
6592625	6611296	1695.0	1
6611296	6628458	1692.5	1
6628458	6646605	1691.5	1
6646605	6660653	1688.1	1
6660653	6674599	1687.5	1
6674599	6685356	1685.2	1
6685356	6696330	1685.4	1
6696330	6719538	1682.4	1
6719538	6739737	1678.2	1
6739737	6748328	1678.2	1
6748328	6763268	1674.5	1
6763268	6778376	1673.9	1
6778376	6801561	1673.5	1
6801561	6814992	1670.9	1
6814992	6823438	1669.5	1
6823438	6843376	1670.1	1
6843376	6854949	1671.1	1
6854949	6869517	1672.9	1
6869517	6884711	1671.5	1
6884711	6899584	1669.5	1
6899584	6915026	1669.7	1
6915026	6928225	1672.7	1
6928225	6958542	1678.6	1
6958542	6970640	1677.0	1
6970640	6982358	1678.6	1
6982358	7001907	1678.4	1
7001907	7007506	1676.6	1
7007506	7031858	1673.9	1
7031858	7040239	1677.4	1
7040239	7063272	1678.8	1
7063272	7074990	1676.4	1
7074990	7087247	1677.8	1
7087247	7105829	1677.6	1
7105829	7125229	1679.4	1
7125229	7135763	1676.8	1
7135763	7147764	1680.0	1
7147764	7165305	1679.6	1
7165305	7183420	1679.6	1
7183420	7200135	1678.2	1
7200135	7214262	1679.0	1
7214262	7224841	1678.0	1
7224841	7235724	1680.4	1
7235724	7272887	1679.6	1
7272887	7285687	1679.0	1
7285687	7302267	1677.2	1
7302267	7320561	1677.6	1
7320561	7340127	1677.4	1
7340127	7354593	1673.7	1
7354593	7364534	1677.2	1
7364534	7373472	1676.2	1
7373472	7391898	1678.4	1
7391898	7415967	1680.8	1
7415967	7427200	1681.2	1
7427200	7438262	1680.4	1
7438262	7459962	1681.2	1
7459962	7468363	1678.8	1
7468363	7489350	1680.0	1
7489350	7500150	1677.4	1
7500150	7518311	1679.0	1
7518311	7538463	1678.6	1
7538463	7542861	1681.8	1
7542861	7562786	1680.6	1
7562786	7580348	1679.4	1
7580348	7589874	1680.0	1
7589874	7614863	1679.6	1
7614863	7628860	1680.0	1
7628860	7643927	1673.7	1
7643927	7653452	1677.2	1
7653452	7675968	1680.6	1
7675968	7688285	1682.6	1
7688285	7703127	1681.6	1
7703127	7721867	1681.2	1
7721867	7725183	1679.8	1
7725183	7739421	1680.6	1
7739421	7757573	1682.8	1
7757573	7777182	1680.2	1
7777182	7796053	1679.8	1
7796053	7814110	1679.8	1
7814110	7833285	1680.4	1
7833285	7837358	1680.0	1
7837358	7852557	1673.5	1
7852557	7874146	1676.8	1
7874146	7885455	1675.6	1
7885455	7895833	1680.2	1
7895833	7913089	1679.4	1
7913089	7931892	1676.0	1
7931892	7951730	1677.2	1
7951730	7968600	1679.8	1
7968600	7977201	1679.4	1
7977201	7990494	1681.4	1
7990494	8005116	1680.8	1
8005116	8033986	1679.0	1
8033986	8041244	1678.0	1
8041244	8055512	1678.8	1
8055512	8070610	1676.6	1
8070610	8085470	1672.9	1
8085470	8099881	1677.6	1
8099881	8115536	1676.4	1
8115536	8129528	1677.0	1
8129528	8144921	1678.6	1
8144921	8154998	1681.2	1
8154998	8180779	1682.2	1
8180779	8195516	1682.6	1
8195516	8201945	1681.8	1
8201945	8214132	1680.4	1
8214132	8233121	1679.8	1
8233121	8262320	1680.0	1
8262320	8269685	1680.2	1
8269685	8284347	1680.8	1
8284347	8298999	1680.4	1
8298999	8310199	1679.2	1
8310199	8328924	1679.2	1
8328924	8345827	1678.6	1
8345827	8365084	1680.0	1
8365084	8374882	1680.6	1
8374882	8388007	1678.0	1
8388007	8418946	1678.2	1
8418946	8425340	1677.2	1
8425340	8442893	1679.8	1
8442893	8453930	1680.2	1
8453930	8470609	1680.2	1
8470609	8491567	1682.0	1
8491567	8501496	1679.4	1
8501496	8520022	1673.5	1
8520022	8531383	1676.2	1
8531383	8546393	1677.6	1
8546393	8568758	1679.4	1
8568758	8577559	1677.2	1
8577559	8591157	1678.6	1
8591157	8607178	1681.0	1
8607178	8628169	1681.6	1
8628169	8642894	1681.2	1
8642894	8657329	1681.0	1
8657329	8669341	1680.8	1
8669341	8680675	1680.6	1
8680675	8701899	1680.6	1
8701899	8721875	1681.6	1
8721875	8735812	1685.7	1
8735812	8751245	1685.3	1
8751245	8760800	1682.8	1
8760800	8775123	1680.8	1
8775123	8794322	1681.8	1
8794322	8805784	1681.6	1
8805784	8825584	1679.6	1
8825584	8839545	1679.4	1
8839545	8853241	1681.8	1
8853241	8868736	1682.6	1
8868736	8890258	1681.2	1
8890258	8900256	1679.6	1
8900256	8913870	1681.0	1
8913870	8927561	1678.6	1
8927561	8946990	1679.8	1
8946990	8961786	1678.8	1
8961786	8967784	1679.8	1
8967784	8986978	1679.8	1
8986978	8997242	1682.0	1
8997242	9016661	1684.9	1
9016661	9030281	1685.3	1
9030281	9046172	1684.7	1
9046172	9053526	1684.9	1
9053526	9072432	1685.3	1
9072432	9095148	1683.0	1
9095148	9105070	1683.0	1
9105070	9116636	1684.9	1
9116636	9130524	1685.5	1
9130524	9146303	1686.7	1
9146303	9166702	1685.5	1
9166702	9180141	1685.5	1
9180141	9188119	1687.1	1
9188119	9206089	1688.1	1
9206089	9219063	1688.1	1
9219063	9244137	1686.5	1
9244137	9253097	1683.2	1
9253097	9266054	1683.2	1
9266054	9281170	1680.2	1
9281170	9295813	1681.2	1
9295813	9313919	1681.2	1
9313919	9460783	1682.8	1
9460783	9470908	1686.1	0
9470908	9486458	1689.4	0
9486458	9511076	1689.4	0
9511076	9525276	-1.0	0
9525276	9535111	-1.0	0
9535111	9549361	-1.0	0
9549361	9566455	1724.1	0
9566455	9584273	1727.5	0
9584273	9602086	1686.6	0
9602086	9610203	1689.6	0
9610203	9618540	1727.5	0
9618540	9635559	1708.3	0
9635559	9660573	1704.5	0
9660573	9674109	1688.8	0
9674109	9687476	1698.1	0
9687476	9700287	1688.8	0
9700287	9713356	1689.6	0
9713356	9728528	1687.6	0
9728528	9742259	1689.0	0
9742259	9757919	1678.7	0
9757919	9773651	1677.8	0
9773651	9787169	1676.9	0
9787169	9804306	1730.3	0
9804306	9834959	1712.5	0
9834959	9876537	1684.6	0
9876537	9884524	1683.5	0
9884524	9894123	1687.8	0
9894123	9907858	1678.7	0
9907858	9921749	1675.9	0
9921749	9935287	1675.9	0
9935287	9951680	1681.1	0
9951680	9962519	1688.8	0
9962519	9970418	1696.9	0
9970418	9991644	1703.9	0
9991644	10009931	1697.5	0
10009931	10017799	1689.4	0
10017799	10037271	1686.7	0
10037271	10052628	1725.1	0
10052628	10067851	1693.7	0
10067851	10082447	1693.1	0
10082447	10095241	1689.8	0
10095241	10109280	1690.6	0
10109280	10117955	1690.0	0
10117955	10136313	1690.2	0
10136313	10157742	1686.4	0
10157742	10164785	1689.0	0
10164785	10178761	1690.6	0
10178761	10193734	1688.6	0
10193734	10209286	1683.3	0
10209286	10227795	1688.6	0
10227795	10234906	1688.8	0
10234906	10258664	1687.8	0
10258664	10269817	1690.6	0
10269817	10280522	1690.2	0
10280522	10297514	1688.8	0
10297514	10312017	1687.8	0
10312017	10327403	1688.6	0
10327403	10339571	1689.0	0
10339571	10356884	1688.8	0
10356884	10375325	1688.8	0
10375325	10389637	1689.0	0
10389637	10403866	1693.7	0
10403866	10415635	1689.8	0
10415635	10427546	1689.2	0
10427546	10447507	1721.9	0
10447507	10461881	1729.7	0
10461881	10477979	1690.6	0
10477979	10493667	1689.2	0
10493667	10504108	1681.7	0
10504108	10518123	1687.6	0
10518123	10532297	1678.7	0
10532297	10546452	1694.4	0
10546452	10560839	1690.8	0
10560839	10575252	1688.8	0
10575252	10594841	1768.7	0
10594841	10602178	1685.1	0
10602178	10615376	1687.2	0
10615376	10630212	1729.3	0
10630212	10651524	1691.4	0
10651524	10667714	1689.4	0
10667714	10683690	1688.4	0
10683690	10697140	1689.6	0
10697140	10707186	1698.5	0
10707186	10724555	1689.8	0
10724555	10741661	1695.3	0
10741661	10752417	1682.7	0
10752417	10762963	1680.5	0
10762963	10774066	1686.6	0
10774066	10786520	1689.8	0
10786520	10796906	1689.8	0
10796906	10813281	1686.6	0
10813281	10823660	1685.8	0
10823660	10829464	1686.6	0
10829464	10844962	1686.8	0
10844962	10866893	1688.6	0
10866893	10881028	1734.1	0
10881028	10893930	1689.6	0
10893930	10911828	1694.7	0
10911828	10923850	1695.7	0
10923850	10947444	1688.6	0
10947444	10960916	1699.5	0
10960916	10972248	1699.3	0
10972248	10988648	1698.3	0
10988648	11011453	1729.1	0
11011453	11033550	1697.4	0
11033550	11039086	1698.5	0
11039086	11056890	1728.5	0
11056890	11075942	1700.1	0
11075942	11085641	1700.5	0
11085641	11101330	1704.7	0
11101330	11114150	1707.3	0
11114150	11126897	1708.1	0
11126897	11147601	1722.3	0
11147601	11158329	1699.5	0
11158329	11188979	1700.9	0
11188979	11196467	1721.5	0
11196467	11209794	1726.1	0
11209794	11213794	1699.7	0
11213794	11236010	1697.9	0
11236010	11253455	1700.7	0
11253455	11264345	1726.9	0
11264345	11280136	1702.9	0
11280136	11293743	1696.9	0
11293743	11309903	1686.8	0
11309903	11325327	1688.6	0
11325327	11336318	1689.2	0
11336318	11351290	1689.4	0
11351290	11360460	1697.9	0
11360460	11378678	1721.3	0
11378678	11394113	1699.5	0
11394113	11414187	1687.8	0
11414187	11424327	1699.1	0
11424327	11434811	1691.8	0
11434811	11455873	1691.4	0
11455873	11470435	1700.1	0
11470435	11491382	1699.5	0
11491382	11502890	1693.7	0
11502890	11512672	1687.8	0
11512672	11531077	1691.4	0
11531077	11547765	1697.9	0
11547765	11562309	1699.1	0
11562309	11576973	1722.5	0
11576973	11584999	1726.3	0
11584999	11604066	1698.9	0
11604066	11623997	1701.3	0
11623997	11635132	1698.5	0
11635132	11643403	1691.0	0
11643403	11659188	1747.2	0
11659188	11676953	1724.9	0
11676953	11710495	1706.7	0
11710495	11718096	1699.1	0
11718096	11726832	1701.1	0
11726832	11747678	1699.3	0
11747678	11762373	1699.3	0
11762373	11783267	1700.7	0
11783267	11788021	1690.0	0
11788021	11812158	1702.1	0
11812158	11825358	1688.2	0
11825358	11829936	1707.9	0
11829936	11855955	1705.5	0
11855955	11857963	1705.5	0
11857963	11883160	1702.1	0
11883160	11898466	1696.9	0
11898466	11907862	1727.5	0
11907862	11932096	1691.8	0
11932096	11937535	1732.7	0
11937535	11955655	1722.7	0
11955655	11970598	1712.7	0
11970598	11987225	1722.1	0
11987225	12004450	1708.7	0
12004450	12017653	1691.2	0
12017653	12029324	1723.3	0
12029324	12045091	1725.1	0
12045091	12056890	1691.0	0
12056890	12078488	1700.9	0
12078488	12091467	1706.7	0
12091467	12107745	1705.1	0
12107745	12116244	1711.1	0
12116244	12139950	1733.9	0
12139950	12152166	1724.5	0
12152166	12166094	1714.7	0
12166094	12184219	1710.7	0
12184219	12191625	1712.1	0
12191625	12213334	1727.9	0
12213334	12239696	1736.3	0
12239696	12251351	1709.7	0
12251351	12267034	1713.1	0
12267034	12277434	1709.7	0
12277434	12296157	1720.7	0
12296157	12311221	1711.3	0
12311221	12329719	1725.7	0
12329719	12342261	1740.0	0
12342261	12356759	1703.9	0
12356759	12392370	1722.9	0
12392370	12397881	1690.4	0
12397881	12407780	1686.4	0
12407780	12418021	1677.3	0
12418021	12437098	1672.7	0
12437098	12454593	1688.6	0
12454593	12462959	1686.2	0
12462959	12479924	1688.8	0
12479924	12495984	1682.7	0
12495984	12515725	1689.4	0
12515725	12530798	1694.7	0
12530798	12536059	1690.2	0
12536059	12552256	1693.1	0
12552256	12567310	1681.5	0
12567310	12590460	1689.8	0
12590460	12601980	1690.8	0
12601980	12616747	1691.8	0
12616747	12633699	1688.8	0
12633699	12644676	1688.8	0
12644676	12667353	1690.8	0
12667353	12669753	1706.1	0
12669753	12682400	1707.5	0
12682400	12701215	1703.7	0
12701215	12716583	1698.1	0
12716583	12730392	1727.7	0
12730392	12750902	1707.1	0
12750902	12761503	1702.9	0
12761503	12779860	1725.1	0
12779860	12794859	1700.7	0
12794859	12806442	1724.1	0
12806442	12825610	1698.3	0
12825610	12838182	1706.1	0
12838182	12852324	1703.5	0
12852324	12863740	1719.5	0
12863740	12886533	1697.4	0
12886533	12893821	1705.7	0
12893821	12908194	1715.4	0
12908194	12929405	1725.1	0
12929405	12935809	1691.8	0
12935809	12956247	1689.2	0
12956247	12973604	1702.7	0
12973604	12985198	1701.3	0
12985198	13000859	1698.9	0
13000859	13011292	1742.4	0
13011292	13029361	1731.1	0
13029361	13048721	1704.7	0
13048721	13057751	1721.5	0
13057751	13066161	1703.5	0
13066161	13085752	1703.7	0
13085752	13102292	1698.1	0
13102292	13121696	1690.4	0
13121696	13131111	1726.5	0
13131111	13146505	1690.8	0
13146505	13174340	1699.6	0
13174340	13182656	1681.7	0
13182656	13213156	1682.8	0
13213156	13325791	1679.1	0
13325791	13338479	1709.1	1
13338479	13349902	1703.3	1
13349902	13367008	1697.2	1
13367008	13382035	1691.1	1
13382035	13397596	1690.5	1
13397596	13411065	1688.3	1
13411065	13425439	1687.5	1
13425439	13440992	1681.4	1
13440992	13452110	1680.2	1
13452110	13473957	1676.2	1
13473957	13488702	1677.0	1
13488702	13503452	1678.8	1
13503452	13518031	1680.6	1
13518031	13528833	1677.6	1
13528833	13553717	1672.9	1
13553717	13568304	1673.7	1
13568304	13578162	1676.8	1
13578162	13590061	1674.5	1
13590061	13599870	1678.4	1
13599870	13624055	1680.6	1
13624055	13636745	1682.2	1
13636745	13654822	1679.0	1
13654822	13665434	1680.0	1
13665434	13676110	1677.4	1
13676110	13696460	1679.6	1
13696460	13714583	1680.4	1
13714583	13725731	1681.6	1
13725731	13740924	1683.8	1
13740924	13751723	1682.4	1
13751723	13777751	1682.8	1
13777751	13786519	1686.9	1
13786519	13802044	1687.1	1
13802044	13811508	1686.1	1
13811508	13832843	1679.6	1
13832843	13845703	1686.3	1
13845703	13856502	1688.1	1
13856502	13876175	1687.1	1
13876175	13882034	1687.5	1
13882034	13904774	1687.7	1
13904774	13923418	1688.7	1
13923418	13929490	1687.1	1
13929490	13945951	1687.3	1
13945951	13957777	1688.3	1
13957777	13970951	1688.1	1
13970951	13991725	1689.3	1
13991725	14005191	1688.1	1
14005191	14018721	1689.3	1
14018721	14032112	1688.1	1
14032112	14043725	1687.9	1
14043725	14060789	1689.1	1
14060789	14074357	1686.7	1
14074357	14094355	1686.3	1
14094355	14103786	1680.4	1
14103786	14115257	1682.0	1
14115257	14136438	1687.3	1
14136438	14150911	1687.1	1
14150911	14161294	1682.4	1
14161294	14172553	1682.8	1
14172553	14192506	1682.8	1
14192506	14209389	1688.7	1
14209389	14221382	1687.7	1
14221382	14240596	1685.3	1
14240596	14250848	1682.6	1
14250848	14265009	1685.5	1
14265009	14279224	1686.9	1
14279224	14293422	1686.3	1
14293422	14308479	1682.8	1
14308479	14330594	1684.7	1
14330594	14340521	1686.9	1
14340521	14353050	1685.9	1
14353050	14370898	1681.4	1
14370898	14385896	1682.2	1
14385896	14403096	1683.4	1
14403096	14414156	1687.1	1
14414156	14428432	1687.1	1
14428432	14445276	1688.1	1
14445276	14454878	1685.1	1
14454878	14473767	1685.9	1
14473767	14485965	1687.7	1
14485965	14501980	1688.5	1
14501980	14528193	1681.6	1
14528193	14541842	1712.3	1
14541842	14549208	1709.1	1
14549208	14566708	1707.7	1
14566708	14579461	1701.9	1
14579461	14588168	1698.9	1
14588168	14601173	1698.0	1
14601173	14625948	1696.2	1
14625948	14633447	1693.0	1
14633447	14655288	1688.1	1
14655288	14662560	1683.4	1
14662560	14694678	1682.6	1
14694678	14709401	1681.6	1
14709401	14729382	1679.0	1
14729382	14743718	1680.2	1
14743718	14761164	1681.6	1
14761164	14775132	1682.4	1
14775132	14787842	1683.2	1
14787842	14809252	1685.7	1
14809252	14823394	1687.9	1
14823394	14831397	1688.3	1
14831397	14845308	1688.5	1
14845308	14868697	1688.7	1
14868697	14880623	1688.9	1
14880623	14887437	1688.1	1
14887437	14904525	1688.3	1
14904525	14922151	1687.5	1
14922151	14935863	1688.3	1
14935863	14947892	1689.3	1
14947892	14969433	1689.3	1
14969433	14982152	1689.3	1
14982152	14993513	1687.3	1
14993513	15019567	1688.9	1
15019567	15027564	1689.3	1
15027564	15036321	1689.1	1
15036321	15053877	1689.3	1
15053877	15067008	1689.5	1
15067008	15082454	1688.1	1
15082454	15096394	1686.7	1
15096394	15108794	1688.1	1
15108794	15124338	1688.3	1
15124338	15140338	1688.5	1
15140338	15158016	1687.1	1
15158016	15167211	1681.6	1
15167211	15185152	1680.8	1
15185152	15188700	1683.2	1
15188700	15214862	1687.3	1
15214862	15230439	1688.1	1
15230439	15240800	1687.7	1
15240800	15256733	1687.9	1
15256733	15270182	1688.5	1
15270182	15280632	1688.1	1
15280632	15302861	1688.9	1
15302861	15309980	1687.7	1
15309980	15329416	1688.5	1
15329416	15341380	1688.3	1
15341380	15358509	1688.9	1
15358509	15378475	1688.9	1
15378475	15389765	1688.1	1
15389765	15404217	1687.9	1
15404217	15414449	1688.3	1
15414449	15429895	1687.7	1
15429895	15448944	1686.3	1
15448944	15467469	1686.5	1
15467469	15481056	1686.9	1
15481056	15491173	1686.9	1
15491173	15501673	1687.5	1
15501673	15520949	1687.7	1
15520949	15541088	1687.9	1
15541088	15550866	1688.9	1
15550866	15562546	1687.7	1
15562546	15574110	1686.5	1
15574110	15594903	1688.1	1
15594903	15609496	1688.1	1
15609496	15620836	1688.5	1
15620836	15638508	1688.3	1
15638508	15651312	1687.5	1
15651312	15669050	1687.5	1
15669050	15678796	1687.3	1
15678796	15693254	1686.5	1
15693254	15704611	1688.9	1
15704611	15715802	1689.1	1
15715802	15741175	1683.2	1
15741175	15749701	1679.8	1
15749701	15760561	1688.7	1
15760561	15771655	1687.9	1
15771655	15791532	1688.7	1
15791532	15805702	1682.4	1
15805702	15823455	1680.4	1
15823455	15839843	1689.3	1
15839843	15845292	1687.3	1
15845292	15862824	1687.1	1
15862824	15882969	1686.1	1
15882969	15897886	1689.1	1
15897886	15901157	1689.3	1
15901157	15917868	1688.5	1
15917868	15931834	1689.7	1
15931834	15951784	1690.3	1
15951784	15964414	1687.5	1
15964414	15974557	1687.5	1
15974557	15988634	1688.1	1
15988634	16007362	1688.5	1
16007362	16021088	1688.9	1
16021088	16034743	1687.3	1
16034743	16045600	1687.9	1
16045600	16062617	1688.3	1
16062617	16075498	1688.3	1
16075498	16095189	1688.9	1
16095189	16103211	1688.3	1
16103211	16117120	1687.1	1
16117120	16131198	1686.7	1
16131198	16152908	1687.3	1
16152908	16167030	1689.3	1
16167030	16177430	1687.1	1
16177430	16195532	1686.7	1
16195532	16211773	1687.7	1
16211773	16222605	1689.3	1
16222605	16242430	1689.9	1
16242430	16254985	1687.9	1
16254985	16262958	1689.7	1
16262958	16277939	1689.5	1
16277939	16289891	1686.9	1
16289891	16308180	1684.0	1
16308180	16326680	1686.7	1
16326680	16337819	1687.9	1
16337819	16355294	1682.2	1
16355294	16361375	1683.0	1
16361375	16381901	1686.5	1
16381901	16397761	1686.5	1
16397761	16415890	1683.8	1
16415890	16430768	1682.8	1
16430768	16441612	1681.8	1
16441612	16454945	1681.0	1
16454945	16468724	1681.8	1
16468724	16482830	1683.6	1
16482830	16497714	1682.4	1
16497714	16510687	1686.5	1
16510687	16529997	1687.5	1
16529997	16537439	1686.7	1
16537439	16554959	1687.3	1
16554959	16570114	1687.7	1
16570114	16585369	1687.9	1
16585369	16605764	1687.5	1
16605764	16618947	1687.9	1
16618947	16627350	1687.9	1
16627350	16642002	1686.5	1
16642002	16654144	1684.6	1
16654144	16674018	1686.5	1
16674018	16681120	1687.3	1
16681120	16703212	1686.3	1
16703212	16718046	1683.0	1
16718046	16725375	1683.2	1
16725375	16748729	1684.4	1
16748729	16764182	1684.6	1
16764182	16772035	1684.6	1
16772035	16787757	1684.8	1
16787757	16804736	1687.1	1
16804736	16820003	1686.5	1
16820003	16835753	1683.2	1
16835753	16851101	1681.2	1
16851101	16866348	1682.6	1
16866348	16877514	1684.8	1
16877514	16891357	1683.8	1
16891357	16909518	1683.0	1
16909518	16919918	1682.4	1
16919918	16938715	1684.8	1
16938715	16946716	1683.4	1
16946716	16965439	1682.0	1
16965439	16981736	1679.6	1
16981736	16997804	1679.8	1
16997804	17022529	1678.4	1
17022529	17031324	1679.4	1
17031324	17049112	1680.4	1
17049112	17063091	1681.0	1
17063091	17073641	1678.8	1
17073641	17086365	1681.4	1
17086365	17100489	1679.2	1
17100489	17125414	1678.6	1
17125414	17144257	1671.5	1
17144257	17159885	1672.7	1
17159885	17175603	1680.4	1
17175603	17181371	1679.4	1
17181371	17200098	1679.0	1
17200098	17208496	1678.8	1
17208496	17229691	1677.8	1
17229691	17250318	1678.8	1
17250318	17260583	1680.0	1
17260583	17271690	1678.8	1
17271690	17287289	1680.2	1
17287289	17303670	1679.0	1
17303670	17321305	1682.4	1
17321305	17336807	1682.4	1
17336807	17356490	1681.6	1
17356490	17364916	1683.8	1
17364916	17377130	1686.1	1
17377130	17390035	1686.5	1
17390035	17403239	1680.6	1
17403239	17417765	1682.6	1
17417765	17433780	1687.9	1
17433780	17448537	1683.0	1
17448537	17583971	1681.4	1
17583971	17593634	1678.5	0
17593634	17612957	1675.5	0
17612957	17632449	1695.1	0
17632449	17640311	1697.3	0
17640311	17656684	1727.1	0
17656684	17669350	1696.7	0
17669350	17699601	1703.7	0
17699601	17704399	1742.8	0
17704399	17724889	1700.1	0
17724889	17734343	1748.6	0
17734343	17757113	1727.5	0
17757113	17777849	1730.5	0
17777849	17784783	1736.3	0
17784783	17804120	1691.8	0
17804120	17815928	1714.7	0
17815928	17827869	1726.3	0
17827869	17845796	1721.1	0
17845796	17856043	1723.3	0
17856043	17869886	1709.9	0
17869886	17893173	1711.7	0
17893173	17906655	1703.5	0
17906655	17924698	1701.5	0
17924698	17934680	1694.9	0
17934680	17954268	1689.0	0
17954268	17963371	1709.1	0
17963371	17981998	1721.1	0
17981998	18000993	1721.7	0
18000993	18012676	1726.9	0
18012676	18025452	1733.3	0
18025452	18037604	1705.3	0
18037604	18060828	1735.1	0
18060828	18074275	1711.3	0
18074275	18092165	1730.1	0
18092165	18102788	1706.3	0
18102788	18117935	1706.3	0
18117935	18131534	1723.7	0
18131534	18157178	1719.9	0
18157178	18167695	1730.5	0
18167695	18185550	1723.9	0
18185550	18193499	1750.6	0
18193499	18211839	1726.9	0
18211839	18224427	1706.5	0
18224427	18239235	1704.5	0
18239235	18257051	1708.5	0
18257051	18272983	1709.5	0
18272983	18284182	1704.3	0
18284182	18302152	1706.1	0
18302152	18316925	1704.1	0
18316925	18331714	1705.9	0
18331714	18348536	1732.3	0
18348536	18359980	1708.3	0
18359980	18382985	1709.5	0
18382985	18397502	1729.2	0
18397502	18411502	1749.0	0
18411502	18423368	1744.4	0
18423368	18441708	1700.9	0
18441708	18456398	1702.3	0
18456398	18470801	1697.7	0
18470801	18485564	1732.7	0
18485564	18506145	1725.5	0
18506145	18515697	1687.8	0
18515697	18534897	1691.8	0
18534897	18546633	1725.1	0
18546633	18561362	1703.7	0
18561362	18581015	1721.5	0
18581015	18587722	1729.7	0
18587722	18610679	1705.7	0
18610679	18619527	1689.8	0
18619527	18637194	1707.3	0
18637194	18654096	1720.9	0
18654096	18664291	1706.5	0
18664291	18687609	1700.5	0
18687609	18704474	1715.5	0
18704474	18718668	1712.3	0
18718668	18724285	1708.3	0
18724285	18745539	1719.1	0
18745539	18763415	1702.1	0
18763415	18774635	1698.9	0
18774635	18783944	1702.7	0
18783944	18806668	1703.7	0
18806668	18816542	1724.9	0
18816542	18834877	1686.0	0
18834877	18845304	1698.1	0
18845304	18862871	1724.5	0
18862871	18870939	1695.5	0
18870939	18887867	1710.9	0
18887867	18913706	1726.3	0
18913706	18928592	1724.9	0
18928592	18940193	1740.8	0
18940193	18954001	1727.7	0
18954001	18971148	1727.5	0
18971148	18986054	1711.7	0
18986054	18996078	1715.1	0
18996078	19013585	1709.9	0
19013585	19027823	1705.7	0
19027823	19045171	1707.7	0
19045171	19059606	1700.9	0
19059606	19073281	1712.1	0
19073281	19095120	1723.3	0
19095120	19100593	1707.3	0
19100593	19119321	1705.1	0
19119321	19135254	1709.5	0
19135254	19150327	1749.0	0
19150327	19167357	1721.1	0
19167357	19181483	1730.5	0
19181483	19193882	1711.9	0
19193882	19213953	1723.7	0
19213953	19219724	1720.1	0
19219724	19239682	1715.3	0
19239682	19252775	1726.9	0
19252775	19267658	1720.7	0
19267658	19290856	1712.1	0
19290856	19297655	1724.7	0
19297655	19316367	1737.3	0
19316367	19327778	1734.3	0
19327778	19346542	1708.1	0
19346542	19363022	1715.6	0
19363022	19377877	1723.1	0
19377877	19394005	1704.9	0
19394005	19402484	1704.3	0
19402484	19425894	1721.3	0
19425894	19437152	1710.3	0
19437152	19446072	1707.9	0
19446072	19462091	1704.9	0
19462091	19480281	1725.3	0
19480281	19487882	1709.5	0
19487882	19512481	1703.3	0
19512481	19524551	1724.7	0
19524551	19546752	1704.9	0
19546752	19557441	1727.1	0
19557441	19576178	1711.7	0
19576178	19590153	1723.9	0
19590153	19614715	1699.9	0
19614715	19633571	1703.1	0
19633571	19645749	1706.7	0
19645749	19662787	1727.5	0
19662787	19675435	1691.2	0
19675435	19696191	1692.4	0
19696191	19706471	1698.9	0
19706471	19721034	1710.3	0
19721034	19742441	1721.7	0
19742441	19748839	1702.7	0
19748839	19763758	1705.5	0
19763758	19781009	1701.1	0
19781009	19797428	1704.5	0
19797428	19821730	1701.5	0
19821730	19833331	1695.9	0
19833331	19841880	1691.6	0
19841880	19856015	1711.5	0
19856015	19871436	1692.4	0
19871436	19894179	1687.0	0
19894179	19896982	1698.7	0
19896982	19922803	1699.7	0
19922803	19927205	1701.9	0
19927205	19937207	1724.3	0
19937207	19966755	1697.5	0
19966755	19979785	1693.0	0
19979785	19994829	1691.6	0
19994829	20008401	1726.3	0
20008401	20025194	1728.7	0
20025194	20040919	1700.9	0
20040919	20056129	1698.9	0
20056129	20064061	1692.2	0
20064061	20081008	1703.5	0
20081008	20101195	1699.9	0
20101195	20116365	1727.5	0
20116365	20127563	1703.3	0
20127563	20144631	1703.9	0
20144631	20151683	1699.0	0
20151683	20165393	1690.6	0
20165393	20192721	1689.8	0
20192721	20195521	1723.9	0
20195521	20208565	1703.9	0
20208565	20227789	1704.9	0
20227789	20240214	1688.4	0
20240214	20261910	1688.8	0
20261910	20269060	1726.5	0
20269060	20289596	1725.3	0
20289596	20304851	1721.3	0
20304851	20313781	1731.7	0
20313781	20334032	1687.2	0
20334032	20345678	1696.7	0
20345678	20359185	1733.5	0
20359185	20368934	1732.9	0
20368934	20389666	1691.4	0
20389666	20406574	1691.0	0
20406574	20420283	1689.4	0
20420283	20434054	1697.7	0
20434054	20447782	1704.5	0
20447782	20459927	1690.4	0
20459927	20475572	1696.9	0
20475572	20489589	1688.4	0
20489589	20503244	1692.8	0
20503244	20515256	1727.9	0
20515256	20531074	1706.3	0
20531074	20552424	1726.7	0
20552424	20556824	1690.2	0
20556824	20568345	1690.2	0
20568345	20590622	1690.4	0
20590622	20606834	1720.5	0
20606834	20622766	1696.7	0
20622766	20636849	1689.2	0
20636849	20646514	1691.0	0
20646514	20661161	1685.6	0
20661161	20674868	1690.4	0
20674868	20691876	1688.8	0
20691876	20708496	1687.2	0
20708496	20720096	1691.6	0
20720096	20731772	1686.6	0
20731772	20751837	1690.0	0
20751837	20772846	1691.0	0
20772846	20778045	1688.2	0
20778045	20794346	1688.0	0
20794346	20808583	1689.4	0
20808583	20823523	1691.0	0
20823523	20840094	1690.6	0
20840094	20858983	1689.4	0
20858983	20866064	1696.3	0
20866064	20879752	1689.2	0
20879752	20898314	1689.6	0
20898314	20920015	1690.4	0
20920015	20929516	1687.4	0
20929516	20945485	1690.4	0
20945485	20958059	1724.7	0
20958059	20971983	1689.4	0
20971983	20992228	1691.2	0
20992228	21006256	1687.2	0
21006256	21020231	1687.3	0
21020231	21045621	1687.4	0
21045621	21065106	1734.7	0
21065106	21081218	1688.6	0
21081218	21093105	1684.0	0
21093105	21096849	1687.2	0
21096849	21121113	1687.4	0
21121113	21138359	1728.7	0
21138359	21151923	1685.0	0
21151923	21156322	1685.2	0
21156322	21173244	1689.2	0
21173244	21184109	1689.0	0
21184109	21207187	1687.0	0
21207187	21217332	1688.8	0
21217332	21233315	1688.4	0
21233315	21248386	1692.8	0
21248386	21264741	1691.2	0
21264741	21282951	1688.2	0
21282951	21289487	1688.2	0
21289487	21306123	1688.8	0
21306123	21316972	1686.4	0
21316972	21325713	1672.9	0
21325713	21352229	1687.6	0
21352229	21363510	1686.8	0
21363510	21379971	1688.6	0
21379971	21387465	1689.2	0
21387465	21403744	1694.1	0
21403744	21428547	1689.8	0
21428547	21432399	1734.5	0
21432399	21446921	1689.2	0
21446921	21465327	1677.5	0
21465327	21478524	1686.2	0
21478524	21501252	1689.0	0
21501252	21508012	1686.8	0
21508012	21521612	1687.0	0
21521612	21533778	1685.8	0
21533778	21550910	1688.1	0
21550910	21574795	1690.4	0
21574795	21583139	1744.8	0
21583139	21596011	1693.1	0
21596011	21607206	1687.8	0
21607206	21624120	1688.2	0
21624120	21647700	1688.2	0
21647700	21656006	1691.0	0
21656006	21669858	1695.1	0
21669858	21682656	1692.3	0
21682656	21697534	1695.9	0
21697534	21712235	1691.4	0
21712235	21729450	1689.2	0
21729450	21743758	1690.0	0
21743758	21754703	1688.2	0
21754703	21774100	1688.4	0
21774100	21789877	1708.3	0
21789877	21803877	1689.0	0
21803877	21813524	1688.0	0
21813524	21832025	1687.0	0
21832025	21851446	1689.0	0
21851446	21873038	1688.2	0
21873038	22094017	1687.4	0
22094017	22103955	1689.5	1
22103955	22122158	1689.7	1
22122158	22139292	1689.5	1
22139292	22153697	1688.9	1
22153697	22168279	1688.9	1
22168279	22175650	1688.7	1
22175650	22189939	1688.1	1
22189939	22211178	1689.3	1
22211178	22225038	1687.5	1
22225038	22238631	1683.2	1
22238631	22252234	1688.3	1
22252234	22266010	1687.5	1
22266010	22282037	1688.3	1
22282037	22290272	1689.3	1
22290272	22314067	1687.5	1
22314067	22322463	1682.0	1
22322463	22338589	1684.4	1
22338589	22359892	1684.4	1
22359892	22368667	1683.0	1
22368667	22378226	1684.8	1
22378226	22393765	1686.7	1
22393765	22412979	1683.0	1
22412979	22433391	1683.4	1
22433391	22443907	1682.2	1
22443907	22451072	1678.8	1
22451072	22470061	1683.0	1
22470061	22478691	1684.4	1
22478691	22501252	1686.5	1
22501252	22511463	1682.8	1
22511463	22534138	1684.6	1
22534138	22543859	1683.4	1
22543859	22554747	1684.8	1
22554747	22570179	1683.4	1
22570179	22584889	1682.4	1
22584889	22604643	1682.4	1
22604643	22620245	1683.4	1
22620245	22634056	1687.1	1
22634056	22653901	1684.0	1
22653901	22669278	1684.4	1
22669278	22680505	1686.7	1
22680505	22691579	1684.2	1
22691579	22709337	1682.8	1
22709337	22726194	1682.6	1
22726194	22739870	1681.4	1
22739870	22750669	1681.8	1
22750669	22763865	1681.8	1
22763865	22782783	1683.6	1
22782783	22796599	1683.6	1
22796599	22807522	1684.2	1
22807522	99999999	1680.4	1
