#Processing Run 48443 for polarization tables
#The run table thinks this was a DPERPL2 run
#Corresponding AMO file is :/home/clasg8/rootbeer2.1/dat/pol/amo_tesc_48430.dat
#Coherent Edge positions for TESC events follow:
#Event	Coh Edge	PolPlane(PARA=0,PERP=1,AMO=2,CHANGING=3)
0	57	1505.3	1
57	7216	1503.9	1
7216	23765	1503.1	1
23765	40777	1506.1	1
40777	58637	1506.5	1
58637	77389	1505.7	1
77389	84542	1507.9	1
84542	98858	1506.9	1
98858	112360	1503.9	1
112360	131489	1504.1	1
131489	146869	1505.3	1
146869	160712	1500.3	1
160712	175946	1507.3	1
175946	187158	1507.1	1
187158	204987	1503.7	1
204987	218688	1505.9	1
218688	240008	1505.9	1
240008	248394	1506.5	1
248394	260985	1506.1	1
260985	287131	1503.7	1
287131	294303	1503.3	1
294303	308979	1503.1	1
308979	322789	1505.3	1
322789	337119	1506.1	1
337119	354315	1504.9	1
354315	368279	1503.1	1
368279	388694	1503.9	1
388694	401970	1502.7	1
401970	410574	1504.9	1
410574	434942	1503.1	1
434942	446162	1504.1	1
446162	457382	1504.5	1
457382	467993	1505.5	1
467993	482096	1505.3	1
482096	502412	1503.7	1
502412	516444	1502.9	1
516444	528768	1503.3	1
528768	548979	1503.5	1
548979	556774	1502.7	1
556774	574338	1503.3	1
574338	593777	1505.1	1
593777	600895	1506.1	1
600895	622090	1504.1	1
622090	629252	1503.7	1
629252	656336	1504.1	1
656336	660554	1504.1	1
660554	673413	1503.1	1
673413	687458	1505.9	1
687458	709550	1505.3	1
709550	722689	1504.7	1
722689	734519	1505.1	1
734519	748490	1504.1	1
748490	762676	1506.1	1
762676	776760	1504.5	1
776760	795467	1506.3	1
795467	807463	1503.7	1
807463	819621	1505.5	1
819621	840757	1505.3	1
840757	849101	1503.3	1
849101	869169	1503.5	1
869169	882949	1502.5	1
882949	896523	1503.1	1
896523	910261	1504.7	1
910261	924913	1504.3	1
924913	946576	1505.5	1
946576	953550	1504.3	1
953550	967737	1503.3	1
967737	987499	1501.9	1
987499	995736	1502.3	1
995736	1018516	1503.3	1
1018516	1026383	1504.9	1
1026383	1040480	1505.3	1
1040480	1060525	1506.1	1
1060525	1068305	1505.5	1
1068305	1087681	1504.9	1
1087681	1100716	1506.1	1
1100716	1115839	1505.3	1
1115839	1130122	1505.9	1
1130122	1144498	1506.1	1
1144498	1162039	1507.7	1
1162039	1173564	1507.1	1
1173564	1186939	1506.9	1
1186939	1207144	1506.1	1
1207144	1214336	1502.5	1
1214336	1235573	1503.5	1
1235573	1247338	1503.3	1
1247338	1261093	1503.1	1
1261093	1274794	1506.5	1
1274794	1291954	1505.9	1
1291954	1314595	1506.9	1
1314595	1320409	1506.3	1
1320409	1341558	1505.9	1
1341558	1348812	1504.1	1
1348812	1362782	1504.7	1
1362782	1381991	1503.5	1
1381991	1397721	1503.9	1
1397721	1415048	1504.1	1
1415048	1421399	1503.9	1
1421399	1440924	1505.1	1
1440924	1462445	1504.7	1
1462445	1470845	1505.1	1
1470845	1483503	1506.7	1
1483503	1497148	1506.3	1
1497148	1516944	1504.5	1
1516944	1534233	1502.7	1
1534233	1546013	1505.5	1
1546013	1559331	1503.7	1
1559331	1573187	1502.7	1
1573187	1595181	1503.7	1
1595181	1611207	1505.9	1
1611207	1624068	1505.3	1
1624068	1643835	1503.9	1
1643835	1658235	1505.1	1
1658235	1675687	1504.5	1
1675687	1688200	1505.3	1
1688200	1701246	1504.3	1
1701246	1714683	1501.7	1
1714683	1728542	1504.9	1
1728542	1761150	1504.3	1
1761150	1773388	1506.1	1
1773388	1787519	1504.9	1
1787519	1805408	1502.5	1
1805408	1820281	1504.3	1
1820281	1836088	1504.1	1
1836088	1849422	1502.9	1
1849422	1866152	1501.9	1
1866152	1877827	1504.7	1
1877827	1898292	1504.5	1
1898292	1918463	1504.1	1
1918463	1934015	1504.9	1
1934015	1949383	1503.7	1
1949383	1961432	1504.3	1
1961432	1975831	1502.5	1
1975831	1994316	1503.9	1
1994316	2001119	1503.7	1
2001119	2020767	1503.3	1
2020767	2027840	1505.1	1
2027840	2051231	1499.3	1
2051231	2070141	1504.5	1
2070141	2084431	1503.5	1
2084431	2093707	1503.9	1
2093707	2107871	1504.9	1
2107871	2143703	1502.5	1
2143703	2156517	1504.3	1
2156517	2164767	1505.7	1
2164767	2179248	1506.3	1
2179248	2197250	1503.5	1
2197250	2219568	1503.7	1
2219568	2229987	1502.1	1
2229987	2247566	1501.1	1
2247566	2261945	1501.1	1
2261945	2290057	1502.7	1
2290057	2303997	1504.9	1
2303997	2312343	1503.9	1
2312343	2326497	1504.5	1
2326497	2346937	1502.7	1
2346937	2360775	1502.3	1
2360775	2374550	1503.7	1
2374550	2388637	1505.9	1
2388637	2402792	1504.3	1
2402792	2424070	1505.7	1
2424070	2439450	1505.3	1
2439450	2452200	1505.9	1
2452200	2466249	1504.9	1
2466249	2481011	1504.9	1
2481011	2510711	1503.3	1
2510711	2523644	1504.7	1
2523644	2537904	1503.7	1
2537904	2551943	1504.3	1
2551943	2565058	1504.3	1
2565058	2584237	1505.7	1
2584237	2601931	1505.1	1
2601931	2616352	1504.7	1
2616352	2623180	1504.9	1
2623180	2637366	1503.5	1
2637366	2657609	1503.3	1
2657609	2672341	1501.7	1
2672341	2683601	1499.7	1
2683601	2697762	1500.9	1
2697762	2711569	1502.3	1
2711569	2737212	1503.5	1
2737212	2742993	1504.9	1
2742993	2762033	1503.7	1
2762033	2771623	1503.3	1
2771623	2786862	1501.9	1
2786862	2806050	1497.7	1
2806050	2816526	1499.9	1
2816526	2835333	1499.5	1
2835333	2844091	1502.7	1
2844091	2858336	1501.9	1
2858336	2882914	1501.7	1
2882914	2891527	1502.1	1
2891527	2905612	1503.9	1
2905612	2919684	1505.9	1
2919684	2933871	1503.7	1
2933871	2951558	1503.5	1
2951558	2963188	1501.1	1
2963188	2976357	1501.7	1
2976357	2996778	1502.3	1
2996778	3011608	1502.9	1
3011608	3032426	1504.5	1
3032426	3039528	1504.5	1
3039528	3060461	1503.3	1
3060461	3067590	1503.1	1
3067590	3081517	1504.5	1
3081517	3102586	1499.7	1
3102586	3119650	1501.3	1
3119650	3127485	1498.9	1
3127485	3143528	1501.1	1
3143528	3159469	1499.9	1
3159469	3173639	1504.5	1
3173639	3187503	1505.9	1
3187503	3201549	1506.1	1
3201549	3215806	1504.9	1
3215806	3229993	1504.5	1
3229993	3247997	1502.5	1
3247997	3264859	1503.7	1
3264859	3276496	1500.9	1
3276496	3286341	1504.3	1
3286341	3299824	1503.3	1
3299824	3321511	1504.7	1
3321511	3334837	1503.7	1
3334837	3355716	1503.1	1
3355716	3365734	1504.1	1
3365734	3375659	1503.1	1
3375659	3393321	1503.1	1
3393321	3406391	1501.7	1
3406391	3420748	1505.5	1
3420748	3442099	1502.5	1
3442099	3450432	1502.3	1
3450432	3469593	1504.3	1
3469593	3481032	1502.7	1
3481032	3494901	1501.9	1
3494901	3509722	1502.5	1
3509722	3526836	1502.9	1
3526836	3542400	1497.3	1
3542400	3554966	1499.1	1
3554966	3575805	1498.3	1
3575805	3589637	1499.3	1
3589637	3602163	1500.7	1
3602163	3617365	1504.3	1
3617365	3629328	1499.1	1
3629328	3641101	1501.3	1
3641101	3662165	1500.3	1
3662165	3670156	1499.1	1
3670156	3689254	1502.3	1
3689254	3701990	1495.1	1
3701990	3721904	1499.7	1
3721904	3732085	1502.7	1
3732085	3746065	1500.5	1
3746065	3764675	1503.1	1
3764675	3776121	1498.9	1
3776121	3793279	1501.3	1
3793279	3810237	1502.3	1
3810237	3823865	1502.7	1
3823865	3838293	1503.3	1
3838293	3852068	1501.3	1
3852068	3873636	1503.3	1
3873636	3887376	1503.7	1
3887376	3893914	1503.7	1
3893914	3912457	1504.1	1
3912457	3929043	1497.3	1
3929043	3937638	1503.3	1
3937638	3951443	1501.3	1
3951443	3964785	1500.9	1
3964785	3985930	1502.7	1
3985930	3999171	1503.7	1
3999171	4013254	1502.7	1
4013254	4031900	1504.7	1
4031900	4040935	1504.9	1
4040935	4063580	1504.9	1
4063580	4071609	1501.3	1
4071609	4085963	1500.9	1
4085963	4100768	1498.5	1
4100768	4119894	1499.5	1
4119894	4138194	1498.3	1
4138194	4155269	1501.3	1
4155269	4163509	1501.7	1
4163509	4183637	1501.9	1
4183637	4191913	1499.1	1
4191913	4198613	1498.1	1
4198613	4210457	1545.8	1
4210457	4225509	1536.5	1
4225509	x	1530.8	1
4226038	4229391	1505.7	1
4229391	4237059	1506.5	1
4237059	4257367	1505.5	1
4257367	4270926	1503.9	1
4270926	4290682	1504.3	1
4290682	4293819	1504.9	1
4293819	4308384	1539.2	1
4308384	4331541	1535.1	1
4331541	4334474	1530.6	1
4334474	4341821	1552.8	1
4341821	4354676	1538.4	1
4354676	4370365	1529.4	1
4370365	4390351	1526.6	1
4390351	4405662	1519.2	1
4405662	4419288	1511.9	1
4419288	4430893	1509.1	1
4430893	4446117	1506.7	1
4446117	4472816	1507.9	1
4472816	4489238	1506.7	1
4489238	4505736	1506.9	1
4505736	4513794	1504.7	1
4513794	4527873	1502.3	1
4527873	4545412	1501.7	1
4545412	4559910	1500.9	1
4559910	4574340	1501.5	1
4574340	4588696	1497.3	1
4588696	4603190	1502.7	1
4603190	4620209	1502.7	1
4620209	4641628	1503.3	1
4641628	4654070	1503.3	1
4654070	4666585	1500.3	1
4666585	4678765	1493.5	1
4678765	4699217	1500.7	1
4699217	4717187	1500.3	1
4717187	4726904	1502.1	1
4726904	4745095	1500.1	1
4745095	4773277	1503.7	1
4773277	4787298	1499.1	1
4787298	4795703	1500.3	1
4795703	4810150	1502.7	1
4810150	4830716	1501.5	1
4830716	4851310	1503.1	1
4851310	4862710	1499.1	1
4862710	4873696	1501.9	1
4873696	4888046	1497.7	1
4888046	4907022	1498.1	1
4907022	4927792	1498.1	1
4927792	4933065	1501.7	1
4933065	4948154	1495.5	1
4948154	4962400	1492.1	1
4962400	4982697	1495.1	1
4982697	4998151	1498.9	1
4998151	5011860	1496.9	1
5011860	5033155	1500.9	1
5033155	5040554	1501.7	1
5040554	5075352	1501.5	1
5075352	5082678	1498.3	1
5082678	5104196	1497.5	1
5104196	5111440	1497.9	1
5111440	5125796	1496.9	1
5125796	5146197	1494.9	1
5146197	5159461	1500.9	1
5159461	5172486	1500.3	1
5172486	5188356	1499.9	1
5188356	5199333	1503.1	1
5199333	5222891	1499.9	1
5222891	5233099	1498.7	1
5233099	5247543	1503.1	1
5247543	5269817	1500.5	1
5269817	5277207	1497.7	1
5277207	5301769	1498.1	1
5301769	5306413	1500.9	1
5306413	5320961	1499.7	1
5320961	5335374	1498.1	1
5335374	5352006	1498.7	1
5352006	5367342	1498.1	1
5367342	5381025	1497.1	1
5381025	5395512	1496.7	1
5395512	5408884	1493.9	1
5408884	5423014	1503.3	1
5423014	5440714	1501.5	1
5440714	5461615	1497.1	1
5461615	5468683	1501.1	1
5468683	5482480	1499.9	1
5482480	5496679	1502.7	1
5496679	5515978	1503.5	1
5515978	5530020	1503.1	1
5530020	5541843	1501.5	1
5541843	5562491	1499.3	1
5562491	5570551	1498.5	1
5570551	5592319	1499.3	1
5592319	5601652	1502.3	1
5601652	5621282	1504.5	1
5621282	5630359	1503.1	1
5630359	5649694	1504.7	1
5649694	5666689	1501.9	1
5666689	5678557	1501.9	1
5678557	5693211	1502.9	1
5693211	5713860	1502.5	1
5713860	5737070	1501.9	1
5737070	5756050	1500.7	1
5756050	5764101	1501.3	1
5764101	5778553	1499.9	1
5778553	5794256	1500.3	1
5794256	5818492	1500.1	1
5818492	5829143	1534.3	1
5829143	5843583	1530.8	1
5843583	5856736	1526.6	1
5856736	5875616	1525.6	1
5875616	5888905	1517.6	1
5888905	5908286	1515.6	1
5908286	5919563	1511.7	1
5919563	5929862	1509.3	1
5929862	5955946	1508.9	1
5955946	5959816	1508.1	1
5959816	5972805	1508.9	1
5972805	5988064	1507.5	1
5988064	6002210	1507.3	1
6002210	6021821	1507.3	1
6021821	6035635	1506.7	1
6035635	6048702	1506.1	1
6048702	6063496	1503.5	1
6063496	6075778	1504.5	1
6075778	6093825	1499.3	1
6093825	6115106	1503.5	1
6115106	6122255	1498.7	1
6122255	6136340	1498.5	1
6136340	6157880	1499.1	1
6157880	6179232	1498.5	1
6179232	6186302	1500.3	1
6186302	6200698	1499.7	1
6200698	6222294	1496.9	1
6222294	6244044	1497.7	1
6244044	6258237	1497.3	1
6258237	6274338	1499.9	1
6274338	6285646	1497.1	1
6285646	6306908	1496.9	1
6306908	6322922	1496.7	1
6322922	6335852	1497.5	1
6335852	6349812	1498.1	1
6349812	6364721	1499.5	1
6364721	6378917	1499.7	1
6378917	6395387	1498.7	1
6395387	6409405	1502.5	1
6409405	6430783	1497.9	1
6430783	6445523	1501.5	1
6445523	6453101	1498.5	1
6453101	6475830	1501.3	1
6475830	6483861	1500.3	1
6483861	6504675	1501.3	1
6504675	6513212	1500.9	1
6513212	6526136	1503.1	1
6526136	6552732	1504.7	1
6552732	6560112	1504.3	1
6560112	6580399	1505.7	1
6580399	6588393	1503.5	1
6588393	6609388	1503.9	1
6609388	6624276	1503.5	1
6624276	6638736	1503.3	1
6638736	6660262	1502.3	1
6660262	6667383	1503.5	1
6667383	6686643	1504.5	1
6686643	6707644	1503.1	1
6707644	6716742	1504.7	1
6716742	6729989	1501.5	1
6729989	6744308	1502.5	1
6744308	6776711	1500.7	1
6776711	6785837	1503.1	1
6785837	6799257	1502.9	1
6799257	6821458	1503.3	1
6821458	6835371	1503.3	1
6835371	6850761	1503.7	1
6850761	6862927	1502.7	1
6862927	6877590	1503.3	1
6877590	6892314	1501.9	1
6892314	6905787	1502.9	1
6905787	6923809	1502.5	1
6923809	6939375	1501.5	1
6939375	6956546	1504.5	1
6956546	6966048	1505.3	1
6966048	6979600	1503.9	1
6979600	7001151	1503.5	1
7001151	7008483	1503.3	1
7008483	7021286	1504.1	1
7021286	7042515	1501.7	1
7042515	7050162	1501.9	1
7050162	7072697	1498.9	1
7072697	7085984	1503.1	1
7085984	7105221	1501.9	1
7105221	7112794	1503.3	1
7112794	7126490	1502.9	1
7126490	7145130	1502.5	1
7145130	7158207	1503.7	1
7158207	7172788	1504.5	1
7172788	7193960	1502.1	1
7193960	7201186	1502.1	1
7201186	7222513	1501.3	1
7222513	7232781	1505.9	1
7232781	7247466	1507.1	1
7247466	7261731	1502.3	1
7261731	7276097	1500.9	1
7276097	7293753	1502.9	1
7293753	7307543	1501.1	1
7307543	7326811	1503.9	1
7326811	7336340	1499.9	1
7336340	7356328	1498.5	1
7356328	7371608	1498.9	1
7371608	7384493	1503.7	1
7384493	7399769	1501.5	1
7399769	7413759	1502.1	1
7413759	7442666	1499.9	1
7442666	7454616	1499.5	1
7454616	7467981	1502.9	1
7467981	7482157	1501.5	1
7482157	7502513	1501.7	1
7502513	7519984	1501.1	1
7519984	7531352	1503.3	1
7531352	7547390	1503.7	1
7547390	7568723	1503.1	1
7568723	7578907	1503.5	1
7578907	7597223	1502.5	1
7597223	7615685	1503.7	1
7615685	7623203	1501.9	1
7623203	7643271	1503.9	1
7643271	7658927	1503.5	1
7658927	7675347	1504.3	1
7675347	7688830	1504.1	1
7688830	7701724	1501.7	1
7701724	7713830	1502.5	1
7713830	7728405	1504.9	1
7728405	7753473	1501.3	1
7753473	7762422	1502.5	1
7762422	7776752	1504.3	1
7776752	7789889	1500.9	1
7789889	7803493	1503.1	1
7803493	7822882	1506.1	1
7822882	7835482	1506.3	1
7835482	7848714	1505.1	1
7848714	7864500	1505.7	1
7864500	7877356	1504.3	1
7877356	7896292	1504.7	1
7896292	7908705	1505.5	1
7908705	7922227	1504.7	1
7922227	7935608	1506.7	1
7935608	7951347	1507.1	1
7951347	7969264	1506.3	1
7969264	7984604	1505.9	1
7984604	7997304	1505.9	1
7997304	8010034	1507.1	1
8010034	8023346	1506.9	1
8023346	8044819	1506.5	1
8044819	8056601	1505.7	1
8056601	8068577	1504.9	1
8068577	8085741	1504.5	1
8085741	8104466	1506.1	1
8104466	8125982	1505.5	1
8125982	8139833	1503.7	1
8139833	8147169	1506.3	1
8147169	8168225	1503.9	1
8168225	8175403	1502.5	1
8175403	8195813	1500.5	1
8195813	8213892	1499.3	1
8213892	8219337	1505.3	1
8219337	8233842	1503.3	1
8233842	8247974	1503.3	1
8247974	8267267	1505.5	1
8267267	8275992	1506.3	1
8275992	8290927	1507.3	1
8290927	8311195	1506.7	1
8311195	8317347	1502.3	1
8317347	8341535	1501.7	1
8341535	8352407	1504.5	1
8352407	8366709	1506.7	1
8366709	8381054	1506.3	1
8381054	8394733	1506.7	1
8394733	8416132	1506.7	1
8416132	8436955	1504.5	1
8436955	8441470	1504.7	1
8441470	8455743	1506.5	1
8455743	8469991	1505.7	1
8469991	8489163	1504.5	1
8489163	8501737	1503.7	1
8501737	8515936	1504.1	1
8515936	8537641	1507.3	1
8537641	8544381	1504.7	1
8544381	8563203	1505.1	1
8563203	8581163	1506.1	1
8581163	8589188	1506.1	1
8589188	8604469	1505.1	1
8604469	8623498	1505.3	1
8623498	8642150	1505.9	1
8642150	8653713	1505.7	1
8653713	8673703	1506.7	1
8673703	8682480	1507.3	1
8682480	8712328	1504.7	1
8712328	8724438	1506.1	1
8724438	8738569	1505.9	1
8738569	8752364	1506.3	1
8752364	8766220	1504.9	1
8766220	8786086	1505.7	1
8786086	8799020	1507.1	1
8799020	8813196	1507.1	1
8813196	8827130	1507.1	1
8827130	8840302	1507.5	1
8840302	8860032	1505.3	1
8860032	8876740	1504.1	1
8876740	8897523	1539.5	1
8897523	8905789	1529.4	1
8905789	8920064	1525.8	1
8920064	8938306	1521.2	1
8938306	8959306	1519.4	1
8959306	8964294	1518.4	1
8964294	8979138	1517.0	1
8979138	8990282	1515.4	1
8990282	9011281	1514.4	1
9011281	9024369	1514.6	1
9024369	9038912	1511.3	1
9038912	9053018	1515.2	1
9053018	9071668	1510.9	1
9071668	9088587	1508.3	1
9088587	9102195	1508.7	1
9102195	9114060	1506.5	1
9114060	9128844	1507.3	1
9128844	9142186	1507.1	1
9142186	9167006	1508.1	1
9167006	9181286	1508.5	1
9181286	9188391	1507.7	1
9188391	9194047	1506.9	1
9194047	9202825	1546.2	1
9202825	9224195	1539.5	1
9224195	9236833	1535.3	1
9236833	9251070	1531.2	1
9251070	9265267	1524.8	1
9265267	9278245	1520.4	1
9278245	9296886	1517.0	1
9296886	9309720	1512.1	1
9309720	9323837	1510.1	1
9323837	9337591	1508.7	1
9337591	9356245	1508.5	1
9356245	9374168	1539.5	1
9374168	9386738	1530.6	1
9386738	9401036	1526.2	1
9401036	9415619	1530.6	1
9415619	9429440	1519.6	1
9429440	9445866	1517.8	1
9445866	9465077	1516.8	1
9465077	9470478	1515.0	1
9470478	9484395	1511.7	1
9484395	9506023	1511.3	1
9506023	9522364	1509.5	1
9522364	9540633	1509.3	1
9540633	9555528	1507.9	1
9555528	9568878	1508.7	1
9568878	9576712	1509.1	1
9576712	9594315	1507.7	1
9594315	9606945	1507.3	1
9606945	9621149	1504.3	1
9621149	9635526	1503.7	1
9635526	9650825	1504.3	1
9650825	9668028	1505.3	1
9668028	9682883	1506.1	1
9682883	9697067	1504.9	1
9697067	9717783	1505.1	1
9717783	9725439	1505.9	1
9725439	9742960	1505.1	1
9742960	9753986	1504.1	1
9753986	9789738	1503.3	1
9789738	9796458	1505.3	1
9796458	9817875	1504.3	1
9817875	9830643	1502.9	1
9830643	9844746	1504.3	1
9844746	9858788	1505.7	1
9858788	9871053	1506.7	1
9871053	9889055	1504.9	1
9889055	9910116	1504.3	1
9910116	9917722	1504.1	1
9917722	9931833	1503.3	1
9931833	9951994	1503.9	1
9951994	9967445	1505.1	1
9967445	9988211	1505.7	1
9988211	9996279	1504.7	1
9996279	10010102	1504.9	1
10010102	10044710	1506.1	1
10044710	10053102	1505.3	1
10053102	10067033	1503.7	1
10067033	10080314	1504.5	1
10080314	10093599	1502.7	1
10093599	10112040	1503.9	1
10112040	10124482	1502.5	1
10124482	10145476	1503.9	1
10145476	10152531	1506.1	1
10152531	10168878	1505.7	1
10168878	10187884	1506.5	1
10187884	10200857	1506.3	1
10200857	10221643	1505.7	1
10221643	10229007	1506.3	1
10229007	10243074	1505.3	1
10243074	10266758	1506.7	1
10266758	10284616	1505.1	1
10284616	10293132	1505.1	1
10293132	10302180	1505.7	1
10302180	10315997	1506.1	1
10315997	10337925	1505.7	1
10337925	10347649	1505.7	1
10347649	10362163	1503.7	1
10362163	10376578	1503.9	1
10376578	10394469	1504.5	1
10394469	10411682	1505.1	1
10411682	10422907	1505.3	1
10422907	10442383	1505.9	1
10442383	10459601	1505.5	1
10459601	10467803	1506.7	1
10467803	10492607	1506.3	1
10492607	10499417	1506.1	1
10499417	10520050	1502.7	1
10520050	10531758	1502.7	1
10531758	10541158	1506.1	1
10541158	10564530	1507.3	1
10564530	10578876	1506.7	1
10578876	10586013	1506.5	1
10586013	10600463	1506.1	1
10600463	10614268	1505.7	1
10614268	10636012	1504.1	1
10636012	10645490	1505.5	1
10645490	10666232	1505.9	1
10666232	10676295	1505.9	1
10676295	10695870	1505.9	1
10695870	10712992	1506.3	1
10712992	10729009	1506.5	1
10729009	10737375	1507.1	1
10737375	10749490	1506.5	1
10749490	10784872	1503.1	1
10784872	10794534	1508.5	1
10794534	10806055	1503.5	1
10806055	10820882	1502.7	1
10820882	10834782	1504.5	1
10834782	10855962	1505.9	1
10855962	10875386	1507.7	1
10875386	10888502	1506.7	1
10888502	10897650	1505.9	1
10897650	10909846	1506.1	1
10909846	10927963	1504.7	1
10927963	10942317	1504.7	1
10942317	10963707	1504.9	1
10963707	10970789	1503.1	1
10970789	10985063	1504.5	1
10985063	11006253	1505.7	1
11006253	11014989	1507.3	1
11014989	11028718	1507.1	1
11028718	11043687	1506.9	1
11043687	11058273	1506.3	1
11058273	11077375	1506.5	1
11077375	11091421	1504.9	1
11091421	11104548	1506.5	1
11104548	11124802	1505.5	1
11124802	11138275	1506.1	1
11138275	11155105	1506.9	1
11155105	11169444	1505.7	1
11169444	11187684	1506.3	1
11187684	11204474	1505.5	1
11204474	11210874	1504.9	1
11210874	11227222	1504.3	1
11227222	11240425	1503.9	1
11240425	11254891	1503.7	1
11254891	11276052	1504.3	1
11276052	11290487	1504.1	1
11290487	11311915	1503.7	1
11311915	11318791	1505.3	1
11318791	11333253	1503.3	1
11333253	11347607	1503.3	1
11347607	11360092	1503.1	1
11360092	11378748	1504.3	1
11378748	11390499	1504.3	1
11390499	11406326	1504.3	1
11406326	11419785	1503.5	1
11419785	11434269	1505.5	1
11434269	11454722	1506.7	1
11454722	11473824	1505.9	1
11473824	11485097	1504.7	1
11485097	11494510	1502.5	1
11494510	11507303	1503.5	1
11507303	11531415	1499.7	1
11531415	11539359	1500.7	1
11539359	11553813	1502.5	1
11553813	11582456	1502.9	1
11582456	11601562	1505.1	1
11601562	11614656	1502.9	1
11614656	11628253	1502.1	1
11628253	11642634	1501.5	1
11642634	11657028	1504.9	1
11657028	11676012	1503.7	1
11676012	11693202	1503.7	1
11693202	11702121	1503.1	1
11702121	11716470	1503.5	1
11716470	11736339	1505.5	1
11736339	11757629	1504.1	1
11757629	11766567	1503.5	1
11766567	11779993	1503.7	1
11779993	11793831	1504.5	1
11793831	11822541	1504.5	1
11822541	11839227	1503.9	1
11839227	11846677	1504.3	1
11846677	11860772	1505.5	1
11860772	11875070	1506.7	1
11875070	11901195	1506.7	1
11901195	11915800	1504.7	1
11915800	11928324	1503.9	1
11928324	11943418	1502.7	1
11943418	11975507	1502.1	1
11975507	11984065	1503.7	1
11984065	11998639	1504.1	1
11998639	12012470	1504.5	1
12012470	12030057	1503.7	1
12030057	12046433	1504.1	1
12046433	12065392	1501.9	1
12065392	12079582	1502.3	1
12079582	12097462	1501.9	1
12097462	12104487	1503.3	1
12104487	12133825	1502.1	1
12133825	12156158	1504.1	1
12156158	12169565	1504.1	1
12169565	12177965	1503.1	1
12177965	12195570	1502.9	1
12195570	12214512	1503.7	1
12214512	12228893	1501.9	1
12228893	12236090	1499.5	1
12236090	12250557	1499.1	1
12250557	12282484	1499.7	1
12282484	12302927	1501.7	1
12302927	12310448	1502.1	1
12310448	12324318	1501.7	1
12324318	12342796	1502.5	1
12342796	12355612	1500.5	1
12355612	12368690	1499.7	1
12368690	12384176	1499.9	1
12384176	12403483	1499.5	1
12403483	12419215	1503.1	1
12419215	12433648	1504.7	1
12433648	12448255	1503.1	1
12448255	12460644	1502.1	1
12460644	12474822	1501.9	1
12474822	12493957	1498.9	1
12493957	12506513	1498.9	1
12506513	12520407	1497.3	1
12520407	12534560	1497.5	1
12534560	12548847	1499.5	1
12548847	12568118	1501.7	1
12568118	12580216	1501.3	1
12580216	12601300	1499.9	1
12601300	12614723	1499.3	1
12614723	12622802	1499.7	1
12622802	12642634	1500.3	1
12642634	12655348	1505.9	1
12655348	12669622	1503.9	1
12669622	12683322	1498.3	1
12683322	12704891	1501.7	1
12704891	12719213	1499.7	1
12719213	12732987	1502.7	1
12732987	12747383	1501.9	1
12747383	12768291	1503.3	1
12768291	12782224	1502.1	1
12782224	12797642	1501.5	1
12797642	12811210	1501.3	1
12811210	12824568	1501.5	1
12824568	12840058	1503.5	1
12840058	12853746	1503.7	1
12853746	12876089	1504.7	1
12876089	12882917	1503.7	1
12882917	12904001	1501.7	1
12904001	12911283	1499.9	1
12911283	12924956	1503.1	1
12924956	12946093	1501.7	1
12946093	12957007	1502.5	1
12957007	12976610	1502.7	1
12976610	12985319	1504.9	1
12985319	12999548	1503.3	1
12999548	13017393	1502.9	1
13017393	13038330	1503.3	1
13038330	13045580	1503.7	1
13045580	13066828	1502.5	1
13066828	13082349	1503.9	1
13082349	13095453	1502.1	1
13095453	13104692	1501.7	1
13104692	13118511	1502.1	1
13118511	13131915	1504.7	1
13131915	13149447	1505.5	1
13149447	13167382	1503.5	1
13167382	13180057	1503.7	1
13180057	13194451	1503.5	1
13194451	13214456	1503.7	1
13214456	13219344	1501.5	1
13219344	13243987	1535.7	1
13243987	13252840	1525.4	1
13252840	13273592	1520.0	1
13273592	13281250	1511.5	1
13281250	13295456	1511.1	1
13295456	13314123	1507.9	1
13314123	13327515	1504.1	1
13327515	13341477	1503.3	1
13341477	13355544	1503.7	1
13355544	13368888	1503.9	1
13368888	13388020	1502.9	1
13388020	13401041	1502.9	1
13401041	13415017	1499.9	1
13415017	13429296	1502.1	1
13429296	13442874	1503.9	1
13442874	13465996	1503.7	1
13465996	13479028	1503.7	1
13479028	13488573	1504.5	1
13488573	13511187	1503.9	1
13511187	13515885	1503.9	1
13515885	13536511	1504.3	1
13536511	13551443	1504.3	1
13551443	13563210	1504.3	1
13563210	13577649	1502.1	1
13577649	13591331	1503.3	1
13591331	13608139	1503.3	1
13608139	13622500	1504.3	1
13622500	13635868	1504.5	1
13635868	13650737	1505.9	1
13650737	13664557	1504.3	1
13664557	13686058	1503.3	1
13686058	13695160	1501.5	1
13695160	13709282	1502.7	1
13709282	13723267	1504.7	1
13723267	13742476	1505.3	1
13742476	13756701	1505.1	1
13756701	13775529	1506.3	1
13775529	13782426	1506.7	1
13782426	13802381	1505.5	1
13802381	13810075	1503.7	1
13810075	13834104	1503.3	1
13834104	13847867	1503.1	1
13847867	13858924	1505.7	1
13858924	13869068	1505.1	1
13869068	13883071	1504.5	1
13883071	13909275	1503.5	1
13909275	13916590	1503.7	1
13916590	13929747	1504.9	1
13929747	13945024	1506.9	1
13945024	13956451	1504.3	1
13956451	13975308	1504.9	1
13975308	13988989	1504.7	1
13988989	14010377	1505.5	1
14010377	14016756	1505.5	1
14016756	14031769	1505.3	1
14031769	14053741	1506.1	1
14053741	14062851	1507.9	1
14062851	14075760	1507.1	1
14075760	14095559	1507.7	1
14095559	14111416	1506.7	1
14111416	14126081	1507.5	1
14126081	14140125	1506.9	1
14140125	14161178	1504.7	1
14161178	14166523	1504.9	1
14166523	14188880	1503.1	1
14188880	14202175	1504.9	1
14202175	14215992	1506.9	1
14215992	14229894	1507.1	1
14229894	14243965	1507.7	1
14243965	14265578	1507.3	1
14265578	14279574	1506.1	1
14279574	14296371	1507.5	1
14296371	14312141	1507.1	1
14312141	14326569	1537.3	1
14326569	14341310	1532.4	1
14341310	14360201	1527.0	1
14360201	14372076	1518.6	1
14372076	14389344	1510.7	1
14389344	14405956	1516.2	1
14405956	14414811	1515.4	1
14414811	14440737	1511.1	1
14440737	14447284	1509.7	1
14447284	14461698	1509.7	1
14461698	14475106	1508.5	1
14475106	14490117	1507.7	1
14490117	14509350	1508.1	1
14509350	14518713	1507.9	1
14518713	14540060	1507.9	1
14540060	14547675	1507.1	1
14547675	14561915	1507.1	1
14561915	14582696	1508.1	1
14582696	14600385	1507.7	1
14600385	14608130	1507.7	1
14608130	14628503	1506.7	1
14628503	14636752	1504.5	1
14636752	14657336	1504.7	1
14657336	14676419	1505.9	1
14676419	14683618	1505.3	1
14683618	14697918	1505.5	1
14697918	14717622	1506.7	1
14717622	14737112	1506.9	1
14737112	14748403	1507.3	1
14748403	14767547	1507.1	1
14767547	14781096	1505.9	1
14781096	14804409	1503.3	1
14804409	14825536	1505.1	1
14825536	14831446	1506.1	1
14831446	14847156	1506.3	1
14847156	14860840	1507.3	1
14860840	14875875	1507.1	1
14875875	14895842	1509.1	1
14895842	14904639	1507.9	1
14904639	14923490	1507.1	1
14923490	14930392	1507.5	1
14930392	14950654	1506.5	1
14950654	14976474	1506.5	1
14976474	14991083	1508.3	1
14991083	15005519	1507.1	1
15005519	15022417	1507.9	1
15022417	15036592	1507.7	1
15036592	15050761	1507.9	1
15050761	15066402	1508.1	1
15066402	15083941	1508.3	1
15083941	15100807	1506.5	1
15100807	15113410	1507.9	1
15113410	15134481	1507.7	1
15134481	15143586	1509.5	1
15143586	15155713	1508.1	1
15155713	15178885	1507.5	1
15178885	15193660	1506.7	1
15193660	15202689	1507.5	1
15202689	15216517	1507.5	1
15216517	15234640	1508.5	1
15234640	15249918	1508.3	1
15249918	15264230	1509.1	1
15264230	15278083	1550.4	1
15278083	15291214	1539.4	1
15291214	15311617	1532.8	1
15311617	15332869	1528.4	1
15332869	15348267	1521.6	1
15348267	15360783	1519.2	1
15360783	15368737	1519.0	1
15368737	15396310	1516.8	1
15396310	15410695	1515.0	1
15410695	15425202	1515.2	1
15425202	15433954	1514.8	1
15433954	15446493	1511.7	1
15446493	15474059	1510.9	1
15474059	15481239	1510.3	1
15481239	15502200	1512.1	1
15502200	15517624	1509.9	1
15517624	15525131	1509.5	1
15525131	15547152	1508.5	1
15547152	15563254	1507.9	1
15563254	15571055	1507.1	1
15571055	15582450	1506.7	1
15582450	15596680	1507.5	1
15596680	15614947	1508.3	1
15614947	15628970	1508.9	1
15628970	15643061	1508.5	1
15643061	15657447	1508.9	1
15657447	15671536	1508.5	1
15671536	15691317	1508.5	1
15691317	15701593	1506.1	1
15701593	15721146	1507.1	1
15721146	15729003	1506.7	1
15729003	15749624	1507.9	1
15749624	15770679	1508.9	1
15770679	15778484	1508.5	1
15778484	15799668	1509.1	1
15799668	15813665	1508.7	1
15813665	15838307	1507.7	1
15838307	15849963	1508.1	1
15849963	15863631	1508.3	1
15863631	15877771	1508.1	1
15877771	15891967	1508.1	1
15891967	15912974	1509.3	1
15912974	15923686	1509.1	1
15923686	15938716	1509.1	1
15938716	15951589	1509.1	1
15951589	15966144	1509.3	1
15966144	15983695	1509.3	1
15983695	15997698	1509.7	1
15997698	16018255	1508.9	1
16018255	16025941	1508.3	1
16025941	16039735	1510.3	1
16039735	16061278	1510.1	1
16061278	16069239	1509.5	1
16069239	16083486	1509.7	1
16083486	16097953	1508.9	1
16097953	16119761	1508.1	1
16119761	16139823	1508.9	1
16139823	16146189	1509.1	1
16146189	16167399	1508.7	1
16167399	16175141	1509.3	1
16175141	16211397	1508.9	1
16211397	16224312	1510.3	1
16224312	16237544	1510.5	1
16237544	16245213	1507.7	1
16245213	16259552	1509.1	1
16259552	16278986	1508.7	1
16278986	16290669	1508.5	1
16290669	16303348	1508.1	1
16303348	16319266	1509.7	1
16319266	16340196	1510.5	1
16340196	16356701	1511.1	1
16356701	16373674	1510.5	1
16373674	16382555	1509.1	1
16382555	16397244	1508.5	1
16397244	16411379	1508.3	1
16411379	16429719	1508.3	1
16429719	16443186	1509.3	1
16443186	16456498	1507.3	1
16456498	16477600	1509.1	1
16477600	16484738	1509.3	1
16484738	16502630	1508.9	1
16502630	16522375	1508.9	1
16522375	16534832	1509.9	1
16534832	16542463	1555.2	1
16542463	16557504	1542.0	1
16557504	16577453	1539.3	1
16577453	16595998	1545.2	1
16595998	16609910	1528.2	1
16609910	16616962	1526.2	1
16616962	16631252	1520.2	1
16631252	16651950	1522.8	1
16651950	16670283	1518.4	1
16670283	16682180	1517.0	1
16682180	16699772	1516.6	1
16699772	16706780	1515.8	1
16706780	16726874	1515.2	1
16726874	16735324	1511.9	1
16735324	16749086	1510.5	1
16749086	16770683	1510.9	1
16770683	16783251	1510.5	1
16783251	16799594	1510.5	1
16799594	16813224	1509.5	1
16813224	16826329	1508.9	1
16826329	16839821	1510.3	1
16839821	16870820	1509.7	1
16870820	16883165	1506.7	1
16883165	16902932	1506.7	1
16902932	16911156	1507.7	1
16911156	16924877	1506.7	1
16924877	16944514	1507.3	1
16944514	16956015	1507.7	1
16956015	16977419	1508.3	1
16977419	16985821	1509.5	1
16985821	16999108	1508.5	1
16999108	17021506	1508.5	1
17021506	17034196	1509.5	1
17034196	17041444	1509.3	1
17041444	17055473	1507.3	1
17055473	17069640	1507.3	1
17069640	17091137	1507.3	1
17091137	17105169	1508.9	1
17105169	17122967	1508.9	1
17122967	17132754	1508.7	1
17132754	17147692	1509.1	1
17147692	17169105	1509.3	1
17169105	17179017	1507.3	1
17179017	17198998	1507.9	1
17198998	17212863	1507.5	1
17212863	17226154	1508.3	1
17226154	17248530	1508.5	1
17248530	17261426	1510.5	1
17261426	17275438	1508.1	1
17275438	17282552	1507.1	1
17282552	17304218	1507.5	1
17304218	17325222	1506.5	1
17325222	17329276	1507.5	1
17329276	17344560	1507.7	1
17344560	17358810	1506.7	1
17358810	17373500	1505.7	1
17373500	17398387	1507.5	1
17398387	17409796	1508.3	1
17409796	17418544	1508.1	1
17418544	17432942	1506.9	1
17432942	17446797	1507.5	1
17446797	17468249	1506.1	1
17468249	17477269	1507.5	1
17477269	17497032	1509.3	1
17497032	17505154	1507.7	1
17505154	17525186	1506.5	1
17525186	17546482	1507.3	1
17546482	17553755	1508.7	1
17553755	17569936	1508.5	1
17569936	17589162	1508.3	1
17589162	17614301	1507.7	1
17614301	17624614	1508.1	1
17624614	17638876	1507.5	1
17638876	17660135	1508.5	1
17660135	17669519	1508.5	1
17669519	17683208	1508.7	1
17683208	17703895	1549.6	1
17703895	17711756	1539.1	1
17711756	17726353	1535.9	1
17726353	17746918	1528.8	1
17746918	17761386	1526.8	1
17761386	17771429	1524.0	1
17771429	17785330	1520.6	1
17785330	17798699	1520.2	1
17798699	17812655	1519.4	1
17812655	17831882	1518.4	1
17831882	17842605	1518.0	1
17842605	17863062	1516.4	1
17863062	17873285	1515.6	1
17873285	17894791	1515.4	1
17894791	17908767	1515.2	1
17908767	17921654	1515.2	1
17921654	17934891	1507.5	1
17934891	17953198	1511.1	1
17953198	17962675	1509.5	1
17962675	17986084	1508.3	1
17986084	17993547	1508.3	1
17993547	18010627	1508.3	1
18010627	18029134	1508.9	1
18029134	18036089	1508.9	1
18036089	18057933	1507.9	1
18057933	18069750	1508.5	1
18069750	18081709	1508.5	1
18081709	18095464	1508.5	1
18095464	18116073	1507.9	1
18116073	18135707	1507.1	1
18135707	18147479	1506.1	1
18147479	18167862	1507.9	1
18167862	18181362	1507.7	1
18181362	18192832	1508.9	1
18192832	18214249	1509.1	1
18214249	18221301	1507.7	1
18221301	18235492	1508.1	1
18235492	18248795	1507.1	1
18248795	18263873	1506.1	1
18263873	18280786	1506.3	1
18280786	18291858	1506.1	1
18291858	18305929	1505.5	1
18305929	18327216	1507.1	1
18327216	18341245	1508.1	1
18341245	18356177	1506.5	1
18356177	18369326	1505.5	1
18369326	18383679	1503.9	1
18383679	18397339	1504.7	1
18397339	18427591	1505.7	1
18427591	18439703	1505.5	1
18439703	18453721	1506.5	1
18453721	18467716	1508.3	1
18467716	18489116	1507.5	1
18489116	18503338	1506.9	1
18503338	18512526	1505.5	1
18512526	18526780	1506.1	1
18526780	18540560	1506.5	1
18540560	18561138	1506.3	1
18561138	18578272	1506.3	1
18578272	18590647	1507.3	1
18590647	18602993	1508.1	1
18602993	18617260	1507.7	1
18617260	18638648	1506.5	1
18638648	18659798	1508.1	1
18659798	18667560	1506.7	1
18667560	18688652	1505.1	1
18688652	18702267	1505.5	1
18702267	18716752	1506.9	1
18716752	18737946	1507.1	1
18737946	18745044	1507.9	1
18745044	18766210	1506.5	1
18766210	18773285	1505.3	1
18773285	18809085	1505.3	1
18809085	18822626	1503.7	1
18822626	18830336	1502.5	1
18830336	18850642	1502.7	1
18850642	18858928	1504.1	1
18858928	18876861	1503.9	1
18876861	18895497	1504.5	1
18895497	18908906	1506.1	1
18908906	18916375	1504.5	1
18916375	18930295	1505.3	1
18930295	18951028	1505.3	1
18951028	18964053	1504.1	1
18964053	18979469	1503.9	1
18979469	18993809	1505.5	1
18993809	19005142	1504.7	1
19005142	19045418	1506.1	1
19045418	19056193	1531.2	1
19056193	19067150	1529.8	1
19067150	19081784	1520.6	1
19081784	19117226	1518.0	1
19117226	19131172	1517.6	1
19131172	19138357	1515.2	1
19138357	19159195	1512.3	1
19159195	19166169	1511.3	1
19166169	19185056	1510.3	1
19185056	19197400	1508.3	1
19197400	19210825	1507.1	1
19210825	19225431	1507.7	1
19225431	19238775	1507.9	1
19238775	19264690	1508.9	1
19264690	19277760	1507.9	1
19277760	19285970	1507.7	1
19285970	19308190	1507.3	1
19308190	19320739	1506.1	1
19320739	19341493	1507.1	1
19341493	19356712	1505.7	1
19356712	19365162	1506.1	1
19365162	19383258	1505.5	1
19383258	19397421	1506.7	1
19397421	19418887	1507.5	1
19418887	19427066	1507.3	1
19427066	19447070	1506.3	1
19447070	19454457	1505.7	1
19454457	19484538	1506.3	1
19484538	19497399	1506.3	1
19497399	19519595	1505.9	1
19519595	19527076	1507.5	1
19527076	19540262	1508.5	1
19540262	19558207	1508.3	1
19558207	19578876	1507.1	1
19578876	19586048	1508.1	1
19586048	19605273	1507.7	1
19605273	19619942	1507.9	1
19619942	19635712	1507.5	1
19635712	19649623	1507.7	1
19649623	19662753	1507.5	1
19662753	19677978	1507.9	1
19677978	19691990	1507.7	1
19691990	19713470	1507.1	1
19713470	19722639	1507.1	1
19722639	19734909	1507.1	1
19734909	19749053	1506.1	1
19749053	19770235	1504.9	1
19770235	19791401	1509.3	1
19791401	19798691	1505.5	1
19798691	19819851	1504.5	1
19819851	19828570	1506.5	1
19828570	19848097	1507.5	1
19848097	19863463	1506.1	1
19863463	19876541	1507.9	1
19876541	19897852	1507.7	1
19897852	19905107	1507.9	1
19905107	19919374	1507.7	1
19919374	19939991	1507.1	1
19939991	19954794	1507.1	1
19954794	19969719	1507.5	1
19969719	19977568	1508.7	1
19977568	19992409	1508.5	1
19992409	20012763	1508.1	1
20012763	99999999	1508.1	1
