#Processing Run 48509 for polarization tables
#The run table thinks this was a DPARAL2 run
#Corresponding AMO file is :/home/clasg8/rootbeer2.1/dat/pol/amo_tesc_48492.dat
#Coherent Edge positions for TESC events follow:
#Event	Coh Edge	PolPlane(PARA=0,PERP=1,AMO=2,CHANGING=3)
0	10627	1510.5	0
10627	27430	1510.9	0
27430	41223	1510.3	0
41223	60219	1511.1	0
60219	76745	1510.5	0
76745	87664	1510.5	0
87664	108407	1510.7	0
108407	118586	1510.1	0
118586	134058	1509.5	0
134058	153645	1509.9	0
153645	168632	1509.9	0
168632	185904	1510.7	0
185904	197428	1510.1	0
197428	212175	1510.3	0
212175	234246	1510.1	0
234246	244033	1509.5	0
244033	270927	1510.3	0
270927	285568	1510.3	0
285568	297130	1509.7	0
297130	312354	1510.3	0
312354	332249	1509.9	0
332249	353741	1509.7	0
353741	366124	1509.3	0
366124	377272	1509.1	0
377272	392393	1508.9	0
392393	407863	1509.1	0
407863	423935	1508.9	0
423935	443981	1508.7	0
443981	458390	1509.3	0
458390	473710	1509.1	0
473710	489028	1509.5	0
489028	503093	1509.5	0
503093	517939	1509.5	0
517939	534400	1510.5	0
534400	548805	1510.1	0
548805	565564	1510.3	0
565564	588370	1509.5	0
588370	607753	1509.9	0
607753	617055	1510.5	0
617055	639468	1510.5	0
639468	654073	1509.5	0
654073	667486	1509.5	0
667486	683434	1510.1	0
683434	694997	1509.9	0
694997	713890	1510.3	0
713890	729978	1510.3	0
729978	752389	1509.9	0
752389	763921	1510.3	0
763921	778023	1510.9	0
778023	792729	1511.5	0
792729	802819	1511.5	0
802819	829187	1512.3	0
829187	836506	1510.7	0
836506	858177	1510.3	0
858177	873961	1509.9	0
873961	887539	1510.7	0
887539	905039	1510.5	0
905039	920444	1510.5	0
920444	930505	1511.7	0
930505	946111	1511.3	0
946111	961910	1510.7	0
961910	986857	1510.7	0
986857	995760	1511.3	0
995760	1010120	1510.9	0
1010120	1024942	1510.7	0
1024942	1045888	1511.1	0
1045888	1063875	1511.1	0
1063875	1078454	1510.5	0
1078454	1093280	1510.7	0
1093280	1107994	1510.7	0
1107994	1118157	1510.5	0
1118157	1145624	1511.1	0
1145624	1161784	1509.3	0
1161784	1177446	1510.3	0
1177446	1193242	1509.7	0
1193242	1204260	1509.5	0
1204260	1229660	1509.1	0
1229660	1241192	1509.9	0
1241192	1258743	1511.3	0
1258743	1273335	1510.5	0
1273335	1287328	1509.3	0
1287328	1302697	1508.7	0
1302697	1321079	1509.9	0
1321079	1335617	1510.7	0
1335617	1346185	1509.5	0
1346185	1366300	1510.3	0
1366300	1379948	1509.9	0
1379948	1395504	1509.7	0
1395504	1410030	1510.1	0
1410030	1425423	1509.9	0
1425423	1445183	1510.3	0
1445183	1464372	1509.7	0
1464372	1470013	1510.7	0
1470013	1485523	1511.1	0
1485523	1507494	1511.1	0
1507494	1521355	1510.5	0
1521355	1543374	1510.7	0
1543374	1550622	1510.3	0
1550622	1572300	1510.7	0
1572300	1586765	1509.3	0
1586765	1596018	1509.5	0
1596018	1617609	1509.5	0
1617609	1635626	1509.9	0
1635626	1651457	1511.5	0
1651457	1666837	1510.1	0
1666837	1682342	1509.3	0
1682342	1702082	1509.7	0
1702082	1710941	1509.7	0
1710941	1731974	1510.3	0
1731974	1740357	1510.1	0
1740357	1761846	1509.7	0
1761846	1782927	1509.1	0
1782927	1793905	1508.3	0
1793905	1806847	1509.1	0
1806847	1820620	1509.5	0
1820620	1840467	1509.5	0
1840467	1853639	1509.1	0
1853639	1872078	1509.1	0
1872078	1880665	1508.7	0
1880665	1898346	1508.5	0
1898346	1910030	1508.7	0
1910030	1940049	1508.7	0
1940049	1949391	1508.5	0
1949391	1967843	1507.9	0
1967843	1978732	1508.1	0
1978732	1993422	1507.5	0
1993422	2018345	1508.1	0
2018345	2027165	1507.9	0
2027165	2047284	1508.3	0
2047284	2062225	1509.3	0
2062225	2072466	1508.5	0
2072466	2098469	1508.9	0
2098469	2112523	1509.1	0
2112523	2121846	1509.7	0
2121846	2138344	1509.9	0
2138344	2156596	1509.3	0
2156596	2177857	1508.5	0
2177857	2189753	1509.1	0
2189753	2210182	1509.5	0
2210182	2225461	1509.5	0
2225461	2235909	1510.1	0
2235909	2260235	1510.5	0
2260235	2266291	1508.9	0
2266291	2280773	1508.5	0
2280773	2297508	1509.1	0
2297508	2316256	1508.3	0
2316256	2333624	1507.7	0
2333624	2345350	1507.9	0
2345350	2366519	1507.5	0
2366519	2377412	1507.1	0
2377412	2392006	1507.9	0
2392006	2412916	1508.3	0
2412916	2430867	1508.1	0
2430867	2446285	1508.3	0
2446285	2461544	1508.5	0
2461544	2476197	1507.9	0
2476197	2494715	1507.9	0
2494715	2505328	1506.9	0
2505328	2521110	1507.7	0
2521110	2540903	1508.1	0
2540903	2556112	1507.9	0
2556112	2577896	1507.5	0
2577896	2590325	1507.9	0
2590325	2606126	1508.3	0
2606126	2621061	1508.3	0
2621061	2635005	1509.3	0
2635005	2652021	1509.3	0
2652021	2664893	1508.3	0
2664893	2679602	1508.5	0
2679602	2701610	1508.7	0
2701610	2716152	1508.3	0
2716152	2736949	1508.5	0
2736949	2745215	1506.9	0
2745215	2765009	1507.7	0
2765009	2780467	1507.3	0
2780467	2790648	1508.5	0
2790648	2816616	1507.9	0
2816616	2824401	1506.7	0
2824401	2840124	1507.5	0
2840124	2857992	1507.7	0
2857992	2870718	1508.1	0
2870718	2892095	1508.1	0
2892095	2905080	1508.3	0
2905080	2921839	1508.1	0
2921839	2934240	1508.1	0
2934240	2956080	1507.7	0
2956080	2970680	1508.3	0
2970680	2985880	1508.5	0
2985880	2999512	1508.1	0
2999512	3015252	1508.5	0
3015252	3035929	1508.7	0
3035929	3057745	1509.1	0
3057745	3069394	1508.7	0
3069394	3086703	1509.5	0
3086703	3100834	1509.5	0
3100834	3115617	1509.5	0
3115617	3130623	1509.7	0
3130623	3145118	1509.1	0
3145118	3159678	1509.3	0
3159678	3176174	1508.3	0
3176174	3186304	1507.9	0
3186304	3211908	1508.7	0
3211908	3228587	1508.5	0
3228587	3243589	1508.5	0
3243589	3258961	1507.9	0
3258961	3269191	1508.5	0
3269191	3295859	1510.7	0
3295859	3304041	1507.9	0
3304041	3322864	1508.5	0
3322864	3334707	1508.7	0
3334707	3353313	1508.5	0
3353313	3369677	1507.9	0
3369677	3385815	1508.3	0
3385815	3396703	1508.3	0
3396703	3413421	1508.7	0
3413421	3425858	1507.9	0
3425858	3455661	1507.9	0
3455661	3465056	1507.5	0
3465056	3480991	1507.5	0
3480991	3495651	1507.5	0
3495651	3516504	1507.5	0
3516504	3533733	1507.3	0
3533733	3549040	1507.5	0
3549040	3564386	1508.7	0
3564386	3575722	1509.7	0
3575722	3594700	1508.1	0
3594700	3611302	1508.1	0
3611302	3623548	1508.1	0
3623548	3643875	1508.7	0
3643875	3653914	1508.1	0
3653914	3669942	1508.9	0
3669942	3686923	1508.5	0
3686923	3705263	1508.1	0
3705263	3714140	1508.7	0
3714140	3736082	1507.9	0
3736082	3750755	1507.9	0
3750755	3771667	1508.5	0
3771667	3784890	1507.5	0
3784890	3800028	1508.3	0
3800028	3815073	1508.3	0
3815073	3825924	1508.1	0
3825924	3845264	1507.7	0
3845264	3859242	1507.5	0
3859242	3880217	1507.9	0
3880217	3895850	1507.1	0
3895850	3910472	1507.5	0
3910472	3928358	1508.7	0
3928358	3945239	1507.7	0
3945239	3961152	1508.3	0
3961152	3976132	1509.5	0
3976132	3983835	1509.3	0
3983835	4009638	1508.9	0
4009638	4022638	1508.9	0
4022638	4041772	1509.3	0
4041772	4058399	1508.7	0
4058399	4069188	1508.5	0
4069188	4089271	1508.5	0
4089271	4096517	1509.3	0
4096517	4111616	1508.9	0
4111616	4127116	1508.9	0
4127116	4142580	1508.3	0
4142580	4166138	1508.5	0
4166138	4181626	1509.1	0
4181626	4192526	1508.5	0
4192526	4207224	1509.5	0
4207224	4225592	1508.7	0
4225592	4942371	1509.1	0
4942371	4966329	1509.5	0
4966329	4972263	1508.5	0
4972263	4993487	1508.9	0
4993487	5004307	1508.9	0
5004307	5019523	1508.9	0
5019523	5040655	1509.1	0
5040655	5051422	1509.1	0
5051422	5068235	1509.1	0
5068235	5098792	1508.7	0
5098792	5121283	1509.5	0
5121283	5132556	1510.9	0
5132556	5149300	1510.3	0
5149300	5157879	1511.1	0
5157879	5177333	1511.9	0
5177333	5203911	1511.3	0
5203911	5216439	1513.5	0
5216439	5230865	1512.1	0
5230865	5245859	1513.3	0
5245859	5260729	1514.5	0
5260729	5276827	1513.7	0
5276827	5290580	1512.5	0
5290580	5305385	1512.5	0
5305385	5320490	1511.3	0
5320490	5335286	1508.5	0
5335286	5364226	1509.1	0
5364226	5376574	1510.1	0
5376574	5386109	1509.9	0
5386109	5405870	1508.3	0
5405870	5417905	1508.1	0
5417905	5444820	1507.1	0
5444820	5449157	1507.7	0
5449157	5464273	1507.7	0
5464273	5481278	1508.9	0
5481278	5500723	1510.7	0
5500723	5514686	1510.1	0
5514686	5526365	1508.9	0
5526365	5555517	1508.5	0
5555517	5563072	1491.3	0
5563072	5587051	1488.5	0
5587051	5611405	1491.3	0
5611405	5624277	1495.9	0
5624277	5634499	1498.9	0
5634499	5655809	1499.7	0
5655809	5670077	1501.7	0
5670077	5691633	1502.9	0
5691633	5703856	1504.9	0
5703856	5719978	1507.3	0
5719978	5729434	1508.7	0
5729434	5748317	1509.7	0
5748317	5766544	1510.3	0
5766544	5775618	1510.1	0
5775618	5793793	1509.9	0
5793793	5807626	1511.1	0
5807626	5827077	1511.9	0
5827077	5842462	1511.1	0
5842462	5856149	1511.3	0
5856149	5870514	1512.1	0
5870514	5891692	1512.7	0
5891692	5906223	1513.3	0
5906223	5927541	1512.7	0
5927541	5935833	1514.3	0
5935833	5947628	1514.1	0
5947628	5963078	1512.3	0
5963078	5981755	1512.9	0
5981755	6001348	1512.5	0
6001348	6016011	1514.5	0
6016011	6030094	1514.3	0
6030094	6044832	1512.3	0
6044832	6064492	1512.3	0
6064492	6079244	1512.7	0
6079244	6095604	1512.1	0
6095604	6105076	1512.1	0
6105076	6119915	1511.9	0
6119915	6140217	1512.5	0
6140217	6165876	1512.5	0
6165876	6175096	1512.9	0
6175096	6196220	1511.9	0
6196220	6210380	1513.1	0
6210380	6224488	1512.5	0
6224488	6249376	1512.9	0
6249376	6262907	1513.5	0
6262907	6282751	1497.1	0
6282751	6298253	1502.5	0
6298253	6309447	1504.1	0
6309447	6328819	1505.9	0
6328819	6340895	1508.5	0
6340895	6355098	1507.9	0
6355098	6376931	1508.9	0
6376931	6387185	1509.5	0
6387185	6406333	1510.3	0
6406333	6422883	1511.5	0
6422883	6434483	1510.7	0
6434483	6450090	1510.5	0
6450090	6464892	1510.1	0
6464892	6488413	1510.3	0
6488413	6499678	1511.1	0
6499678	6513772	1510.9	0
6513772	6533688	1511.1	0
6533688	6544799	1511.9	0
6544799	6563613	1512.7	0
6563613	6580929	1513.1	0
6580929	6595429	1513.3	0
6595429	6609928	1513.5	0
6609928	6622161	1513.5	0
6622161	6653187	1513.7	0
6653187	6662966	1514.1	0
6662966	6679819	1513.5	0
6679819	6690031	1513.1	0
6690031	6703797	1513.5	0
6703797	6727713	1512.3	0
6727713	6737545	1513.7	0
6737545	6752738	1513.1	0
6752738	6766577	1513.7	0
6766577	6782466	1513.5	0
6782466	6809980	1511.5	0
6809980	6816045	1513.1	0
6816045	6830497	1513.3	0
6830497	6847546	1513.3	0
6847546	6862503	1514.1	0
6862503	6890038	1513.1	0
6890038	6900690	1512.9	0
6900690	6915362	1513.9	0
6915362	6931725	1514.3	0
6931725	6946328	1513.5	0
6946328	6962961	1512.5	0
6962961	6981682	1513.1	0
6981682	6996290	1513.7	0
6996290	7006686	1513.9	0
7006686	7021095	1511.7	0
7021095	7043846	1512.7	0
7043846	7055706	1512.5	0
7055706	7071103	1512.5	0
7071103	7085105	1512.7	0
7085105	7106637	1512.9	0
7106637	7129308	1513.3	0
7129308	7133932	1512.9	0
7133932	7148782	1513.1	0
7148782	7170261	1512.5	0
7170261	7178697	1512.1	0
7178697	7200126	1512.3	0
7200126	7213500	1513.3	0
7213500	7229604	1512.3	0
7229604	7243812	1512.3	0
7243812	7263986	1512.1	0
7263986	7285347	1512.1	0
7285347	7296794	1512.1	0
7296794	7312929	1511.9	0
7312929	7323870	1512.7	0
7323870	7340973	1511.3	0
7340973	7357867	1512.3	0
7357867	7372369	1511.5	0
7372369	7386443	1511.7	0
7386443	7403306	1512.3	0
7403306	7422685	1512.3	0
7422685	7438425	1512.5	0
7438425	7451255	1512.7	0
7451255	7466947	1513.1	0
7466947	7481894	1512.9	0
7481894	7496040	1512.5	0
7496040	7519364	1512.7	0
7519364	7533882	1513.7	0
7533882	7548770	1512.9	0
7548770	7560420	1512.1	0
7560420	7575504	1513.7	0
7575504	7597354	1512.5	0
7597354	7609856	1513.5	0
7609856	7628654	1512.9	0
7628654	7643269	1512.3	0
7643269	7654320	1512.7	0
7654320	7677531	1512.5	0
7677531	7691712	1512.5	0
7691712	7709827	1513.5	0
7709827	7724248	1513.3	0
7724248	7735813	1512.7	0
7735813	7759759	1511.7	0
7759759	7768852	1511.1	0
7768852	7783683	1511.7	0
7783683	7800607	1512.7	0
7800607	7815140	1512.3	0
7815140	7842080	1511.9	0
7842080	7848853	1512.3	0
7848853	7868446	1511.5	0
7868446	7877537	1512.1	0
7877537	7920556	1511.9	0
7920556	7934324	1497.7	0
7934324	7954500	1500.7	0
7954500	7968245	1502.9	0
7968245	7978759	1504.9	0
7978759	8005706	1506.3	0
8005706	8018197	1508.7	0
8018197	8031956	1509.3	0
8031956	8045697	1510.1	0
8045697	8061472	1509.7	0
8061472	8082468	1509.7	0
8082468	8093940	1511.3	0
8093940	8113361	1512.1	0
8113361	8128069	1512.3	0
8128069	8143713	1511.1	0
8143713	8166755	1509.1	0
8166755	8179149	1514.1	0
8179149	8188525	1512.7	0
8188525	8203839	1511.1	0
8203839	8224482	1511.7	0
8224482	8244313	1511.3	0
8244313	8257195	1511.5	0
8257195	8268471	1512.7	0
8268471	8283103	1511.7	0
8283103	8303992	1512.5	0
8303992	8325073	1512.1	0
8325073	8337837	1512.5	0
8337837	8352825	1511.9	0
8352825	8362657	1512.9	0
8362657	8377682	1511.9	0
8377682	8397769	1512.9	0
8397769	8416524	1512.9	0
8416524	8428635	1512.1	0
8428635	8441374	1513.5	0
8441374	8457802	1512.3	0
8457802	8480482	1512.3	0
8480482	8501753	1512.7	0
8501753	8510213	1512.7	0
8510213	8530908	1513.7	0
8530908	8545556	1513.9	0
8545556	8565611	1513.7	0
8565611	8574775	1513.7	0
8574775	8589767	1513.9	0
8589767	8600618	1514.1	0
8600618	8617317	1513.5	0
8617317	8641158	1512.9	0
8641158	8660280	1513.1	0
8660280	8675335	1512.7	0
8675335	8684821	1512.7	0
8684821	8706866	1512.5	0
8706866	8717382	1513.7	0
8717382	8729247	1512.5	0
8729247	8750910	1512.3	0
8750910	8765392	1512.5	0
8765392	8779373	1511.9	0
8779373	8794004	1513.3	0
8794004	8809625	1512.1	0
8809625	8824689	1512.7	0
8824689	8839228	1512.5	0
8839228	8849719	1512.3	0
8849719	8880691	1512.9	0
8880691	8889609	1512.7	0
8889609	8904417	1512.5	0
8904417	8922802	1512.7	0
8922802	8932511	1512.7	0
8932511	8949338	1497.1	0
8949338	8959211	1496.1	0
8959211	8974662	1500.1	0
8974662	8995350	1503.5	0
8995350	9009493	1505.7	0
9009493	9023847	1508.5	0
9023847	9040961	1508.3	0
9040961	9056542	1509.3	0
9056542	9072958	1509.7	0
9072958	9110443	1510.3	0
9110443	9122043	1510.9	0
9122043	9139394	1511.7	0
9139394	9154590	1511.9	0
9154590	9172928	1511.5	0
9172928	9183890	1512.7	0
9183890	9204884	1512.9	0
9204884	9218873	1512.7	0
9218873	9232875	1511.9	0
9232875	9257010	1512.9	0
9257010	9266248	1511.9	0
9266248	9283850	1512.9	0
9283850	9295047	1513.9	0
9295047	9309571	1513.3	0
9309571	9335737	1513.3	0
9335737	9349061	1512.9	0
9349061	9363518	1513.5	0
9363518	9380779	1513.5	0
9380779	9392775	1513.5	0
9392775	9410429	1513.5	0
9410429	9422481	1513.1	0
9422481	9443008	1513.7	0
9443008	9458632	1513.3	0
9458632	9474836	1513.7	0
9474836	9496489	1513.7	0
9496489	9508109	1512.9	0
9508109	9522846	1511.7	0
9522846	9537436	1511.9	0
9537436	9552133	1512.5	0
9552133	9567170	1513.1	0
9567170	9588280	1512.9	0
9588280	9596581	1512.3	0
9596581	9617204	1512.1	0
9617204	9631542	1512.3	0
9631542	9654297	1512.5	0
9654297	9667047	1512.1	0
9667047	9683368	1511.7	0
9683368	9697891	1512.5	0
9697891	9706769	1512.3	0
9706769	9734254	1511.7	0
9734254	9741585	1512.1	0
9741585	9755999	1512.5	0
9755999	9771636	1511.5	0
9771636	9791907	1512.5	0
9791907	9806413	1512.7	0
9806413	9824857	1513.3	0
9824857	9835603	1512.5	0
9835603	9850822	1512.3	0
9850822	9864930	1512.7	0
9864930	9884776	1512.3	0
9884776	9919173	1512.7	0
9919173	9934891	1511.1	0
9934891	9944595	1512.1	0
9944595	9970199	1512.3	0
9970199	9984287	1513.1	0
9984287	9999637	1513.3	0
9999637	10009492	1512.9	0
10009492	10023838	1513.3	0
10023838	10045706	1512.7	0
10045706	10063878	1512.3	0
10063878	10080162	1512.9	0
10080162	10094306	1511.9	0
10094306	10103320	1513.9	0
10103320	10124876	1512.9	0
10124876	10139403	1511.9	0
10139403	10153369	1510.7	0
10153369	10172856	1511.5	0
10172856	10187640	1511.1	0
10187640	10207291	1512.1	0
10207291	10220019	1511.5	0
10220019	10235466	1511.7	0
10235466	10248795	1511.7	0
10248795	10263494	1510.7	0
10263494	10285581	1510.7	0
10285581	10300766	1511.1	0
10300766	10314446	1511.9	0
10314446	10332078	1512.1	0
10332078	10348314	1511.1	0
10348314	10362303	1511.9	0
10362303	10373095	1511.5	0
10373095	10393573	1511.7	0
10393573	10407949	1512.7	0
10407949	10423544	1511.9	0
10423544	10447453	1512.7	0
10447453	10456855	1511.1	0
10456855	10470754	1512.7	0
10470754	10490697	1511.9	0
10490697	10507718	1512.3	0
10507718	10527197	1511.9	0
10527197	10535391	1512.5	0
10535391	10554554	1512.3	0
10554554	10565812	1511.5	0
10565812	10582464	1512.3	0
10582464	10610044	1512.3	0
10610044	10615337	1512.5	0
10615337	10636298	1512.3	0
10636298	10650898	1511.3	0
10650898	10660508	1511.9	0
10660508	10678947	1512.1	0
10678947	10699163	1510.5	0
10699163	10710518	1510.1	0
10710518	10725464	1510.3	0
10725464	10744957	1510.5	0
10744957	10761665	1510.9	0
10761665	10774138	1511.3	0
10774138	10793499	1511.3	0
10793499	10804725	1511.1	0
10804725	10819742	1511.5	0
10819742	10842834	1512.3	0
10842834	10858988	1512.3	0
10858988	10872916	1512.5	0
10872916	10883195	1511.1	0
10883195	10903997	1511.5	0
10903997	10919174	1512.1	0
10919174	10937542	1511.5	0
10937542	10947646	1512.1	0
10947646	10963388	1511.5	0
10963388	10980853	1511.3	0
10980853	11004654	1511.7	0
11004654	11018797	1510.3	0
11018797	11033346	1510.5	0
11033346	11047835	1510.3	0
11047835	11057699	1511.1	0
11057699	11077449	1511.5	0
11077449	11096634	1510.9	0
11096634	11113269	1511.3	0
11113269	11122179	1511.3	0
11122179	11136014	1511.9	0
11136014	11157396	1511.5	0
11157396	11172273	1510.5	0
11172273	11182426	1510.7	0
11182426	11201784	1510.7	0
11201784	11211192	1510.3	0
11211192	11242017	1510.1	0
11242017	11249748	1509.5	0
11249748	11265599	1509.3	0
11265599	11286609	1509.5	0
11286609	11296602	1510.5	0
11296602	11318691	1510.5	0
11318691	11331714	1510.5	0
11331714	11344559	1510.7	0
11344559	11361411	1510.3	0
11361411	11375133	1510.9	0
11375133	11395479	1510.1	0
11395479	11416407	1509.3	0
11416407	11431346	1509.9	0
11431346	11444198	1510.1	0
11444198	11455201	1509.9	0
11455201	11484410	1511.1	0
11484410	11493170	1510.3	0
11493170	11509415	1510.7	0
11509415	11524373	1510.3	0
11524373	11539962	1510.1	0
11539962	11561685	1510.1	0
11561685	11574186	1510.3	0
11574186	11589915	1510.7	0
11589915	11599761	1509.5	0
11599761	11614800	1510.3	0
11614800	11639228	1511.1	0
11639228	11649641	1511.7	0
11649641	11670040	1511.3	0
11670040	11684173	1512.1	0
11684173	11695149	1511.9	0
11695149	11717051	1512.1	0
11717051	11734557	1512.5	0
11734557	11750246	1512.3	0
11750246	11765058	1512.9	0
11765058	11778803	1511.5	0
11778803	11800462	1511.7	0
11800462	11808248	1511.9	0
11808248	11827558	1511.7	0
11827558	11843735	1511.5	0
11843735	11853856	1510.7	0
11853856	11875293	1511.7	0
11875293	11892772	1511.3	0
11892772	11904376	1511.7	0
11904376	11924177	1511.7	0
11924177	11939378	1512.9	0
11939378	11956387	1512.9	0
11956387	11974665	1512.5	0
11974665	11989308	1513.1	0
11989308	12004963	1512.5	0
12004963	12018838	1512.7	0
12018838	12034649	1512.5	0
12034649	12048603	1512.1	0
12048603	12063173	1511.7	0
12063173	12083650	1512.3	0
12083650	12094810	1511.7	0
12094810	12116033	1512.1	0
12116033	12131887	1514.5	0
12131887	12147081	1512.9	0
12147081	12157466	1513.7	0
12157466	12177254	1511.5	0
12177254	12210057	1511.7	0
12210057	12227360	1512.1	0
12227360	12240901	1512.5	0
12240901	12251755	1511.9	0
12251755	12274019	1512.7	0
12274019	12281397	1512.3	0
12281397	12297140	1511.9	0
12297140	12312256	1512.7	0
12312256	12330256	1511.1	0
12330256	12358326	1512.3	0
12358326	12369397	1511.5	0
12369397	12390078	1512.3	0
12390078	12405349	1512.7	0
12405349	12419645	1512.7	0
12419645	12440026	1510.3	0
12440026	12449702	1513.1	0
12449702	12459802	1513.1	0
12459802	12477630	1512.5	0
12477630	12496053	1513.1	0
12496053	12510017	1512.9	0
12510017	12522809	1512.1	0
12522809	12539181	1511.5	0
12539181	12560107	1512.1	0
12560107	12573398	1512.5	0
12573398	12587860	1512.1	0
12587860	12607066	1511.7	0
12607066	12624161	1511.9	0
12624161	12638716	1512.3	0
12638716	12647852	1512.1	0
12647852	12668323	1512.5	0
12668323	12678924	1512.7	0
12678924	12694076	1513.7	0
12694076	12711607	1513.3	0
12711607	12726865	1513.7	0
12726865	12742666	1501.1	0
12742666	12761423	1501.1	0
12761423	12772310	1504.7	0
12772310	12788635	1506.3	0
12788635	12804304	1507.7	0
12804304	12823374	1508.5	0
12823374	12841815	1509.1	0
12841815	12863499	1508.9	0
12863499	12872367	1509.3	0
12872367	12886245	1510.1	0
12886245	12908564	1509.5	0
12908564	12928080	1510.1	0
12928080	12940778	1510.5	0
12940778	12955811	1510.9	0
12955811	12971693	1511.1	0
12971693	12983281	1512.1	0
12983281	13000031	1512.5	0
13000031	13016444	1512.1	0
13016444	13041354	1512.3	0
13041354	13056151	1512.3	0
13056151	13073348	1511.9	0
13073348	13085447	1513.5	0
13085447	13100772	1512.1	0
13100772	13120750	1511.7	0
13120750	13131607	1512.3	0
13131607	13163208	1512.1	0
13163208	13169645	1512.7	0
13169645	13184503	1511.7	0
13184503	13204961	1511.7	0
13204961	13213945	1512.1	0
13213945	13243490	1512.5	0
13243490	13257864	1511.9	0
13257864	13273483	1512.7	0
13273483	13290290	1511.7	0
13290290	13304893	1511.5	0
13304893	13322060	1511.7	0
13322060	13330019	1511.9	0
13330019	13344504	1509.7	0
13344504	13365007	1509.9	0
13365007	13380652	1510.1	0
13380652	13402477	1511.1	0
13402477	13414050	1512.3	0
13414050	13424218	1513.5	0
13424218	13444709	1513.7	0
13444709	13453869	1514.5	0
13453869	13475444	1514.3	0
13475444	13489601	1514.5	0
13489601	13510636	1514.3	0
13510636	13519189	1513.7	0
13519189	13539359	1513.9	0
13539359	13555525	1513.3	0
13555525	13574128	1513.3	0
13574128	13589260	1513.3	0
13589260	13605165	1513.3	0
13605165	13619927	1513.7	0
13619927	13634339	1513.9	0
13634339	13648702	1513.7	0
13648702	13668757	1513.7	0
13668757	13677762	1513.3	0
13677762	13699556	1513.1	0
13699556	13714470	1513.1	0
13714470	13728413	1513.5	0
13728413	13749328	1513.1	0
13749328	13764649	1512.5	0
13764649	13778709	1513.1	0
13778709	13792913	1512.5	0
13792913	13808403	1512.3	0
13808403	13818872	1512.5	0
13818872	13834955	1512.3	0
13834955	13847680	1512.3	0
13847680	13873598	1512.7	0
13873598	13887687	1512.3	0
13887687	13906771	1512.7	0
13906771	13921821	1512.1	0
13921821	13939089	1512.3	0
13939089	13959598	1512.7	0
13959598	13967747	1512.9	0
13967747	13982518	1512.9	0
13982518	13997026	1513.3	0
13997026	14018027	1513.9	0
14018027	14041065	1513.5	0
14041065	14046264	1515.9	0
14046264	14062922	1511.9	0
14062922	14098513	1510.9	0
14098513	14105352	1485.6	0
14105352	14135878	1488.0	0
14135878	14149699	1491.7	0
14149699	14159273	1495.5	0
14159273	14174731	1498.3	0
14174731	14194171	1501.9	0
14194171	14213009	1503.3	0
14213009	14229215	1504.5	0
14229215	14243706	1505.9	0
14243706	14258064	1507.1	0
14258064	14278524	1507.7	0
14278524	14298267	1509.3	0
14298267	14308464	1510.3	0
14308464	14320510	1510.7	0
14320510	14339314	1511.1	0
14339314	14351521	1511.1	0
14351521	14367870	1511.5	0
14367870	14383892	1511.1	0
14383892	14400981	1511.7	0
14400981	14416539	1512.3	0
14416539	14426245	1512.7	0
14426245	14450281	1513.7	0
14450281	14464479	1512.9	0
14464479	14476086	1512.3	0
14476086	14489331	1513.5	0
14489331	14504757	1512.7	0
14504757	14532165	1513.1	0
14532165	14540321	1512.3	0
14540321	14554750	1513.1	0
14554750	14570094	1513.1	0
14570094	14588440	1513.7	0
14588440	14610571	1513.5	0
14610571	14628329	1512.9	0
14628329	14639553	1512.7	0
14639553	14658747	1513.1	0
14658747	14676666	1513.5	0
14676666	14688936	1512.9	0
14688936	14707016	1513.3	0
14707016	14722801	1513.5	0
14722801	14738785	1513.1	0
14738785	14753656	1513.1	0
14753656	14771662	1512.5	0
14771662	14786982	1513.1	0
14786982	14794995	1512.1	0
14794995	14811152	1512.3	0
14811152	14832121	1512.1	0
14832121	14853580	1512.1	0
14853580	14866085	1511.3	0
14866085	14881284	1512.1	0
14881284	14896773	1511.5	0
14896773	14908208	1511.1	0
14908208	14932618	1511.5	0
14932618	14946878	1511.9	0
14946878	14957621	1511.5	0
14957621	14975809	1511.1	0
14975809	14990058	1511.1	0
14990058	15004770	1511.1	0
15004770	15019229	1511.1	0
15019229	15040904	1510.5	0
15040904	15049456	1512.9	0
15049456	15065152	1511.3	0
15065152	15092906	1510.9	0
15092906	15099275	1510.9	0
15099275	15119731	1511.1	0
15119731	15129069	1510.9	0
15129069	15150012	1510.9	0
15150012	15164750	1511.5	0
15164750	15184871	1511.3	0
15184871	15200369	1510.5	0
15200369	15208931	1512.1	0
15208931	15230313	1512.3	0
15230313	15245472	1512.5	0
15245472	15258320	1512.1	0
15258320	15271931	1512.7	0
15271931	15292833	1511.3	0
15292833	15303916	1512.1	0
15303916	15325172	1512.3	0
15325172	15342401	1511.3	0
15342401	15356201	1511.5	0
15356201	15371247	1511.7	0
15371247	15382574	1512.7	0
15382574	15408344	1511.5	0
15408344	15421014	1511.5	0
15421014	15431155	1512.5	0
15431155	15450394	1511.9	0
15450394	15464977	1512.3	0
15464977	15480833	1512.9	0
15480833	15500319	1512.7	0
15500319	15516211	1511.3	0
15516211	15530895	1511.7	0
15530895	15539857	1511.7	0
15539857	15560293	1512.5	0
15560293	15579529	1511.7	0
15579529	15589819	1511.7	0
15589819	15611348	1511.5	0
15611348	15625858	1511.7	0
15625858	15640934	1511.9	0
15640934	15657404	1511.5	0
15657404	15672624	1482.4	0
15672624	15694751	1485.6	0
15694751	15704335	1492.9	0
15704335	15722095	1496.9	0
15722095	15736993	1499.3	0
15736993	15748520	1500.1	0
15748520	15771694	1502.5	0
15771694	15779092	1504.1	0
15779092	15794303	1505.5	0
15794303	15815262	1506.9	0
15815262	15830401	1506.5	0
15830401	15855812	1506.9	0
15855812	15867168	1508.7	0
15867168	15881273	1509.5	0
15881273	15892144	1509.5	0
15892144	15910959	1511.1	0
15910959	15932454	1510.7	0
15932454	15946933	1511.1	0
15946933	15961430	1511.1	0
15961430	15975903	1512.1	0
15975903	15986369	1511.5	0
15986369	16016612	1512.1	0
16016612	16023411	1512.5	0
16023411	16039445	1512.1	0
16039445	16052526	1511.7	0
16052526	16074629	1512.9	0
16074629	16088614	1512.5	0
16088614	16107351	1512.1	0
16107351	16117485	1512.1	0
16117485	16136992	1511.1	0
16136992	16169081	1512.1	0
16169081	16182650	1511.9	0
16182650	16192786	1511.9	0
16192786	16208949	1512.1	0
16208949	16226700	1512.7	0
16226700	16244762	1512.7	0
16244762	16259663	1512.7	0
16259663	16274452	1512.3	0
16274452	16293390	1512.7	0
16293390	16309642	1512.5	0
16309642	16331227	1511.5	0
16331227	16346211	1514.7	0
16346211	16359245	1513.9	0
16359245	16374961	1513.3	0
16374961	16383434	1513.7	0
16383434	16406496	1513.5	0
16406496	16419108	1514.1	0
16419108	16432958	1513.7	0
16432958	16447764	1513.5	0
16447764	16469217	1513.7	0
16469217	16487486	1513.7	0
16487486	16494088	1513.9	0
16494088	16514680	1513.3	0
16514680	16525986	1513.5	0
16525986	16541856	1512.7	0
16541856	16573922	1512.7	0
16573922	16578194	1511.9	0
16578194	16597954	1512.3	0
16597954	16614644	1511.7	0
16614644	16629422	1512.9	0
16629422	16647914	1512.7	0
16647914	16653303	1512.5	0
16653303	16668128	1513.1	0
16668128	16683700	1512.9	0
16683700	16702660	1512.5	0
16702660	16728799	1512.1	0
16728799	16741261	1512.1	0
16741261	16752709	1511.3	0
16752709	16765534	1511.9	0
16765534	16781733	1512.1	0
16781733	16802513	1511.7	0
16802513	16820138	1510.7	0
16820138	16831273	1509.9	0
16831273	16845011	1498.9	0
16845011	16867365	1501.7	0
16867365	16876869	1503.9	0
16876869	16891376	1505.3	0
16891376	16916712	1506.5	0
16916712	16924817	1506.3	0
16924817	16945604	1506.7	0
16945604	16960735	1506.9	0
16960735	16972578	1507.1	0
16972578	16993513	1506.7	0
16993513	17004603	1507.1	0
17004603	17024467	1507.1	0
17024467	17040306	1507.5	0
17040306	17055687	1507.3	0
17055687	17077264	1507.1	0
17077264	17084952	1508.3	0
17084952	17105867	1508.3	0
17105867	17120912	1508.5	0
17120912	17135982	1508.9	0
17135982	17156650	1508.5	0
17156650	17169151	1509.1	0
17169151	17184581	1508.5	0
17184581	17194435	1509.1	0
17194435	17215831	1508.3	0
17215831	17237307	1507.9	0
17237307	17245518	1508.1	0
17245518	17262694	1507.9	0
17262694	17279904	1508.5	0
17279904	17289508	1507.9	0
17289508	17317313	1508.9	0
17317313	17323257	1507.1	0
17323257	17343867	1508.1	0
17343867	17354180	1507.5	0
17354180	17368857	1507.3	0
17368857	17393983	1506.9	0
17393983	17401837	1507.5	0
17401837	17419326	1506.7	0
17419326	17433162	1507.5	0
17433162	17451232	1507.9	0
17451232	17470322	1507.7	0
17470322	17486463	1507.9	0
17486463	17503818	1507.9	0
17503818	17512253	1508.7	0
17512253	17529181	1508.7	0
17529181	17557271	1509.1	0
17557271	17572088	1508.9	0
17572088	17584142	1509.7	0
17584142	17601520	1509.5	0
17601520	17616854	1509.7	0
17616854	17630207	1509.7	0
17630207	17642744	1508.9	0
17642744	17659273	1508.7	0
17659273	17672892	1507.9	0
17672892	17694490	1505.9	0
17694490	17705962	1508.7	0
17705962	17723934	1508.1	0
17723934	17740599	1508.3	0
17740599	17756257	1508.3	0
17756257	17767445	1507.3	0
17767445	17788005	1507.9	0
17788005	17801025	1508.7	0
17801025	17816366	1508.9	0
17816366	17834900	1509.3	0
17834900	17850401	1508.3	0
17850401	17868197	1508.9	0
17868197	17885273	1508.3	0
17885273	17899500	1508.9	0
17899500	17910467	1508.9	0
17910467	17929678	1507.9	0
17929678	17948628	1508.3	0
17948628	17958598	1508.3	0
17958598	17974368	1508.1	0
17974368	17989944	1507.7	0
17989944	18010120	1506.7	0
18010120	18026121	1507.3	0
18026121	18044560	1506.7	0
18044560	18059218	1507.3	0
18059218	18076656	1508.3	0
18076656	18090236	1507.3	0
18090236	18104553	1507.3	0
18104553	18123849	1508.3	0
18123849	18135459	1507.5	0
18135459	18156013	1507.9	0
18156013	18170395	1507.5	0
18170395	18192038	1507.7	0
18192038	18203498	1507.3	0
18203498	18214070	1508.1	0
18214070	18233498	1508.3	0
18233498	18248633	1507.5	0
18248633	18267601	1507.7	0
18267601	18284374	1507.7	0
18284374	18298367	1508.5	0
18298367	18310051	1507.5	0
18310051	18328950	1508.3	0
18328950	18348801	1507.5	0
18348801	18364353	1507.3	0
18364353	18378085	1506.7	0
18378085	18398019	1507.5	0
18398019	18408022	1508.1	0
18408022	18425664	1507.5	0
18425664	18444120	1507.9	0
18444120	18458613	1507.3	0
18458613	18469486	1506.9	0
18469486	18484781	1506.7	0
18484781	18505707	1507.3	0
18505707	18516665	1507.7	0
18516665	18532996	1507.3	0
18532996	18547657	1506.7	0
18547657	18567744	1507.7	0
18567744	18586548	1508.1	0
18586548	18603378	1507.7	0
18603378	18617790	1507.7	0
18617790	18632084	1507.7	0
18632084	18644764	1508.1	0
18644764	18664648	1491.0	0
18664648	18683739	1491.5	0
18683739	18700640	1494.5	0
18700640	18709587	1497.9	0
18709587	18728849	1498.7	0
18728849	18736048	1500.1	0
18736048	18744620	1478.2	0
18744620	18764843	1475.9	0
18764843	18782996	1497.3	0
18782996	18794055	1500.3	0
18794055	18814956	1503.5	0
18814956	18830904	1505.3	0
18830904	18850152	1505.9	0
18850152	18863783	1506.7	0
18863783	18879519	1506.3	0
18879519	18894165	1507.5	0
18894165	18905752	1508.7	0
18905752	18928552	1509.7	0
18928552	18937935	1510.7	0
18937935	18958046	1510.9	0
18958046	18967433	1512.7	0
18967433	18983841	1511.9	0
18983841	19003059	1512.7	0
19003059	19017569	1512.9	0
19017569	19038112	1512.9	0
19038112	19047302	1512.7	0
19047302	19067452	1512.3	0
19067452	19083624	1512.7	0
19083624	19097718	1513.3	0
19097718	19111139	1513.3	0
19111139	19131355	1512.9	0
19131355	19141041	1512.9	0
19141041	19161706	1513.9	0
19161706	19176186	1512.5	0
19176186	19195621	1513.1	0
19195621	19210900	1513.1	0
19210900	19219910	1513.5	0
19219910	19241791	1513.5	0
19241791	19254326	1514.5	0
19254326	19270157	1514.7	0
19270157	19291180	1514.3	0
19291180	19300213	1513.1	0
19300213	19321882	1513.1	0
19321882	19332742	1514.3	0
19332742	19350024	1513.1	0
19350024	19368260	1512.9	0
19368260	19384561	1513.9	0
19384561	19407333	1513.7	0
19407333	19413834	1514.7	0
19413834	19429040	1513.5	0
19429040	19448194	1513.5	0
19448194	19459701	1513.9	0
19459701	19480661	1512.5	0
19480661	19496605	1510.9	0
19496605	19507522	1511.7	0
19507522	19526695	1514.3	0
19526695	19538453	1514.3	0
19538453	19559028	1512.3	0
19559028	19573159	1518.8	0
19573159	19587349	1513.5	0
19587349	19606007	1512.9	0
19606007	19617770	1512.5	0
19617770	19645350	1510.9	0
19645350	19651036	1511.7	0
19651036	19664240	1511.5	0
19664240	19681581	1510.5	0
19681581	19697363	1509.5	0
19697363	19728229	1510.5	0
19728229	19739407	1510.3	0
19739407	19754329	1511.1	0
19754329	19766128	1509.7	0
19766128	19785944	1510.1	0
19785944	19795105	1510.9	0
19795105	19815671	1510.3	0
19815671	19825737	1509.9	0
19825737	19842285	1509.7	0
19842285	19856976	1508.1	0
19856976	19882076	1508.7	0
19882076	19896410	1508.9	0
19896410	19908063	1508.9	0
19908063	19922115	1508.1	0
19922115	19937314	1508.7	0
19937314	19966062	1509.1	0
19966062	19970862	1508.7	0
19970862	19990130	1508.3	0
19990130	20002950	1507.9	0
20002950	20039550	1507.5	0
20039550	20057975	1506.3	0
20057975	20067920	1506.5	0
20067920	20083912	1505.9	0
20083912	20102820	1506.1	0
20102820	20120087	1504.5	0
20120087	20132538	1504.1	0
20132538	20152264	1506.1	0
20152264	20168714	1506.3	0
20168714	20183195	1504.7	0
20183195	20206187	1504.3	0
20206187	20219336	1505.3	0
20219336	20228668	1505.3	0
20228668	20242440	1505.7	0
20242440	20257743	1505.7	0
20257743	20279608	1505.5	0
20279608	20292768	1506.5	0
20292768	20308596	1506.9	0
20308596	20323160	1506.3	0
20323160	20342413	1505.5	0
20342413	20364684	1505.1	0
20364684	20375985	1506.3	0
20375985	20386225	1504.5	0
20386225	20406617	1504.7	0
20406617	20417428	1504.7	0
20417428	20439295	1505.1	0
20439295	20453595	1504.9	0
20453595	20471909	1505.5	0
20471909	20485925	1504.9	0
20485925	20496751	1505.7	0
20496751	20522641	1505.7	0
20522641	20532706	1505.5	0
20532706	20551520	1505.1	0
20551520	20562958	1505.1	0
20562958	20582696	1505.7	0
20582696	20595980	1506.1	0
20595980	20610958	1506.5	0
20610958	20626764	1506.5	0
20626764	20635458	1505.7	0
20635458	20657498	1506.3	0
20657498	20679327	1506.3	0
20679327	20688726	1504.9	0
20688726	20703087	1505.3	0
20703087	20723111	1504.7	0
20723111	20739174	1504.9	0
20739174	20763289	1505.1	0
20763289	20766520	1504.5	0
20766520	20782756	1504.7	0
20782756	20805444	1504.1	0
20805444	20818435	1504.5	0
20818435	20840955	1504.7	0
20840955	20847810	1504.9	0
20847810	20867862	1504.1	0
20867862	20884140	1505.3	0
20884140	20897439	1506.1	0
20897439	20920492	1506.3	0
20920492	20927754	1505.1	0
20927754	20942188	1505.3	0
20942188	20962450	1505.7	0
20962450	20978316	1505.5	0
20978316	20992786	1504.7	0
20992786	21003626	1506.5	0
21003626	21020577	1505.7	0
21020577	21035384	1506.7	0
21035384	21050612	1506.9	0
21050612	21074634	1506.5	0
21074634	21086721	1505.9	0
21086721	21108149	1505.9	0
21108149	21116965	1504.9	0
21116965	21132604	1505.5	0
21132604	21159002	1505.5	0
21159002	21168054	1506.3	0
21168054	21187247	1506.3	0
21187247	21196495	1506.3	0
21196495	21216679	1505.7	0
21216679	21239243	1505.1	0
21239243	21252427	1505.9	0
21252427	21267405	1507.1	0
21267405	21276730	1505.3	0
21276730	21291917	1505.5	0
21291917	21315995	1506.1	0
21315995	21326793	1505.9	0
21326793	21347333	1506.5	0
21347333	21358553	1506.9	0
21358553	21376307	1506.7	0
21376307	21396415	1507.1	0
21396415	21414630	1507.3	0
21414630	21430994	1507.3	0
21430994	21441103	1507.5	0
21441103	21462375	1507.5	0
21462375	21475357	1507.5	0
21475357	21492369	1507.9	0
21492369	21506148	1507.3	0
21506148	21518154	1508.1	0
21518154	21537809	1508.5	0
21537809	21559527	1510.3	0
21559527	21571713	1509.7	0
21571713	21586201	1508.3	0
21586201	21603088	1508.7	0
21603088	21613475	1508.3	0
21613475	21639206	1508.5	0
21639206	21652173	1507.9	0
21652173	21662570	1508.3	0
21662570	21680717	1508.5	0
21680717	21695436	1508.1	0
21695436	21710404	1507.9	0
21710404	21725004	1508.3	0
21725004	21745639	1508.5	0
21745639	21754746	1508.7	0
21754746	21775484	1508.3	0
21775484	21794918	1508.3	0
21794918	21801375	1508.9	0
21801375	21818567	1509.3	0
21818567	21832527	1509.9	0
21832527	21847221	1509.1	0
21847221	21872183	1508.5	0
21872183	21890892	1508.7	0
21890892	21905681	1508.3	0
21905681	21916511	1509.3	0
21916511	21931199	1509.5	0
21931199	21957787	1509.3	0
21957787	21964225	1509.3	0
21964225	21980213	1508.9	0
21980213	21999761	1509.1	0
21999761	22014469	1509.1	0
22014469	22031947	1509.5	0
22031947	22047693	1508.9	0
22047693	22061927	1507.5	0
22061927	22073126	1506.7	0
22073126	22086914	1509.1	0
22086914	22109798	1509.1	0
22109798	22130763	1510.1	0
22130763	22142342	1510.5	0
22142342	22162329	1510.3	0
22162329	22176361	1510.3	0
22176361	22189672	1510.9	0
22189672	22204396	1509.7	0
22204396	22223129	1510.3	0
22223129	22233925	1511.1	0
22233925	22248329	1510.3	0
22248329	22274199	1509.7	0
22274199	22287223	1509.5	0
22287223	22298813	1509.5	0
22298813	22317536	1510.3	0
22317536	22330562	1509.9	0
22330562	22348835	1509.9	0
22348835	22364879	1509.9	0
22364879	22375310	1509.1	0
22375310	22390484	1509.1	0
22390484	22412220	1509.9	0
22412220	22429893	1510.5	0
22429893	22439620	1510.1	0
22439620	22458935	1509.9	0
22458935	22470222	1508.9	0
22470222	22485251	1509.3	0
22485251	22504979	1509.3	0
22504979	22519960	1509.3	0
22519960	22534980	1509.1	0
22534980	22554409	1509.1	0
22554409	22565535	1509.7	0
22565535	22585814	1509.5	0
22585814	22604066	1509.1	0
22604066	22618679	1509.5	0
22618679	22635713	1509.5	0
22635713	22644267	1510.3	0
22644267	22665419	1509.7	0
22665419	22682003	1509.7	0
22682003	22693693	1509.3	0
22693693	22710215	1509.7	0
22710215	1416	1509.1	0
1416	22752228	1509.3	0
22752228	22757517	1510.5	0
22757517	22772971	1510.5	0
22772971	22789009	1511.1	0
22789009	22803875	1510.9	0
22803875	22825799	1510.5	0
22825799	22842189	1510.7	0
22842189	22856657	1510.3	0
22856657	22871142	1510.7	0
22871142	22882838	1510.7	0
22882838	22907410	1508.7	0
22907410	22921954	1509.3	0
22921954	22936673	1510.3	0
22936673	22945514	1512.3	0
22945514	22961321	1511.5	0
22961321	22987748	1510.5	0
22987748	23000776	1510.9	0
23000776	23016561	1510.7	0
23016561	23031088	1510.7	0
23031088	23041568	1510.3	0
23041568	23066492	1510.7	0
23066492	23075349	1510.3	0
23075349	23096793	1510.9	0
23096793	23107648	1510.5	0
23107648	23125920	1509.9	0
23125920	23147955	1510.5	0
23147955	23160517	1510.5	0
23160517	23175635	1510.3	0
23175635	23191260	1510.5	0
23191260	23205414	1510.5	0
23205414	23223089	1510.1	0
23223089	23234831	1509.9	0
23234831	23253922	1510.1	0
23253922	23265513	1510.5	0
23265513	23285783	1510.3	0
23285783	23301613	1510.3	0
23301613	23319687	1510.3	0
23319687	23336685	1510.5	0
23336685	23344310	1510.1	0
23344310	23365545	1510.5	0
23365545	23378805	1510.9	0
23378805	23398803	1510.5	0
23398803	23408869	1510.7	0
23408869	23430070	1510.7	0
23430070	23438512	1510.5	0
23438512	23467716	1510.9	0
23467716	23473894	1510.9	0
23473894	23491082	1511.1	0
23491082	23504363	1510.9	0
23504363	23524414	1512.1	0
23524414	23546109	1511.9	0
23546109	23554254	1511.7	0
23554254	23568087	1510.1	0
23568087	23589245	1513.1	0
23589245	23603803	1514.1	0
23603803	23624529	1511.3	0
23624529	23633242	1510.9	0
23633242	23647957	1511.5	0
23647957	23662769	1510.7	0
23662769	23683775	1510.5	0
23683775	23699506	1510.9	0
23699506	23713621	1511.9	0
23713621	23727371	1511.3	0
23727371	23747013	1511.7	0
23747013	23762973	1511.5	0
23762973	23786780	1511.7	0
23786780	23794606	1511.1	0
23794606	23805972	1510.9	0
23805972	23828444	1511.1	0
23828444	23836237	1511.1	0
23836237	23865530	1510.9	0
23865530	23875063	1511.7	0
23875063	23888208	1511.7	0
23888208	23899749	1511.3	0
23899749	23918638	1511.9	0
23918638	23933084	1511.9	0
23933084	23949585	1512.1	0
23949585	23965646	1511.9	0
23965646	23976575	1511.7	0
23976575	23996189	1511.9	0
23996189	24018019	1511.3	0
24018019	24032762	1511.5	0
24032762	24047233	1510.5	0
24047233	24062341	1512.5	0
24062341	24079223	1512.5	0
24079223	24098838	1511.9	0
24098838	24107363	1512.1	0
24107363	24122702	1511.9	0
24122702	24142958	1512.5	0
24142958	24152935	1512.3	0
24152935	24173139	1512.1	0
24173139	24186276	1512.7	0
24186276	24207976	1512.9	0
24207976	24222596	1513.1	0
24222596	24232849	1512.7	0
24232849	24252425	1512.3	0
24252425	24267845	1511.9	0
24267845	24286134	1511.5	0
24286134	24295595	1511.5	0
24295595	24317057	1512.1	0
24317057	24339565	1511.7	0
24339565	24346265	1511.5	0
24346265	24361436	1512.3	0
24361436	24383174	1511.5	0
24383174	24403736	1512.7	0
24403736	24417052	1495.3	0
24417052	24427071	1499.9	0
24427071	24442059	1503.9	0
24442059	24461305	1505.3	0
24461305	24477286	1506.9	0
24477286	24495029	1507.3	0
24495029	24511159	1508.3	0
24511159	24522504	1507.9	0
24522504	24536615	1508.5	0
24536615	24560250	1508.7	0
24560250	24574956	1509.5	0
24574956	24589601	1509.7	0
24589601	24600729	1509.5	0
24600729	24620843	1509.3	0
24620843	24637499	1509.9	0
24637499	24650784	1510.7	0
24650784	24670078	1510.3	0
24670078	24684656	1511.1	0
24684656	24694351	1510.1	0
24694351	24721410	1511.1	0
24721410	24728705	1511.3	0
24728705	24750169	1511.7	0
24750169	24765156	1510.7	0
24765156	24778970	1511.3	0
24778970	24797021	1510.7	0
24797021	24808794	1511.5	0
24808794	24818449	1512.1	0
24818449	24839265	1511.3	0
24839265	24853817	1511.3	0
24853817	24878075	1510.5	0
24878075	24893540	1511.1	0
24893540	24906219	1511.1	0
24906219	24936953	1511.3	0
24936953	24951977	1511.1	0
24951977	24967779	1511.1	0
24967779	24987517	1510.7	0
24987517	24997397	1511.3	0
24997397	25014995	1510.3	0
25014995	25035873	1511.3	0
25035873	25050202	1510.9	0
25050202	25064793	1510.9	0
25064793	25079822	1510.9	0
25079822	25094427	1510.5	0
25094427	25117928	1511.1	0
25117928	25129541	1511.5	0
25129541	25138171	1510.9	0
25138171	25159627	1510.9	0
25159627	25170176	1510.7	0
25170176	25191225	1510.9	0
25191225	25203403	1510.9	0
25203403	25224117	1510.7	0
25224117	25232850	1509.9	0
25232850	25254882	1509.9	0
25254882	25274311	1510.1	0
25274311	25284238	1510.3	0
25284238	25302635	1510.3	0
25302635	25313065	1510.7	0
25313065	25356355	1510.1	0
25356355	25363630	1509.3	0
25363630	25378188	1509.3	0
25378188	25396723	1509.1	0
25396723	25407653	1509.9	0
25407653	25435269	1510.3	0
25435269	25443157	1509.5	0
25443157	25457583	1510.3	0
25457583	25479283	1511.1	0
25479283	25493648	1509.7	0
25493648	25511439	1508.5	0
25511439	25527202	1509.5	0
25527202	25537185	1510.1	0
25537185	25558450	1508.9	0
25558450	25568152	1508.3	0
25568152	25587888	1508.9	0
25587888	25607002	1508.9	0
25607002	25622661	1509.3	0
25622661	25633989	1508.5	0
25633989	25648056	1508.5	0
25648056	25671269	1508.3	0
25671269	25681660	1509.5	0
25681660	25703486	1509.7	0
25703486	25717921	1510.3	0
25717921	25726888	1510.3	0
25726888	25754514	1510.3	0
25754514	25765547	1509.5	0
25765547	25781090	1509.5	0
25781090	25799069	1509.9	0
25799069	25815460	1510.9	0
25815460	25828650	1510.9	0
25828650	25849149	1510.9	0
25849149	25858766	1509.7	0
25858766	25875501	1508.7	0
25875501	25890148	1508.5	0
25890148	25914987	1508.7	0
25914987	25921482	1509.1	0
25921482	25940785	1508.7	0
25940785	25956072	1509.9	0
25956072	25971993	1508.9	0
25971993	25986875	1508.7	0
25986875	26004599	1509.1	0
26004599	26016510	1508.9	0
26016510	26030974	1509.1	0
26030974	26047012	1508.5	0
26047012	26070203	1507.9	0
26070203	26084832	1508.3	0
26084832	26103906	1508.7	0
26103906	26116379	1509.5	0
26116379	26136021	1509.3	0
26136021	26159606	1509.1	0
26159606	26169182	1508.7	0
26169182	26185218	1508.1	0
26185218	26198382	1507.9	0
26198382	26216548	1507.3	0
26216548	26232466	1507.9	0
26232466	26250055	1507.5	0
26250055	26264023	1506.5	0
26264023	26281260	1505.9	0
26281260	26293599	1505.5	0
26293599	26316754	1505.1	0
26316754	26324434	1503.9	0
26324434	26345046	1503.5	0
26345046	26355769	1503.7	0
26355769	26374718	1504.1	0
26374718	26395557	1502.1	0
26395557	26400826	1502.3	0
26400826	26420677	1502.3	0
26420677	26435945	1501.1	0
26435945	26450968	1502.7	0
26450968	26475283	1503.1	0
26475283	26481329	1504.7	0
26481329	26501239	1503.1	0
26501239	26511581	1502.7	0
26511581	26525828	1503.1	0
26525828	26549138	1503.3	0
26549138	26564476	1503.9	0
26564476	26580599	1504.3	0
26580599	26595483	1505.1	0
26595483	26613226	1504.7	0
26613226	26627626	1505.3	0
26627626	26643635	1505.9	0
26643635	26658165	1483.2	0
26658165	26672402	1482.8	0
26672402	26701433	1487.8	0
26701433	26713593	1492.1	0
26713593	26723866	1494.9	0
26723866	26739545	1493.7	0
26739545	26760264	1494.1	0
26760264	26773788	1497.7	0
26773788	26792997	1499.1	0
26792997	26804698	1499.1	0
26804698	26820817	1500.7	0
26820817	26836343	1501.9	0
26836343	26858049	1503.3	0
26858049	26869930	1504.5	0
26869930	26884450	1504.1	0
26884450	26901215	1504.3	0
26901215	26915602	1503.9	0
26915602	26937338	1504.1	0
26937338	26949341	1504.5	0
26949341	26969601	1503.9	0
26969601	26980941	1505.3	0
26980941	26995456	1504.5	0
26995456	27016049	1504.5	0
27016049	27029819	1504.9	0
27029819	27048797	1504.9	0
27048797	27064151	1505.1	0
27064151	27073820	1504.9	0
27073820	27101831	1504.5	0
27101831	27113251	1505.5	0
27113251	27124712	1505.3	0
27124712	27138177	1505.9	0
27138177	27158482	1504.3	0
27158482	27175137	1505.5	0
27175137	27192652	1504.1	0
27192652	27207227	1504.3	0
27207227	27222179	1503.9	0
27222179	27234253	1504.5	0
27234253	27258778	1504.9	0
27258778	27267543	1504.1	0
27267543	27287158	1504.3	0
27287158	27302983	1504.9	0
27302983	27318193	1506.1	0
27318193	27335600	1505.9	0
27335600	27350307	1505.9	0
27350307	27383971	1506.5	0
27383971	27407981	1488.6	0
27407981	27423384	1493.3	0
27423384	27433467	1498.1	0
27433467	27448221	1498.5	0
27448221	27464407	1500.1	0
27464407	27481789	1500.9	0
27481789	27499379	1501.3	0
27499379	27513710	1502.3	0
27513710	27524977	1503.1	0
27524977	27545607	1503.3	0
27545607	27562309	1503.7	0
27562309	27579223	1503.1	0
27579223	27593810	1503.3	0
27593810	27608785	1503.5	0
27608785	27624419	1502.3	0
27624419	27644724	1500.9	0
27644724	27659346	1501.7	0
27659346	27671505	1503.9	0
27671505	27684458	1504.5	0
27684458	27701953	1503.1	0
27701953	27727582	1502.5	0
27727582	27738962	1504.9	0
27738962	27755480	1503.9	0
27755480	27771611	1503.9	0
27771611	27781891	1503.5	0
27781891	27802096	1503.5	0
27802096	27816626	1504.5	0
27816626	27831144	1503.9	0
27831144	27850462	1502.9	0
27850462	27866945	1503.3	0
27866945	27887672	1503.1	0
27887672	27901334	1499.7	0
27901334	27916883	1499.3	0
27916883	27932053	1498.5	0
27932053	27943367	1499.7	0
27943367	27964680	1499.9	0
27964680	27975942	1494.9	0
27975942	27991286	1497.1	0
27991286	28011643	1498.7	0
28011643	99999999	1499.3	0
