#Processing Run 48284 for polarization tables
#The run table thinks this was a DPARAL2 run
#Corresponding AMO file is :/home/clasg8/rootbeer2.1/dat/pol/amo_tesc_48265.dat
#Coherent Edge positions for TESC events follow:
#Event	Coh Edge	PolPlane(PARA=0,PERP=1,AMO=2,CHANGING=3)
0	203	-1.0	0
203	26920	-1.0	0
26920	51323	-1.0	0
51323	59474	-1.0	0
59474	80806	-1.0	0
80806	95491	-1.0	0
95491	105337	-1.0	0
105337	124546	-1.0	0
124546	139111	-1.0	0
139111	152047	-1.0	0
152047	165880	-1.0	0
165880	180129	-1.0	0
180129	203320	-1.0	0
203320	211665	-1.0	0
211665	226464	-1.0	0
226464	241065	-1.0	0
241065	255369	-1.0	0
255369	277374	-1.0	0
277374	289569	-1.0	0
289569	304725	-1.0	0
304725	317360	-1.0	0
317360	331366	-1.0	0
331366	351681	-1.0	0
351681	360922	-1.0	0
360922	380847	-1.0	0
380847	389025	-1.0	0
389025	402850	-1.0	0
402850	432266	-1.0	0
432266	439627	-1.0	0
439627	463139	-1.0	0
463139	469330	-1.0	0
469330	484021	-1.0	0
484021	505938	-1.0	0
505938	523945	-1.0	0
523945	532277	-1.0	0
532277	546652	-1.0	0
546652	561490	-1.0	0
561490	580593	-1.0	0
580593	595055	-1.0	0
595055	609669	-1.0	0
609669	623189	-1.0	0
623189	642011	-1.0	0
642011	660219	-1.0	0
660219	668179	-1.0	0
668179	681472	-1.0	0
681472	694950	-1.0	0
694950	706798	-1.0	0
706798	718138	-1.0	0
718138	738313	-1.0	0
738313	754952	-1.0	0
754952	768771	-1.0	0
768771	790822	-1.0	0
790822	798654	-1.0	0
798654	829919	-1.0	0
829919	849851	-1.0	0
849851	864328	-1.0	0
864328	879034	-1.0	0
879034	890527	-1.0	0
890527	908696	-1.0	0
908696	920125	-1.0	0
920125	932615	-1.0	0
932615	947508	-1.0	0
947508	967826	-1.0	0
967826	989940	-1.0	0
989940	997110	-1.0	0
997110	1011415	-1.0	0
1011415	1026437	-1.0	0
1026437	1040726	-1.0	0
1040726	1059038	-1.0	0
1059038	1077528	-1.0	0
1077528	1086611	-1.0	0
1086611	1106555	-1.0	0
1106555	1121821	-1.0	0
1121821	1136546	-1.0	0
1136546	1152662	-1.0	0
1152662	1162923	-1.0	0
1162923	1176824	-1.0	0
1176824	1194337	-1.0	0
1194337	1211262	-1.0	0
1211262	1230964	-1.0	0
1230964	1246533	-1.0	0
1246533	1259966	-1.0	0
1259966	1275089	-1.0	0
1275089	1291193	-1.0	0
1291193	1306556	-1.0	0
1306556	1322357	-1.0	0
1322357	1329781	-1.0	0
1329781	1349719	-1.0	0
1349719	1366303	-1.0	0
1366303	1378460	-1.0	0
1378460	1391219	-1.0	0
1391219	1407674	-1.0	0
1407674	1423247	-1.0	0
1423247	1442137	-1.0	0
1442137	1454434	-1.0	0
1454434	1468932	-1.0	0
1468932	1489682	-1.0	0
1489682	1498288	-1.0	0
1498288	1522305	-1.0	0
1522305	1529329	-1.0	0
1529329	1550737	-1.0	0
1550737	1567487	-1.0	0
1567487	1580317	-1.0	0
1580317	1597444	-1.0	0
1597444	1611728	-1.0	0
1611728	1626881	-1.0	0
1626881	1646493	-1.0	0
1646493	1669810	-1.0	0
1669810	1683541	-1.0	0
1683541	1705373	-1.0	0
1705373	1719826	-1.0	0
1719826	1733840	-1.0	0
1733840	1750553	-1.0	0
1750553	1770223	-1.0	0
1770223	1778846	-1.0	0
1778846	1800474	-1.0	0
1800474	1830592	-1.0	0
1830592	1838943	-1.0	0
1838943	1860510	-1.0	0
1860510	1876413	-1.0	0
1876413	1886829	-1.0	0
1886829	1908745	-1.0	0
1908745	1918480	-1.0	0
1918480	1938716	-1.0	0
1938716	1948252	-1.0	0
1948252	1979085	-1.0	0
1979085	1993766	-1.0	0
1993766	2014736	-1.0	0
2014736	2022275	-1.0	0
2022275	2040224	-1.0	0
2040224	2063937	-1.0	0
2063937	2071877	-1.0	0
2071877	2086728	-1.0	0
2086728	2100230	-1.0	0
2100230	2132016	-1.0	0
2132016	2146275	-1.0	0
2146275	2160945	-1.0	0
2160945	2173407	-1.0	0
2173407	2194351	-1.0	0
2194351	2212392	-1.0	0
2212392	2222207	-1.0	0
2222207	2240822	-1.0	0
2240822	2251538	-1.0	0
2251538	2271704	-1.0	0
2271704	2287770	-1.0	0
2287770	2298611	-1.0	0
2298611	2311713	-1.0	0
2311713	2326119	-1.0	0
2326119	2347718	-1.0	0
2347718	2362410	-1.0	0
2362410	2384245	-1.0	0
2384245	2398854	-1.0	0
2398854	2409258	-1.0	0
2409258	2437641	-1.0	0
2437641	2451179	-1.0	0
2451179	2471431	-1.0	0
2471431	2485207	-1.0	0
2485207	2494349	-1.0	0
2494349	2516141	-1.0	0
2516141	2526314	-1.0	0
2526314	2539992	-1.0	0
2539992	2560840	-1.0	0
2560840	2572586	-1.0	0
2572586	2595976	-1.0	0
2595976	2602399	-1.0	0
2602399	2617444	-1.0	0
2617444	2635764	-1.0	0
2635764	2646683	-1.0	0
2646683	2665118	-1.0	0
2665118	2684312	-1.0	0
2684312	2699000	-1.0	0
2699000	2713744	-1.0	0
2713744	2727429	-1.0	0
2727429	2745706	-1.0	0
2745706	2762815	-1.0	0
2762815	2773537	-1.0	0
2773537	2785927	-1.0	0
2785927	2803288	-1.0	0
2803288	2820694	-1.0	0
2820694	2837954	-1.0	0
2837954	2845130	-1.0	0
2845130	2859692	-1.0	0
2859692	2874254	-1.0	0
2874254	2902636	-1.0	0
2902636	2908206	-1.0	0
2908206	2921495	-1.0	0
2921495	2932936	-1.0	0
2932936	2947997	-1.0	0
2947997	2975470	-1.0	0
2975470	2982018	-1.0	0
2982018	2996709	-1.0	0
2996709	3015494	-1.0	0
3015494	3024593	-1.0	0
3024593	3047123	-1.0	0
3047123	3056721	-1.0	0
3056721	3071270	-1.0	0
3071270	3084126	-1.0	0
3084126	3098613	-1.0	0
3098613	3117721	-1.0	0
3117721	3131653	-1.0	0
3131653	3146517	-1.0	0
3146517	3160758	-1.0	0
3160758	3174507	-1.0	0
3174507	3197658	-1.0	0
3197658	3206084	-1.0	0
3206084	3220502	1222.5	0
3220502	3242190	1222.7	0
3242190	3249151	1222.6	0
3249151	3267604	1222.5	0
3267604	3281271	1222.1	0
3281271	3300130	1222.5	0
3300130	3308694	1222.9	0
3308694	3322909	-1.0	0
3322909	3341977	-1.0	0
3341977	3356320	-1.0	0
3356320	3370477	1221.7	0
3370477	3383839	1222.1	0
3383839	3401213	1222.9	0
3401213	3418757	1222.3	0
3418757	3430003	1222.3	0
3430003	3442196	1222.1	0
3442196	3456765	1224.6	0
3456765	3478121	1227.1	0
3478121	3500786	1229.3	0
3500786	3506731	1224.1	0
3506731	3514241	-1.0	0
3514241	3533895	-1.0	0
3533895	3545319	-1.0	0
3545319	3554736	-1.0	0
3554736	3571212	-1.0	0
3571212	3582253	-1.0	0
3582253	3598476	-1.0	0
3598476	3610744	-1.0	0
3610744	3631383	1222.1	0
3631383	3644106	1223.5	0
3644106	3655432	1222.5	0
3655432	3672961	1223.3	0
3672961	3691335	1228.9	0
3691335	3702936	1225.1	0
3702936	3714894	1224.7	0
3714894	3734690	1229.3	0
3734690	3749954	-1.0	0
3749954	3765195	-1.0	0
3765195	3775277	-1.0	0
3775277	3788868	1223.1	0
3788868	3807638	1228.9	0
3807638	3823637	1230.9	0
3823637	3833599	1238.3	0
3833599	3848232	1235.1	0
3848232	3869663	1234.3	0
3869663	3882491	-1.0	0
3882491	3897906	-1.0	0
3897906	3907002	-1.0	0
3907002	3927319	-1.0	0
3927319	3936255	-1.0	0
3936255	3951184	-1.0	0
3951184	3972223	-1.0	0
3972223	3986904	-1.0	0
3986904	4006149	-1.0	0
4006149	4031020	-1.0	0
4031020	4046893	-1.0	0
4046893	4061786	-1.0	0
4061786	4076963	-1.0	0
4076963	4092433	-1.0	0
4092433	4107829	-1.0	0
4107829	4135658	-1.0	0
4135658	4142525	-1.0	0
4142525	4157883	-1.0	0
4157883	4173007	-1.0	0
4173007	4194203	-1.0	0
4194203	4219495	-1.0	0
4219495	4224223	-1.0	0
4224223	4240570	-1.0	0
4240570	4256490	-1.0	0
4256490	4276636	-1.0	0
4276636	4294437	-1.0	0
4294437	4309748	-1.0	0
4309748	4317630	-1.0	0
4317630	4333760	-1.0	0
4333760	4349326	-1.0	0
4349326	4373520	-1.0	0
4373520	4384653	-1.0	0
4384653	4404911	-1.0	0
4404911	4416053	-1.0	0
4416053	4431487	-1.0	0
4431487	4457930	-1.0	0
4457930	4464465	-1.0	0
4464465	4477721	-1.0	0
4477721	4493262	-1.0	0
4493262	4515538	-1.0	0
4515538	4532507	-1.0	0
4532507	4544313	-1.0	0
4544313	4563583	-1.0	0
4563583	4572144	1289.2	0
4572144	4585737	1279.0	0
4585737	4605409	1263.4	0
4605409	4617478	1242.7	0
4617478	4632084	-1.0	0
4632084	4644843	-1.0	0
4644843	4660521	-1.0	0
4660521	4676648	-1.0	0
4676648	4691389	-1.0	0
4691389	4711774	-1.0	0
4711774	4720834	-1.0	0
4720834	4735383	-1.0	0
4735383	4755882	-1.0	0
4755882	4765187	-1.0	0
4765187	4778408	-1.0	0
4778408	4795208	-1.0	0
4795208	4808705	-1.0	0
4808705	4837589	-1.0	0
4837589	4845063	-1.0	0
4845063	4859945	-1.0	0
4859945	4875163	-1.0	0
4875163	4896290	-1.0	0
4896290	4920903	-1.0	0
4920903	4926104	-1.0	0
4926104	4943924	-1.0	0
4943924	4960152	-1.0	0
4960152	4970451	-1.0	0
4970451	4995842	-1.0	0
4995842	5009641	-1.0	0
5009641	5023287	-1.0	0
5023287	5032788	-1.0	0
5032788	5048692	-1.0	0
5048692	5072318	-1.0	0
5072318	5087959	-1.0	0
5087959	5103065	-1.0	0
5103065	5118617	-1.0	0
5118617	5126257	-1.0	0
5126257	5149515	-1.0	0
5149515	5161519	-1.0	0
5161519	5176117	-1.0	0
5176117	5192035	-1.0	0
5192035	5207167	-1.0	0
5207167	5226825	-1.0	0
5226825	5249099	-1.0	0
5249099	5256530	-1.0	0
5256530	5271384	-1.0	0
5271384	5286105	-1.0	0
5286105	5307603	-1.0	0
5307603	5317640	-1.0	0
5317640	5332290	-1.0	0
5332290	5352792	-1.0	0
5352792	5362707	-1.0	0
5362707	5383241	-1.0	0
5383241	5402564	-1.0	0
5402564	5417217	-1.0	0
5417217	5432726	-1.0	0
5432726	5450174	-1.0	0
5450174	5465114	-1.0	0
5465114	5481964	-1.0	0
5481964	5497401	-1.0	0
5497401	5507038	-1.0	0
5507038	5521591	-1.0	0
5521591	5550976	-1.0	0
5550976	5562696	-1.0	0
5562696	5573089	-1.0	0
5573089	5585199	-1.0	0
5585199	5605169	-1.0	0
5605169	5634628	-1.0	0
5634628	5649969	-1.0	0
5649969	5665084	-1.0	0
5665084	5680227	-1.0	0
5680227	5701107	-1.0	0
5701107	5718755	-1.0	0
5718755	5729139	-1.0	0
5729139	5742073	-1.0	0
5742073	5757092	-1.0	0
5757092	5779180	-1.0	0
5779180	5794587	-1.0	0
5794587	5816958	-1.0	0
5816958	5824189	-1.0	0
5824189	5838848	-1.0	0
5838848	5857928	-1.0	0
5857928	5872294	-1.0	0
5872294	5887939	-1.0	0
5887939	5910093	-1.0	0
5910093	5918732	-1.0	0
5918732	5943235	-1.0	0
5943235	5953668	-1.0	0
5953668	5968524	-1.0	0
5968524	5988306	-1.0	0
5988306	6003408	-1.0	0
6003408	6021358	-1.0	0
6021358	6032677	-1.0	0
6032677	6047883	-1.0	0
6047883	6063275	-1.0	0
6063275	6078683	-1.0	0
6078683	6100178	-1.0	0
6100178	6110535	-1.0	0
6110535	6126075	-1.0	0
6126075	6141157	-1.0	0
6141157	6157088	-1.0	0
6157088	6178626	-1.0	0
6178626	6193029	-1.0	0
6193029	6213569	-1.0	0
6213569	6223525	-1.0	0
6223525	6239623	-1.0	0
6239623	6258616	-1.0	0
6258616	6278791	-1.0	0
6278791	6287771	-1.0	0
6287771	6309773	-1.0	0
6309773	6318712	-1.0	0
6318712	6339840	-1.0	0
6339840	6355477	-1.0	0
6355477	6370595	-1.0	0
6370595	6386288	-1.0	0
6386288	6403040	-1.0	0
6403040	6426852	-1.0	0
6426852	6437600	-1.0	0
6437600	6453006	-1.0	0
6453006	6471334	-1.0	0
6471334	6499112	-1.0	0
6499112	6511626	-1.0	0
6511626	6541604	-1.0	0
6541604	6564845	-1.0	0
6564845	6578827	-1.0	0
6578827	6597244	-1.0	0
6597244	6607484	-1.0	0
6607484	6629343	-1.0	0
6629343	6637917	-1.0	0
6637917	6662845	-1.0	0
6662845	6670771	-1.0	0
6670771	6692901	-1.0	0
6692901	6707669	-1.0	0
6707669	6715580	-1.0	0
6715580	6737485	-1.0	0
6737485	6749709	-1.0	0
6749709	6770388	-1.0	0
6770388	6781807	-1.0	0
6781807	6795531	-1.0	0
6795531	6816478	-1.0	0
6816478	6830807	-1.0	0
6830807	6853426	-1.0	0
6853426	6860958	-1.0	0
6860958	6876270	-1.0	0
6876270	6897518	-1.0	0
6897518	6914939	-1.0	0
6914939	6924628	-1.0	0
6924628	6938906	-1.0	0
6938906	6954251	-1.0	0
6954251	6976250	-1.0	0
6976250	6990589	-1.0	0
6990589	7006041	-1.0	0
7006041	7021687	-1.0	0
7021687	7039537	-1.0	0
7039537	7064731	-1.0	0
7064731	7075271	-1.0	0
7075271	7089480	-1.0	0
7089480	7110465	-1.0	0
7110465	7136458	-1.0	0
7136458	7150748	-1.0	0
7150748	7166490	-1.0	0
7166490	7181712	-1.0	0
7181712	7192065	-1.0	0
7192065	7210728	-1.0	0
7210728	7225324	-1.0	0
7225324	7240367	-1.0	0
7240367	7255240	-1.0	0
7255240	7270241	-1.0	0
7270241	7292460	-1.0	0
7292460	7303940	-1.0	0
7303940	7319313	-1.0	0
7319313	7337313	-1.0	0
7337313	7352139	-1.0	0
7352139	7374327	-1.0	0
7374327	7383830	-1.0	0
7383830	7397506	-1.0	0
7397506	7411941	-1.0	0
7411941	7447987	-1.0	0
7447987	7455359	-1.0	0
7455359	7476568	-1.0	0
7476568	7490099	-1.0	0
7490099	7505173	-1.0	0
7505173	7523487	-1.0	0
7523487	7531766	-1.0	0
7531766	7550898	-1.0	0
7550898	7559670	-1.0	0
7559670	7575806	-1.0	0
7575806	7595226	-1.0	0
7595226	7610035	-1.0	0
7610035	7623998	-1.0	0
7623998	7639534	-1.0	0
7639534	7653619	-1.0	0
7653619	7676004	-1.0	0
7676004	7690129	-1.0	0
7690129	7697976	-1.0	0
7697976	7719225	-1.0	0
7719225	7734180	-1.0	0
7734180	7755374	-1.0	0
7755374	7771048	-1.0	0
7771048	7779507	-1.0	0
7779507	7794349	-1.0	0
7794349	7829508	-1.0	0
7829508	7838841	-1.0	0
7838841	7853011	-1.0	0
7853011	7866417	-1.0	0
7866417	7882634	-1.0	0
7882634	7900359	-1.0	0
7900359	7919157	-1.0	0
7919157	7925984	-1.0	0
7925984	7941961	-1.0	0
7941961	7956709	-1.0	0
7956709	7979756	-1.0	0
7979756	7997970	-1.0	0
7997970	8012623	-1.0	0
8012623	8030403	-1.0	0
8030403	8038761	-1.0	0
8038761	8061062	-1.0	0
8061062	8070228	-1.0	0
8070228	8092495	-1.0	0
8092495	8100553	-1.0	0
8100553	8117206	-1.0	0
8117206	8137038	-1.0	0
8137038	8150092	-1.0	0
8150092	8165285	-1.0	0
8165285	8184494	-1.0	0
8184494	8194787	-1.0	0
8194787	8222011	-1.0	0
8222011	8229510	-1.0	0
8229510	8244886	-1.0	0
8244886	8265713	-1.0	0
8265713	8275199	-1.0	0
8275199	8300260	-1.0	0
8300260	8307771	-1.0	0
8307771	8322733	-1.0	0
8322733	8338984	-1.0	0
8338984	8353282	-1.0	0
8353282	8373471	-1.0	0
8373471	8391360	-1.0	0
8391360	8402111	-1.0	0
8402111	8417072	-1.0	0
8417072	8436126	-1.0	0
8436126	8458429	-1.0	0
8458429	8463888	-1.0	0
8463888	8485623	-1.0	0
8485623	8493683	-1.0	0
8493683	8509112	-1.0	0
8509112	8531649	-1.0	0
8531649	8544640	-1.0	0
8544640	8559872	-1.0	0
8559872	8575188	-1.0	0
8575188	8589717	-1.0	0
8589717	8609360	-1.0	0
8609360	8621627	-1.0	0
8621627	8636006	-1.0	0
8636006	8651584	-1.0	0
8651584	8667017	-1.0	0
8667017	8686655	-1.0	0
8686655	8704676	-1.0	0
8704676	8714617	-1.0	0
8714617	8730097	-1.0	0
8730097	8744863	-1.0	0
8744863	8764151	-1.0	0
8764151	8777125	-1.0	0
8777125	8790840	-1.0	0
8790840	8806704	-1.0	0
8806704	8821301	-1.0	0
8821301	8840254	-1.0	0
8840254	8851024	-1.0	0
8851024	8865436	-1.0	0
8865436	8887004	-1.0	0
8887004	8901459	-1.0	0
8901459	8916370	-1.0	0
8916370	8933900	-1.0	0
8933900	8944080	-1.0	0
8944080	8958769	-1.0	0
8958769	8972453	-1.0	0
8972453	8990493	-1.0	0
8990493	9009390	-1.0	0
9009390	9023148	-1.0	0
9023148	9031191	-1.0	0
9031191	9046487	-1.0	0
9046487	9071692	-1.0	0
9071692	9078933	-1.0	0
9078933	9093564	-1.0	0
9093564	9108702	-1.0	0
9108702	9123316	-1.0	0
9123316	9142331	-1.0	0
9142331	9155016	-1.0	0
9155016	9170347	-1.0	0
9170347	9183712	-1.0	0
9183712	9195466	-1.0	0
9195466	9207874	-1.0	0
9207874	9217707	-1.0	0
9217707	9232459	-1.0	0
9232459	9241367	-1.0	0
9241367	9259370	-1.0	0
9259370	9273093	-1.0	0
9273093	9285133	-1.0	0
9285133	9299256	-1.0	0
9299256	9314223	-1.0	0
9314223	9328928	-1.0	0
9328928	9347955	-1.0	0
9347955	9360985	-1.0	0
9360985	9375933	-1.0	0
9375933	9390056	-1.0	0
9390056	9408884	-1.0	0
9408884	9425763	-1.0	0
9425763	9444537	-1.0	0
9444537	9451972	1221.9	0
9451972	9466264	1223.5	0
9466264	9502202	1223.3	0
9502202	9509336	1222.5	0
9509336	9530952	1223.1	0
9530952	9538600	1223.3	0
9538600	9552868	1222.1	0
9552868	9576246	1289.1	0
9576246	9582176	1356.1	0
9582176	9594432	1355.9	0
9594432	9606965	1358.7	0
9606965	9623277	1357.1	0
9623277	9638249	1356.3	0
9638249	9654758	1355.9	0
9654758	9663420	1352.9	0
9663420	9679804	1348.5	0
9679804	9704921	1349.3	0
9704921	9711584	1351.9	0
9711584	9723648	1350.3	0
9723648	9742493	1349.7	0
9742493	9750334	1351.5	0
9750334	9767105	1351.9	0
9767105	9779311	1352.9	0
9779311	9790755	1355.7	0
9790755	9803497	1355.3	0
9803497	9814432	1357.1	0
9814432	9831663	1353.9	0
9831663	9841938	1355.7	0
9841938	9854584	1351.7	0
9854584	9866959	1355.9	0
9866959	9879407	1352.5	0
9879407	9896307	1355.1	0
9896307	9906971	1352.1	0
9906971	9919246	1350.5	0
9919246	9930853	1355.3	0
9930853	9950060	1351.1	0
9950060	9962381	1351.9	0
9962381	9977874	1355.5	0
9977874	9985588	1352.5	0
9985588	9996958	1351.5	0
9996958	10010578	1354.1	0
10010578	10025137	1352.9	0
10025137	10035704	1352.7	0
10035704	10054471	1352.1	0
10054471	10062845	1355.7	0
10062845	10079224	1352.5	0
10079224	10092008	1353.3	0
10092008	10105986	1354.5	0
10105986	10114957	1356.3	0
10114957	10130925	1355.5	0
10130925	10142267	1354.7	0
10142267	10156197	1356.3	0
10156197	10166761	1363.6	0
10166761	10179173	1361.6	0
10179173	10191624	1362.2	0
10191624	10208919	1360.8	0
10208919	10227250	1360.8	0
10227250	10235232	1358.5	0
10235232	10247842	1358.5	0
10247842	10260191	1362.4	0
10260191	10278601	1364.0	0
10278601	10289432	1306.1	0
10289432	10302031	1319.8	0
10302031	10322215	1320.2	0
10322215	10332981	1317.4	0
10332981	10344895	1314.4	0
10344895	10361767	1320.0	0
10361767	10374174	1322.0	0
10374174	10390432	1328.8	0
10390432	10404265	1327.0	0
10404265	10413096	1314.8	0
10413096	10430041	1330.6	0
10430041	10440002	1331.6	0
10440002	10451065	1287.8	0
10451065	10460950	1283.2	0
10460950	10478591	1278.8	0
10478591	10484173	1286.8	0
10484173	10495974	1288.8	0
10495974	10507056	1292.5	0
10507056	10520175	1295.5	0
10520175	10540554	1296.3	0
10540554	10550979	1294.1	0
10550979	10569365	1294.9	0
10569365	10577581	1295.7	0
10577581	10596199	1302.5	0
10596199	10612003	1303.7	0
10612003	10620242	1307.1	0
10620242	10633287	1307.7	0
10633287	10646091	1308.9	0
10646091	10658830	1312.8	0
10658830	10676437	1311.8	0
10676437	10692233	1307.5	0
10692233	10703509	1309.1	0
10703509	10713902	1309.1	0
10713902	10725809	1310.1	0
10725809	10747648	1310.1	0
10747648	10755744	1303.9	0
10755744	10769376	1304.9	0
10769376	10787213	1305.9	0
10787213	10797413	1305.5	0
10797413	10813249	1305.9	0
10813249	10821395	1307.7	0
10821395	10836089	1307.7	0
10836089	10847294	1309.1	0
10847294	10860407	1309.1	0
10860407	10877840	1306.5	0
10877840	10893928	1306.9	0
10893928	10906484	1307.3	0
10906484	10916550	1307.9	0
10916550	10929845	1308.5	0
10929845	10944909	1308.7	0
10944909	10957844	1309.5	0
10957844	10970920	1312.2	0
10970920	10984058	1313.6	0
10984058	10996691	1317.4	0
10996691	11016092	1320.6	0
11016092	11028940	1321.2	0
11028940	11041908	1320.4	0
11041908	11048662	1321.8	0
11048662	11066516	1325.2	0
11066516	11081862	1328.2	0
11081862	11093189	1329.6	0
11093189	11111177	1330.0	0
11111177	11118711	1330.0	0
11118711	11147455	1332.4	0
11147455	11163327	1332.2	0
11163327	11174429	1332.8	0
11174429	11182452	1332.8	0
11182452	11194855	1335.6	0
11194855	11212456	1335.4	0
11212456	11224071	1338.1	0
11224071	11235737	1334.2	0
11235737	11252672	1334.0	0
11252672	11261994	1335.2	0
11261994	11284776	1339.9	0
11284776	11297164	1339.9	0
11297164	11308132	1339.3	0
11308132	11319547	1339.1	0
11319547	11329147	1339.3	0
11329147	11345457	1338.7	0
11345457	11361423	1341.3	0
11361423	11373945	1340.1	0
11373945	11383624	1339.1	0
11383624	11393011	1340.5	0
11393011	11411883	1335.4	0
11411883	11423885	1339.7	0
11423885	11437047	1340.7	0
11437047	11449143	1341.1	0
11449143	11462300	1341.5	0
11462300	11477649	1342.7	0
11477649	11487481	1340.3	0
11487481	11499944	1340.5	0
11499944	11512958	1340.1	0
11512958	11525471	1339.3	0
11525471	11542449	1340.7	0
11542449	11554818	1339.9	0
11554818	11566593	1340.1	0
11566593	11578513	1340.1	0
11578513	11594631	1340.9	0
11594631	11612948	1341.5	0
11612948	11620082	1341.1	0
11620082	11638012	1342.1	0
11638012	11645316	1339.3	0
11645316	11657860	1339.3	0
11657860	11674267	1339.3	0
11674267	11689412	1341.5	0
11689412	11701944	1342.1	0
11701944	11708215	1342.3	0
11708215	11726824	1342.3	0
11726824	11739475	1342.5	0
11739475	11748938	1343.9	0
11748938	11762720	1344.5	0
11762720	11777150	1342.3	0
11777150	11787108	1340.1	0
11787108	11808614	1334.8	0
11808614	11815749	1333.4	0
11815749	11828570	1334.2	0
11828570	11842581	1330.6	0
11842581	11854101	1331.0	0
11854101	11873143	1332.6	0
11873143	11883417	1335.8	0
11883417	11898367	1335.8	0
11898367	11910986	1338.7	0
11910986	11917742	1338.3	0
11917742	11936596	1333.4	0
11936596	11949317	1331.4	0
11949317	11963162	1333.8	0
11963162	11974928	1330.6	0
11974928	11990573	1332.8	0
11990573	12006188	1324.8	0
12006188	12019585	1333.2	0
12019585	12032579	1325.4	0
12032579	12045249	1321.0	0
12045249	12052252	1327.8	0
12052252	12060537	1311.8	0
12060537	12084578	1302.9	0
12084578	12095434	1302.7	0
12095434	12106445	1303.5	0
12106445	12112394	1303.5	0
12112394	12130353	1303.5	0
12130353	12150169	1306.3	0
12150169	12158204	1308.5	0
12158204	12176600	1310.3	0
12176600	12189085	1312.0	0
12189085	12197889	1312.6	0
12197889	12214636	1309.7	0
12214636	12224974	1310.3	0
12224974	12237240	1312.6	0
12237240	12255069	1313.0	0
12255069	12262088	1316.4	0
12262088	12278984	1319.2	0
12278984	12290712	1329.6	0
12290712	12309903	1326.4	0
12309903	12317653	1327.8	0
12317653	12332253	1332.2	0
12332253	12349365	1328.4	0
12349365	12360877	1328.2	0
12360877	12373266	1326.4	0
12373266	12384914	1325.4	0
12384914	12410078	1326.6	0
12410078	12423110	1320.4	0
12423110	12440739	1314.2	0
12440739	12453404	1313.4	0
12453404	12459901	1313.4	0
12459901	12479300	1315.4	0
12479300	12490531	1315.4	0
12490531	12502750	1317.6	0
12502750	12515371	1325.4	0
12515371	12526739	1325.0	0
12526739	12545019	1324.0	0
12545019	12555281	1320.0	0
12555281	12568140	1317.8	0
12568140	12581085	1318.4	0
12581085	12593792	1315.4	0
12593792	12609768	1315.2	0
12609768	12625674	1312.0	0
12625674	12634114	1309.7	0
12634114	12651367	1309.1	0
12651367	12665024	1308.9	0
12665024	12677600	1313.2	0
12677600	12688816	1315.8	0
12688816	12701638	1319.0	0
12701638	12714393	1318.4	0
12714393	12733093	1314.0	0
12733093	12746533	1315.8	0
12746533	12758293	1319.2	0
12758293	12771085	1320.8	0
12771085	12783660	1319.8	0
12783660	12809488	1323.8	0
12809488	12822322	1317.2	0
12822322	12834921	1316.6	0
12834921	12846553	1313.6	0
12846553	12863830	1312.4	0
12863830	12881860	1313.8	0
12881860	12888227	1317.0	0
12888227	12901262	1318.0	0
12901262	12913920	1320.4	0
12913920	12925487	1319.8	0
12925487	12943879	1318.6	0
12943879	12958857	1317.0	0
12958857	12971739	1315.0	0
12971739	12984297	1314.6	0
12984297	12993536	1313.4	0
12993536	13009980	1313.6	0
13009980	13022809	1314.6	0
13022809	13028868	1314.2	0
13028868	13048141	1315.6	0
13048141	13061192	1311.4	0
13061192	13078479	1309.5	0
13078479	13088220	1309.5	0
13088220	13101843	1308.7	0
13101843	13113148	1306.5	0
13113148	13126015	1307.9	0
13126015	13145382	1309.1	0
13145382	13159419	1307.9	0
13159419	13172293	1308.5	0
13172293	13181589	1307.3	0
13181589	13197049	1306.5	0
13197049	13213237	1305.3	0
13213237	13224788	1301.7	0
13224788	13240541	1301.7	0
13240541	13256720	1286.2	0
13256720	13279272	1267.6	0
13279272	13291824	1257.2	0
13291824	13305277	1273.2	0
13305277	13318697	1283.2	0
13318697	13332468	1288.2	0
13332468	13349794	1292.5	0
13349794	13360841	1299.1	0
13360841	13377593	1304.1	0
13377593	13389158	1298.1	0
13389158	13402271	1297.3	0
13402271	13417800	1301.5	0
13417800	13435200	1302.3	0
13435200	13441897	1302.9	0
13441897	13454713	1302.7	0
13454713	13474836	1294.5	0
13474836	13495440	1274.4	0
13495440	13499441	1244.7	0
13499441	13516221	1226.1	0
13516221	13525361	1277.0	0
13525361	13539010	1282.8	0
13539010	13562445	1287.0	0
13562445	13575598	1296.1	0
13575598	13588533	1301.9	0
13588533	13599766	1305.7	0
13599766	13607790	1315.0	0
13607790	13629866	1310.6	0
13629866	13635112	1309.6	0
13635112	13648736	1313.4	0
13648736	13660924	1302.5	0
13660924	13679001	1296.5	0
13679001	13692403	1287.6	0
13692403	13708803	1278.6	0
13708803	13718858	1293.1	0
13718858	13732046	1293.7	0
13732046	13767634	-1.0	0
13767634	13779979	-1.0	0
13779979	13795258	-1.0	0
13795258	13803192	-1.0	0
13803192	13818300	-1.0	0
13818300	13837850	-1.0	0
13837850	13850956	-1.0	0
13850956	13864420	-1.0	0
13864420	13879077	-1.0	0
13879077	13893834	-1.0	0
13893834	13914478	-1.0	0
13914478	13928349	-1.0	0
13928349	13943216	-1.0	0
13943216	13956332	-1.0	0
13956332	13970655	-1.0	0
13970655	13992008	-1.0	0
13992008	14003579	-1.0	0
14003579	14019270	-1.0	0
14019270	14039894	-1.0	0
14039894	14047680	-1.0	0
14047680	14069634	-1.0	0
14069634	14083817	-1.0	0
14083817	14097821	-1.0	0
14097821	14111858	-1.0	0
14111858	14127128	-1.0	0
14127128	14151203	-1.0	0
14151203	14160094	-1.0	0
14160094	14179411	-1.0	0
14179411	14188363	-1.0	0
14188363	14203063	-1.0	0
14203063	14220351	1239.7	0
14220351	14234784	1249.6	0
14234784	14249229	1257.4	0
14249229	14262825	1267.2	0
14262825	14276325	1268.2	0
14276325	14293734	-1.0	0
14293734	14306430	-1.0	0
14306430	14321062	-1.0	0
14321062	14336360	-1.0	0
14336360	14351815	-1.0	0
14351815	14375324	-1.0	0
14375324	14384355	-1.0	0
14384355	14399440	-1.0	0
14399440	14419545	-1.0	0
14419545	14433650	1241.1	0
14433650	14455328	-1.0	0
14455328	14462879	-1.0	0
14462879	14479894	-1.0	0
14479894	14503193	-1.0	0
14503193	14530262	-1.0	0
14530262	14544295	-1.0	0
14544295	14559836	-1.0	0
14559836	14576048	-1.0	0
14576048	14592105	-1.0	0
14592105	14611892	-1.0	0
14611892	14625361	-1.0	0
14625361	14641314	-1.0	0
14641314	14657378	-1.0	0
14657378	14673274	-1.0	0
14673274	14694993	-1.0	0
14694993	14709957	-1.0	0
14709957	14725612	-1.0	0
14725612	14741773	-1.0	0
14741773	14758339	-1.0	0
14758339	14780078	-1.0	0
14780078	14790827	-1.0	0
14790827	14812625	-1.0	0
14812625	14827655	-1.0	0
14827655	14841940	-1.0	0
14841940	14862014	-1.0	0
14862014	14871914	-1.0	0
14871914	14887393	-1.0	0
14887393	14902795	-1.0	0
14902795	14935852	-1.0	0
14935852	14948832	-1.0	0
14948832	14957851	1229.9	0
14957851	14971896	1238.5	0
14971896	15002967	1249.8	0
15002967	15017099	1255.0	0
15017099	15031233	1253.2	0
15031233	15042147	1256.4	0
15042147	15060745	1257.0	0
15060745	15074752	1256.0	0
15074752	15088123	1257.0	0
15088123	15101662	1258.6	0
15101662	15115407	1251.8	0
15115407	15131252	1257.6	0
15131252	15148366	1260.4	0
15148366	15163459	1258.8	0
15163459	15170147	1263.2	0
15170147	15183803	1265.0	0
15183803	15197521	1263.2	0
15197521	15218165	1265.6	0
15218165	15230251	1266.8	0
15230251	15244923	1267.8	0
15244923	15257752	1267.6	0
15257752	15268520	1268.2	0
15268520	15286409	1266.4	0
15286409	15299609	1268.2	0
15299609	15313207	1265.8	0
15313207	15326907	1259.2	0
15326907	15340952	1242.3	0
15340952	15360797	1252.0	0
15360797	15375434	1257.0	0
15375434	15383024	1257.0	0
15383024	15402485	1265.8	0
15402485	15410092	1268.2	0
15410092	15432796	1268.0	0
15432796	15441160	1270.4	0
15441160	15455212	1277.8	0
15455212	15470241	1275.6	0
15470241	15481326	1272.4	0
15481326	15503861	1271.0	0
15503861	15516487	1289.0	0
15516487	15524653	1286.4	0
15524653	15543752	1280.2	0
15543752	15551260	1277.2	0
15551260	15570441	1287.2	0
15570441	15584476	1272.0	0
15584476	15594865	1267.0	0
15594865	15611119	1277.8	0
15611119	15620952	1291.1	0
15620952	15637050	1291.5	0
15637050	15663512	1292.7	0
15663512	15680827	1278.0	0
15680827	15694513	1280.0	0
15694513	15700167	1279.8	0
15700167	15715603	1268.0	0
15715603	15734700	1254.6	0
15734700	15735139	1251.4	0
15735139	15746291	1250.6	0
15746291	15760538	1256.6	0
15760538	15773134	1259.6	0
15773134	15792332	1263.0	0
15792332	15798848	1264.6	0
15798848	15812570	1263.4	0
15812570	15830651	1268.6	0
15830651	15844201	1274.0	0
15844201	15859767	1277.6	0
15859767	15873481	1275.8	0
15873481	15886263	1275.2	0
15886263	15900548	1281.8	0
15900548	15912085	1282.8	0
15912085	15930987	1283.8	0
15930987	15941215	1280.0	0
15941215	15957090	1282.8	0
15957090	15971004	1285.0	0
15971004	15982204	1278.4	0
15982204	16001841	1279.4	0
16001841	16014080	1279.0	0
16014080	16027543	1279.0	0
16027543	16039220	1276.4	0
16039220	16054118	1275.4	0
16054118	16072740	1277.4	0
16072740	16088204	1277.8	0
16088204	16096014	1277.4	0
16096014	16115427	1284.8	0
16115427	16122965	1286.0	0
16122965	16143046	1283.6	0
16143046	16154465	1295.3	0
16154465	16166408	1298.9	0
16166408	16182960	1297.3	0
16182960	16192443	1287.4	0
16192443	16209170	1293.9	0
16209170	16222265	1298.1	0
16222265	16240198	1301.5	0
16240198	16252346	1303.5	0
16252346	16261229	1306.1	0
16261229	16283283	1305.7	0
16283283	16289397	1300.5	0
16289397	16307708	1288.2	0
16307708	16316807	1288.2	0
16316807	16327822	1294.1	0
16327822	16347334	1294.3	0
16347334	16362292	1292.7	0
16362292	16374063	1292.1	0
16374063	16389803	1289.2	0
16389803	16397363	1291.9	0
16397363	16417289	1288.6	0
16417289	16426866	1295.3	0
16426866	16440102	1294.3	0
16440102	16459263	1295.5	0
16459263	16466628	1294.9	0
16466628	16488668	1292.3	0
16488668	16495642	1294.9	0
16495642	16513228	1296.5	0
16513228	16522404	1298.7	0
16522404	16540225	1296.9	0
16540225	16555533	1288.4	0
16555533	16565927	1283.6	0
16565927	16580261	1278.4	0
16580261	16593243	1280.0	0
16593243	16610685	1278.2	0
16610685	16627337	1282.4	0
16627337	16641300	1284.0	0
16641300	16654853	1283.8	0
16654853	16667049	1284.6	0
16667049	16675713	1286.2	0
16675713	16695041	1288.6	0
16695041	16706141	1285.0	0
16706141	16725011	1286.8	0
16725011	16735332	1288.6	0
16735332	16746583	1289.0	0
16746583	16768703	1290.9	0
16768703	16775362	1290.9	0
16775362	16794813	1292.9	0
16794813	16801893	1291.5	0
16801893	16819703	1294.7	0
16819703	16834726	1298.7	0
16834726	16846677	1298.5	0
16846677	16860984	1299.1	0
16860984	16874163	1297.3	0
16874163	16904743	1298.7	0
16904743	16917552	1301.3	0
16917552	16925154	1302.1	0
16925154	16937430	1298.7	0
16937430	16949867	1300.7	0
16949867	16967142	1301.1	0
16967142	16983388	1295.9	0
16983388	16998098	1291.9	0
16998098	17005555	1293.1	0
17005555	17018998	1295.3	0
17018998	17037263	1294.9	0
17037263	17047483	1287.8	0
17047483	17061026	1292.3	0
17061026	17073904	1294.1	0
17073904	17086626	1295.7	0
17086626	17105621	1295.9	0
17105621	17117769	1291.9	0
17117769	17131365	1293.9	0
17131365	17149208	1296.5	0
17149208	17157776	1303.3	0
17157776	17175751	1306.7	0
17175751	17185611	1293.5	0
17185611	17203315	1288.0	0
17203315	17215785	1292.5	0
17215785	17223308	1293.1	0
17223308	17242530	1293.7	0
17242530	17254274	1295.9	0
17254274	17269105	1296.3	0
17269105	17282859	1294.1	0
17282859	17294591	1293.7	0
17294591	17309613	1296.5	0
17309613	17322525	1295.5	0
17322525	17335396	1297.5	0
17335396	17349049	1296.9	0
17349049	17366472	1301.3	0
17366472	17381858	1296.1	0
17381858	17395005	1297.3	0
17395005	17407947	1298.5	0
17407947	17422240	1302.3	0
17422240	17434249	1296.7	0
17434249	17447514	1297.9	0
17447514	17460212	1294.1	0
17460212	17477956	1294.7	0
17477956	17491168	1297.9	0
17491168	17498095	1298.5	0
17498095	17517140	1298.9	0
17517140	17533174	1303.1	0
17533174	17540091	1306.1	0
17540091	17553093	1308.3	0
17553093	17571192	1308.3	0
17571192	17585177	1310.6	0
17585177	17601642	1311.4	0
17601642	17611112	1311.6	0
17611112	17625146	1308.1	0
17625146	17655081	1305.7	0
17655081	17662965	1307.5	0
17662965	17681652	1306.3	0
17681652	17689172	1304.5	0
17689172	17702405	1304.9	0
17702405	17723131	1303.9	0
17723131	17728388	1305.7	0
17728388	17747897	1305.5	0
17747897	17754407	1306.9	0
17754407	17769353	1304.7	0
17769353	17786826	1305.1	0
17786826	17798232	1306.5	0
17798232	17810992	1303.1	0
17810992	17827151	1308.3	0
17827151	17835432	1307.9	0
17835432	17858214	1306.1	0
17858214	17864731	1307.1	0
17864731	17877946	1308.5	0
17877946	17890942	1304.7	0
17890942	17908435	1306.5	0
17908435	17923275	1308.1	0
17923275	17936221	1308.7	0
17936221	17949144	1310.5	0
17949144	17966139	1313.4	0
17966139	17988118	1311.4	0
17988118	18001143	1312.0	0
18001143	18014016	1312.0	0
18014016	18030656	1309.9	0
18030656	18038779	1308.3	0
18038779	18055507	1308.7	0
18055507	18066037	1308.5	0
18066037	18085566	1305.7	0
18085566	18094031	1308.7	0
18094031	18107213	1308.1	0
18107213	18124430	1309.1	0
18124430	18139563	1308.5	0
18139563	18149702	1308.9	0
18149702	18165478	1310.1	0
18165478	18178619	1310.5	0
18178619	18192717	1310.7	0
18192717	18203047	1308.3	0
18203047	18215977	1308.1	0
18215977	18229017	1308.1	0
18229017	18241997	1312.8	0
18241997	18261437	1311.2	0
18261437	18270735	1312.8	0
18270735	18285812	1314.0	0
18285812	18296062	1307.7	0
18296062	18309228	1306.5	0
18309228	18326821	1307.9	0
18326821	18339791	1306.3	0
18339791	18356090	1310.7	0
18356090	18367898	1309.1	0
18367898	18380898	1308.1	0
18380898	18396022	1309.5	0
18396022	18411605	1313.0	0
18411605	18423399	1309.7	0
18423399	18432458	1307.9	0
18432458	18450581	1310.1	0
18450581	18463618	1310.5	0
18463618	18478113	1308.3	0
18478113	18486285	1309.3	0
18486285	18499387	1312.4	0
18499387	18513772	1312.6	0
18513772	18528377	1312.8	0
18528377	18537716	1316.2	0
18537716	18550642	1318.0	0
18550642	18562708	1320.4	0
18562708	18580892	1322.0	0
18580892	18597454	1322.8	0
18597454	18607312	1326.0	0
18607312	18624539	1327.2	0
18624539	18637265	1325.4	0
18637265	18645688	1319.4	0
18645688	18667762	1315.6	0
18667762	18678165	1317.6	0
18678165	18690675	1316.6	0
18690675	18714511	1316.4	0
18714511	18733900	1315.6	0
18733900	18743496	1317.6	0
18743496	18759931	1319.2	0
18759931	18773011	1315.6	0
18773011	18785271	1313.2	0
18785271	18798782	1319.6	0
18798782	18810077	1318.2	0
18810077	18823006	1318.0	0
18823006	18835958	1314.8	0
18835958	18846393	1314.0	0
18846393	18863486	1314.6	0
18863486	18876369	1314.0	0
18876369	18889045	1315.6	0
18889045	18901919	1315.8	0
18901919	18919572	1306.5	0
18919572	18934498	1311.0	0
18934498	18943150	1309.5	0
18943150	18955511	1312.2	0
18955511	18972704	1313.8	0
18972704	18982121	1315.4	0
18982121	19002527	1315.4	0
19002527	19010765	1313.2	0
19010765	19026621	1313.4	0
19026621	19036425	1313.2	0
19036425	19050956	1311.0	0
19050956	19067407	1309.5	0
19067407	19078680	1309.5	0
19078680	19096160	1313.2	0
19096160	19102632	1308.3	0
19102632	19121962	1308.5	0
19121962	19139609	1306.3	0
19139609	19145763	1309.9	0
19145763	19158220	1311.4	0
19158220	19174168	1317.0	0
19174168	19182878	1320.2	0
19182878	19202936	1324.2	0
19202936	19212374	1327.4	0
19212374	19225076	1327.0	0
19225076	19242394	1328.8	0
19242394	19250693	1329.2	0
19250693	19267354	1330.0	0
19267354	19277949	1321.6	0
19277949	19291227	1321.6	0
19291227	19302290	1313.8	0
19302290	19315193	1311.0	0
19315193	19337114	1306.7	0
19337114	19349630	1305.7	0
19349630	19360051	1306.1	0
19360051	19376994	1306.3	0
19376994	19386559	1305.7	0
19386559	19400411	1306.7	0
19400411	19413127	1304.7	0
19413127	19431478	1304.7	0
19431478	19438772	1305.5	0
19438772	19458308	1304.5	0
19458308	19471524	1303.5	0
19471524	19484659	1300.9	0
19484659	19497849	1301.1	0
19497849	19510998	1300.7	0
19510998	19539356	1296.3	0
19539356	19550559	1300.7	0
19550559	19563596	1301.5	0
19563596	19581223	1298.5	0
19581223	19594679	1297.5	0
19594679	19609695	1302.5	0
19609695	19625170	1302.1	0
19625170	19638273	1298.7	0
19638273	19647185	1301.1	0
19647185	19674696	1302.7	0
19674696	19687654	1301.9	0
19687654	19702278	1298.5	0
19702278	19715554	1305.1	0
19715554	19724793	1306.1	0
19724793	19746319	1299.3	0
19746319	19752977	1301.3	0
19752977	19764925	1301.3	0
19764925	19778734	1289.6	0
19778734	19787494	1283.2	0
19787494	19802789	1280.8	0
19802789	19809100	1276.0	0
19809100	19820604	1280.8	0
19820604	19841571	1279.4	0
19841571	19852911	1285.2	0
19852911	19861267	1293.7	0
19861267	19879451	1295.9	0
19879451	19887937	1296.7	0
19887937	19905329	1298.5	0
19905329	19917532	1304.3	0
19917532	19930344	1305.1	0
19930344	19942174	1302.5	0
19942174	19953990	1301.9	0
19953990	19969992	1304.3	0
19969992	19988975	1303.9	0
19988975	20002652	1306.1	0
20002652	20015697	1304.9	0
20015697	20028648	1307.3	0
20028648	20041702	1309.1	0
20041702	20056150	1310.3	0
20056150	20063136	1308.9	0
20063136	20080847	1305.9	0
20080847	20089361	1307.3	0
20089361	20106900	1306.1	0
20106900	20119993	1306.9	0
20119993	20131887	1305.9	0
20131887	99999999	1303.9	0
