0 0 1686.3 0
0 0 1684.7 0
0 0 1686.9 0
0 0 1687.5 0
0 0 1686.7 0
0 0 1683.6 0
0 0 1683.8 0
0 0 1686.3 0
0 0 1687.3 0
0 0 1688.7 0
0 1 1685.5 0
1 1 1683.2 0
1 1 1685.1 0
1 1 1685.9 0
1 4927 1682.6 0
4927 15837 1685.1 0
15837 35617 1683.4 0
35617 51286 1683.4 0
51286 58895 1683.4 0
58895 71302 1682.2 0
71302 90788 1683.4 0
90788 111103 1686.7 0
111103 118498 1690.3 0
118498 137698 1686.7 0
137698 151188 1683.2 0
151188 164503 1685.3 0
164503 181737 1687.1 0
181737 196214 1687.9 0
196214 205371 1683.4 0
205371 218887 1682.0 0
218887 229526 1683.2 0
229526 244480 1686.3 0
244480 259574 1685.1 0
259574 271020 1685.3 0
271020 284963 1682.2 0
284963 303160 1683.4 0
303160 321956 1684.5 0
321956 328697 1685.1 0
328697 344864 1685.1 0
344864 355999 1683.4 0
355999 374291 1681.4 0
374291 389945 1683.2 0
389945 396711 1682.4 0
396711 414784 1682.4 0
414784 424180 1681.0 0
424180 442311 1681.8 0
442311 459721 1683.0 0
459721 476320 1683.6 0
476320 485620 1682.4 0
485620 499517 1682.6 0
499517 517703 1685.5 0
517703 533776 1686.5 0
533776 540751 1687.1 0
540751 561076 1685.5 0
561076 574902 1681.8 0
574902 588885 1680.6 0
588885 602314 1685.9 0
602314 613237 1687.1 0
613237 625970 1687.5 0
625970 639489 1685.5 0
639489 655879 1683.4 0
655879 672807 1685.3 0
672807 688540 1685.9 0
688540 696823 1682.8 0
696823 716567 1683.8 0
716567 731753 1683.4 0
731753 742384 1683.0 0
742384 755825 1681.8 0
755825 770241 1682.0 0
770241 783464 1683.2 0
783464 796972 1686.5 0
796972 820946 1686.1 0
820946 827368 1685.7 0
827368 841560 1686.5 0
841560 855017 1685.5 0
855017 868744 1685.5 0
868744 888564 1683.2 0
888564 902565 1683.6 0
902565 912210 1683.6 0
912210 922453 1686.9 0
922453 936349 1687.3 0
936349 956747 1685.9 0
956747 968945 1685.7 0
968945 982843 1686.9 0
982843 999812 1688.1 0
999812 1013034 1686.7 0
1013034 1031825 1686.7 0
1031825 1037825 1687.7 0
1037825 1052091 1686.7 0
1052091 1070155 1686.3 0
1070155 1079227 1687.5 0
1079227 1099932 1685.9 0
1099932 1113611 1688.5 0
1113611 1127101 1689.1 0
1127101 1140362 1686.9 0
1140362 1150452 1688.5 0
1150452 1169210 1689.3 0
1169210 1186398 1690.5 0
1186398 1199843 1688.1 0
1199843 1209046 1688.5 0
1209046 1226498 1689.3 0
1226498 1242931 1688.1 0
1242931 1256400 1687.7 0
1256400 1269916 1687.1 0
1269916 1283685 1683.2 0
1283685 1297161 1685.5 0
1297161 1310792 1687.3 0
1310792 1324242 1683.8 0
1324242 1331070 1683.6 0
1331070 1350646 1685.5 0
1350646 1364441 1685.5 0
1364441 1395141 1671.9 0
1395141 1401571 1671.9 0
1401571 1418555 1673.7 0
1418555 1426425 1675.3 0
1426425 1445987 1678.0 0
1445987 1459658 1677.4 0
1459658 1472909 1675.5 0
1472909 1485827 1677.0 0
1485827 1503782 1679.2 0
1503782 1513482 1678.2 0
1513482 1532775 1679.4 0
1532775 1545003 1682.2 0
1545003 1560859 1685.1 0
1560859 1570581 1686.7 0
1570581 1584514 1686.9 0
1584514 1608776 1686.3 0
1608776 1616109 1686.9 0
1616109 1630092 1684.7 0
1630092 1644087 1685.3 0
1644087 1657846 1682.2 0
1657846 1671490 1681.6 0
1671490 1684820 1684.7 0
1684820 1698201 1683.0 0
1698201 1716821 1683.0 0
1716821 1725401 1685.9 0
1725401 1745679 1685.1 0
1745679 1758061 1686.7 0
1758061 1771750 1683.0 0
1771750 1784790 1682.4 0
1784790 1793190 1681.0 0
1793190 1814535 1682.0 0
1814535 1820442 1683.6 0
1820442 1840656 1686.7 0
1840656 1853124 1691.1 0
1853124 1865903 1687.3 0
1865903 1887695 1685.1 0
1887695 1899441 1683.6 0
1899441 1911071 1685.3 0
1911071 1924566 1683.4 0
1924566 1933827 1683.2 0
1933827 1953293 1684.9 0
1953293 1968378 1684.9 0
1968378 1979458 1682.6 0
1979458 1996292 1685.9 0
1996292 2005444 1681.2 0
2005444 2029027 1683.4 0
2029027 2041992 1685.9 0
2041992 2053036 1686.3 0
2053036 2063885 1682.8 0
2063885 2082352 1682.0 0
2082352 2098747 1685.5 0
2098747 2106345 1683.4 0
2106345 2125412 1682.6 0
2125412 2133983 1681.6 0
2133983 2152970 1683.0 0
2152970 2170133 1682.2 0
2170133 2177438 1682.8 0
2177438 2188898 1683.2 0
2188898 2202911 1683.6 0
2202911 2221748 1683.6 0
2221748 2240165 1683.6 0
2240165 2247598 1685.5 0
2247598 2260850 1683.2 0
2260850 2278322 1687.9 0
2278322 2291138 1686.3 0
2291138 2311512 1689.9 0
2311512 2322802 1689.1 0
2322802 2336490 1686.3 0
2336490 2351778 1683.0 0
2351778 2365367 1689.1 0
2365367 2383166 1690.7 0
2383166 2390668 1690.5 0
2390668 2407183 1690.7 0
2407183 2421308 1690.5 0
2421308 2434998 1690.9 0
2434998 2449079 1690.3 0
2449079 2460708 1690.9 0
2460708 2474578 1692.3 0
2474578 2488354 1690.9 0
2488354 2504494 1693.6 0
2504494 2520393 1694.8 0
2520393 2536760 1695.0 0
2536760 2549701 1694.2 0
2549701 2563592 1693.0 0
2563592 2576359 1694.0 0
2576359 2597467 1681.0 0
2597467 2616126 1673.5 0
2616126 2627431 1673.3 0
2627431 2643362 1674.3 0
2643362 2654370 1678.4 0
2654370 2672171 1680.6 0
2672171 2685997 1680.0 0
2685997 2699588 1680.6 0
2699588 2713279 1681.0 0
2713279 2726049 1681.4 0
2726049 2739219 1684.9 0
2739219 2751216 1682.6 0
2751216 2768410 1681.4 0
2768410 2782261 1683.6 0
2782261 2791082 1682.6 0
2791082 2816603 1686.1 0
2816603 2827333 1687.3 0
2827333 2837011 1686.7 0
2837011 2857528 1687.1 0
2857528 2864408 1687.3 0
2864408 2885786 1686.1 0
2885786 2894570 1686.9 0
2894570 2913179 1686.5 0
2913179 2918216 1685.7 0
2918216 2933676 1681.8 0
2933676 2954300 1682.8 0
2954300 2970388 1687.1 0
2970388 2984255 1687.1 0
2984255 2995488 1687.7 0
2995488 3008616 1687.7 0
3008616 3028003 1682.6 0
3028003 3041762 1682.6 0
3041762 3054935 1684.5 0
3054935 3069197 1682.8 0
3069197 3082162 1682.6 0
3082162 3100515 1683.6 0
3100515 3110919 1681.6 0
3110919 3124673 1686.1 0
3124673 3133325 1687.9 0
3133325 3147307 1687.7 0
3147307 3168040 1687.7 0
3168040 3178614 1685.5 0
3178614 3192082 1683.8 0
3192082 3212453 1683.0 0
3212453 3222780 1682.6 0
3222780 3238691 1682.2 0
3238691 3252758 1682.2 0
3252758 3260257 1682.0 0
3260257 3279663 1682.6 0
3279663 3287322 1683.4 0
3287322 3306992 1683.8 0
3306992 3323098 1683.6 0
3323098 3333262 1683.0 0
3333262 3348657 1683.8 0
3348657 3357823 1683.6 0
3357823 3381858 1685.1 0
3381858 3395165 1685.3 0
3395165 3407697 1686.1 0
3407697 3417507 1682.8 0
3417507 3435011 1681.8 0
3435011 3448665 1681.8 0
3448665 3465519 1682.0 0
3465519 3474322 1682.4 0
3474322 3493021 1684.7 0
3493021 3506557 1683.4 0
3506557 3526441 1687.3 0
3526441 3533345 1687.3 0
3533345 3545839 1687.7 0
3545839 3559557 1687.9 0
3559557 3573773 1689.1 0
3573773 3590784 1683.2 0
3590784 3608600 1689.9 0
3608600 3621748 1690.1 0
3621748 3635104 1686.9 0
3635104 3648732 1683.8 0
3648732 3668525 1685.7 0
3668525 3675083 1686.1 0
3675083 3689833 1687.3 0
3689833 3705580 1687.9 0
3705580 3716874 1688.3 0
3716874 3735772 1687.9 0
3735772 3744293 1689.5 0
3744293 3762247 1688.5 0
3762247 3771763 1687.7 0
3771763 3789588 1688.5 0
3789588 3807286 1688.1 0
3807286 3820167 1685.9 0
3820167 3828116 1686.3 0
3828116 3847644 1687.5 0
3847644 3854968 1686.5 0
3854968 3880368 1683.4 0
3880368 3887603 1683.4 0
3887603 3901547 1685.7 0
3901547 3918006 1685.7 0
3918006 3934340 1687.1 0
3934340 3949091 1687.3 0
3949091 3965506 1687.5 0
3965506 3975634 1686.1 0
3975634 3988523 1685.9 0
3988523 3998505 1683.6 0
3998505 4017218 1683.4 0
4017218 4028271 1682.8 0
4028271 4047233 1686.3 0
4047233 4058521 1685.5 0
4058521 4072127 1686.9 0
4072127 4092630 1688.3 0
4092630 4104911 1687.5 0
4104911 4116500 1683.6 0
4116500 4130455 1685.1 0
4130455 4138416 1686.3 0
4138416 4159224 1685.5 0
4159224 4171640 1685.9 0
4171640 4191313 1685.5 0
4191313 4203758 1686.3 0
4203758 4214775 1684.7 0
4214775 4230047 1683.4 0
4230047 4243769 1684.9 0
4243769 4258342 1683.4 0
4258342 4268026 1686.9 0
4268026 4281900 1686.5 0
4281900 4304776 1684.0 0
4304776 4313182 1682.8 0
4313182 4331545 1682.8 0
4331545 4340181 1685.1 0
4340181 4353306 1688.9 0
4353306 4370390 1686.9 0
4370390 4387419 1688.1 0
4387419 4396283 1688.1 0
4396283 4409077 1688.3 0
4409077 4428270 1682.2 0
4428270 4444061 1681.8 0
4444061 4457547 1682.8 0
4457547 4466538 1686.3 0
4466538 4479871 1683.8 0
4479871 4493259 1686.9 0
4493259 4515928 1685.9 0
4515928 4522711 1688.5 0
4522711 4541796 1689.5 0
4541796 4549858 1688.7 0
4549858 4563448 1687.9 0
4563448 4584786 1687.9 0
4584786 4598779 1686.7 0
4598779 4610406 1687.3 0
4610406 4625952 1689.1 0
4625952 4638937 1688.9 0
4638937 4659398 1686.5 0
4659398 4670204 1685.7 0
4670204 4683708 1685.9 0
4683708 4693753 1685.5 0
4693753 4711000 1684.9 0
4711000 4728996 1685.5 0
4728996 4743196 1683.4 0
4743196 4752648 1682.0 0
4752648 4770551 1682.0 0
4770551 4783319 1681.8 0
4783319 4802824 1681.6 0
4802824 4808106 1682.2 0
4808106 4821742 1680.8 0
4821742 4834876 1682.8 0
4834876 4852203 1681.8 0
4852203 4872281 1682.8 0
4872281 4878037 1682.2 0
4878037 4898005 1680.2 0
4898005 4911431 1680.2 0
4911431 4925523 1682.2 0
4925523 4939788 1679.6 0
4939788 4950444 1678.6 0
4950444 4964205 1679.4 0
4964205 4982974 1679.6 0
4982974 4997087 1680.6 0
4997087 5016748 1681.0 0
5016748 5023583 1680.4 0
5023583 5040397 1682.0 0
5040397 5050391 1682.4 0
5050391 5063467 1682.2 0
5063467 5084242 1682.4 0
5084242 5092019 1683.2 0
5092019 5111733 1682.6 0
5111733 5125662 1680.2 0
5125662 5139336 1681.8 0
5139336 5151957 1682.6 0
5151957 5164792 1683.0 0
5164792 5177114 1682.4 0
5177114 5197411 1681.6 0
5197411 5205588 1681.0 0
5205588 5225856 1681.8 0
5225856 5242102 1680.6 0
5242102 5254168 1682.6 0
5254168 5267185 1680.4 0
5267185 5279800 1679.4 0
5279800 5295700 1680.8 0
5295700 5309520 1681.2 0
5309520 5323510 1680.8 0
5323510 5333431 1681.8 0
5333431 5346912 1680.8 0
5346912 5365086 1683.0 0
5365086 5377206 1681.6 0
5377206 5390675 1683.0 0
5390675 5404593 1680.4 0
5404593 5424853 1685.1 0
5424853 5436389 1681.8 0
5436389 5452991 1683.4 0
5452991 5466899 1682.2 0
5466899 5480008 1683.0 0
5480008 5493858 1684.5 0
5493858 5514320 1682.0 0
5514320 5532439 1670.5 0
5532439 5545274 1668.9 0
5545274 5553065 1670.3 0
5553065 5566776 1669.5 0
5566776 5589949 1670.9 0
5589949 5600847 1670.1 0
5600847 5610360 1670.1 0
5610360 5624189 1671.7 0
5624189 5641731 1671.1 0
5641731 5660743 1676.8 0
5660743 5673215 1677.8 0
5673215 5682688 1678.4 0
5682688 5693713 1679.0 0
5693713 5710648 1678.8 0
5710648 5730452 1679.4 0
5730452 5745486 1680.4 0
5745486 5759392 1680.0 0
5759392 5774846 1678.8 0
5774846 5787099 1677.8 0
5787099 5806424 1678.4 0
5806424 5813889 1679.2 0
5813889 5831979 1680.2 0
5831979 5838773 1680.0 0
5838773 5852097 1680.8 0
5852097 5876435 1679.6 0
5876435 5883282 1680.8 0
5883282 5901833 1681.2 0
5901833 5912764 1681.2 0
5912764 5924692 1682.4 0
5924692 5942921 1682.0 0
5942921 5958624 1682.4 0
5958624 5971946 1682.4 0
5971946 5985501 1682.0 0
5985501 5998760 1679.4 0
5998760 6015090 1679.4 0
6015090 6019629 1680.6 0
6019629 6039904 1680.8 0
6039904 6053494 1681.2 0
6053494 6067181 1681.2 0
6067181 6083693 1679.8 0
6083693 6101498 1678.6 0
6101498 6113903 1677.0 0
6113903 6123521 1678.2 0
6123521 6142461 1678.6 0
6142461 6158836 1678.6 0
6158836 6167746 1677.8 0
6167746 6183543 1674.7 0
6183543 6198833 1677.8 0
6198833 6208551 1678.4 0
6208551 6227344 1678.6 0
6227344 6239520 1673.3 0
6239520 6259359 1674.7 0
6259359 6273192 1674.9 0
6273192 6285438 1677.6 0
6285438 6299002 1678.2 0
6299002 6315470 1680.0 0
6315470 6328741 1678.6 0
6328741 6342617 1675.1 0
6342617 6349812 1674.5 0
6349812 6369139 1678.6 0
6369139 6381287 1678.4 0
6381287 6398485 1677.2 0
6398485 6411044 1677.8 0
6411044 6421534 1676.2 0
6421534 6439822 1673.1 0
6439822 6457579 1672.3 0
6457579 6464856 1673.5 0
6464856 6485034 1672.3 0
6485034 6498987 1672.9 0
6498987 6516325 1674.1 0
6516325 6522847 1672.9 0
6522847 6541282 1671.7 0
6541282 6552004 1671.1 0
6552004 6564829 1671.1 0
6564829 6582295 1671.1 0
6582295 6599646 1671.5 0
6599646 6609531 1671.9 0
6609531 6626735 1671.9 0
6626735 6636513 1672.9 0
6636513 6657649 1671.9 0
6657649 6670963 1670.9 0
6670963 6677810 1671.1 0
6677810 6698218 1670.1 0
6698218 6711755 1669.5 0
6711755 6726389 1670.5 0
6726389 6738968 1669.9 0
6738968 6752885 1670.5 0
6752885 6769083 1671.1 0
6769083 6778417 1671.1 0
6778417 6797115 1671.7 0
6797115 6813548 1671.1 0
6813548 6827937 1671.3 0
6827937 6834630 1672.1 0
6834630 6848131 1672.9 0
6848131 6868583 1672.7 0
6868583 6882264 1673.3 0
6882264 6895587 1674.5 0
6895587 6909330 1677.0 0
6909330 6918692 1677.0 0
6918692 6943799 1676.8 0
6943799 6955399 1673.7 0
6955399 6972351 1677.2 0
6972351 6983863 1668.1 0
6983863 6997550 1662.0 0
6997550 7015564 1666.5 0
7015564 7027006 1667.3 0
7027006 7036840 1667.9 0
7036840 7049742 1667.1 0
7049742 7064271 1669.9 0
7064271 7092933 1669.9 0
7092933 7100733 1676.4 0
7100733 7109939 1671.1 0
7109939 7127360 1672.3 0
7127360 7140919 1672.3 0
7140919 7151907 1670.9 0
7151907 7168108 1670.1 0
7168108 7182055 1670.5 0
7182055 7195852 1670.9 0
7195852 7205884 1671.1 0
7205884 7230148 1668.5 0
7230148 7241727 1671.7 0
7241727 7255339 1672.7 0
7255339 7263630 1672.5 0
7263630 7277944 1669.7 0
7277944 7296427 1669.3 0
7296427 7312662 1668.1 0
7312662 7326583 1670.3 0
7326583 7340120 1670.3 0
7340120 7353727 1670.7 0
7353727 7371940 1670.3 0
7371940 7382939 1668.7 0
7382939 7392686 1669.1 0
7392686 7408201 1663.8 0
7408201 7418535 1666.3 0
7418535 7438157 1669.3 0
7438157 7455353 1670.3 0
7455353 7464565 1673.5 0
7464565 7484977 1680.8 0
7484977 7491641 1681.6 0
7491641 7512091 1687.9 0
7512091 7523172 1687.5 0
7523172 7539733 1683.4 0
7539733 7552849 1683.2 0
7552849 7566300 1684.0 0
7566300 7586730 1686.5 0
7586730 7597964 1686.5 0
7597964 7611651 1684.0 0
7611651 7624834 1685.3 0
7624834 7638954 1685.3 0
7638954 7651435 1686.5 0
7651435 7661630 1683.8 0
7661630 7682009 1683.2 0
7682009 7694846 1686.7 0
7694846 7708645 1686.5 0
7708645 7724145 1689.5 0
7724145 7736274 1686.3 0
7736274 7742616 1690.1 0
7742616 7761307 1688.5 0
7761307 7774053 1690.1 0
7774053 7790237 1689.7 0
7790237 7807812 1689.5 0
7807812 7821083 1685.3 0
7821083 7830657 1687.5 0
7830657 7848556 1689.5 0
7848556 7864533 1687.9 0
7864533 7873075 1690.1 0
7873075 7892061 1690.3 0
7892061 7905834 1693.4 0
7905834 7919303 1695.4 0
7919303 7932972 1695.6 0
7932972 7945809 1695.4 0
7945809 7960594 1694.2 0
7960594 7974036 1695.0 0
7974036 7987762 1693.6 0
7987762 8009832 1691.9 0
8009832 8015366 1696.8 0
8015366 8029940 1695.4 0
8029940 8048549 1692.3 0
8048549 8062479 1693.4 0
8062479 8079976 1694.2 0
8079976 8088004 1694.8 0
8088004 8105356 1693.8 0
8105356 8119425 1693.2 0
8119425 8128880 1694.0 0
8128880 8152350 1694.2 0
8152350 8157902 1691.3 0
8157902 8171251 1694.4 0
8171251 8184910 1692.8 0
8184910 8202982 1696.6 0
8202982 8218201 1693.2 0
8218201 8232277 1691.7 0
8232277 8259439 1694.0 0
8259439 8268232 1695.0 0
8268232 8292157 1694.8 0
8292157 8302932 1693.8 0
8302932 8313169 1695.4 0
8313169 8325911 1695.6 0
8325911 8343441 1694.2 0
8343441 8359963 1696.4 0
8359963 8374128 1695.6 0
8374128 8389303 1695.2 0
8389303 8402561 1695.4 0
8402561 8415239 1694.2 0
8415239 8424939 1695.8 0
8424939 8441375 1697.2 0
8441375 8454317 1692.7 0
8454317 8462771 1690.7 0
8462771 8476769 1691.7 0
8476769 8500580 1692.1 0
8500580 8514427 1691.3 0
8514427 8530505 1690.7 0
8530505 8538411 1692.9 0
8538411 8556807 1696.0 0
8556807 8574922 1699.2 0
8574922 8581909 1700.6 0
8581909 8599800 1705.9 0
8599800 8612764 1703.3 0
8612764 8621112 1703.9 0
8621112 8646212 1703.5 0
8646212 8653042 1699.2 0
8653042 8673139 1698.0 0
8673139 8686259 1697.2 0
8686259 8699994 1698.6 0
8699994 8715148 1699.4 0
8715148 8724684 1698.0 0
8724684 8743235 1699.0 0
8743235 8761466 1679.6 0
8761466 8775011 1678.2 0
8775011 8788640 1678.0 0
8788640 8809099 1688.7 0
8809099 8816784 1687.7 0
8816784 8832419 1683.4 0
8832419 8845279 1687.5 0
8845279 8864007 1688.9 0
8864007 8883172 1690.5 0
8883172 8895979 1693.2 0
8895979 8907481 1696.6 0
8907481 8920074 1698.0 0
8920074 8933759 1698.4 0
8933759 8949715 1703.9 0
8949715 8958860 1701.5 0
8958860 8972562 1702.1 0
8972562 8992855 1701.7 0
8992855 9006542 1699.8 0
9006542 9020265 1701.3 0
9020265 9035550 1699.0 0
9035550 9047543 1703.1 0
9047543 9059008 1704.1 0
9059008 9074482 1698.8 0
9074482 9094640 1699.2 0
9094640 9105867 1698.8 0
9105867 9115118 1698.8 0
9115118 9128591 1700.0 0
9128591 9146394 1700.4 0
9146394 9165609 1703.5 0
9165609 9176339 1700.4 0
9176339 9188862 1698.0 0
9188862 9197008 1698.6 0
9197008 9212336 1681.4 0
9212336 9230315 1682.8 0
9230315 9243966 1688.5 0
9243966 9257425 1690.3 0
9257425 9270611 1689.5 0
9270611 9284031 1690.5 0
9284031 9295259 1691.1 0
9295259 9310693 1692.8 0
9310693 9325598 1693.6 0
9325598 9337620 1693.4 0
9337620 9351086 1695.2 0
9351086 9369035 1702.9 0
9369035 9382654 1701.5 0
9382654 9391445 1698.2 0
9391445 9409072 1700.9 0
9409072 9424928 1699.6 0
9424928 9439259 1697.4 0
9439259 9458164 1674.5 0
9458164 9468160 1679.8 0
9468160 9487485 1682.6 0
9487485 9496125 1688.5 0
9496125 9513595 1691.7 0
9513595 9535584 1695.2 0
9535584 9541242 1696.4 0
9541242 9554845 1694.8 0
9554845 9568324 1698.4 0
9568324 9586516 1696.6 0
9586516 9603447 1698.6 0
9603447 9611262 1697.8 0
9611262 9628477 1696.8 0
9628477 9641972 1697.2 0
9641972 9651101 1698.6 0
9651101 9672750 1703.1 0
9672750 9679817 1702.5 0
9679817 9697332 1701.3 0
9697332 9706506 1701.5 0
9706506 9725161 1701.5 0
9725161 9737677 1699.6 0
9737677 9758178 1705.1 0
9758178 9765150 1705.5 0
9765150 9778906 1707.1 0
9778906 9792145 1705.9 0
9792145 9810225 1705.5 0
9810225 9825847 1706.1 0
9825847 9839276 1705.7 0
9839276 9852711 1706.5 0
9852711 9861289 1707.3 0
9861289 9886209 1708.1 0
9886209 9892606 1708.3 0
9892606 9905316 1709.7 0
9905316 9919570 1710.3 0
9919570 9933457 1707.7 0
9933457 9954259 1707.3 0
9954259 9963594 1707.5 0
9963594 9974662 1706.9 0
9974662 9989925 1705.9 0
9989925 10003531 1709.7 0
10003531 10025836 1713.3 0
10025836 10036792 1710.5 0
10036792 10048703 1693.2 0
10048703 10058763 1690.3 0
10058763 10072190 1694.4 0
10072190 10093986 1695.2 0
10093986 10101912 1698.4 0
10101912 10113464 1702.9 0
10113464 10132210 1703.1 0
10132210 10145855 1704.1 0
10145855 10166798 1701.9 0
10166798 10178254 1702.3 0
10178254 10192121 1704.5 0
10192121 10205250 1703.5 0
10205250 10214486 1704.5 0
10214486 10234431 1703.1 0
10234431 10247878 1702.1 0
10247878 10260655 1709.9 0
10260655 10274510 1706.3 0
10274510 10288550 1706.7 0
10288550 10306370 1702.9 0
10306370 10313049 1702.5 0
10313049 10327485 1704.3 0
10327485 10343984 1701.7 0
10343984 10352299 1698.6 0
10352299 10374468 1700.4 0
10374468 10387660 1699.8 0
10387660 10401114 1701.9 0
10401114 10410064 1701.7 0
10410064 10423761 1698.0 0
10423761 10445402 1699.4 0
10445402 10457382 1697.8 0
10457382 10466678 1701.5 0
10466678 10485721 1701.5 0
10485721 10497566 1702.3 0
10497566 10511009 1698.2 0
10511009 10524561 1699.0 0
10524561 10538383 1697.2 0
10538383 10547797 1701.9 0
10547797 10565621 1698.4 0
10565621 10587652 1699.6 0
10587652 10599496 1701.7 0
10599496 10606207 1697.6 0
10606207 10619902 1694.0 0
10619902 10633460 1694.0 0
10633460 10658160 1698.2 0
10658160 10665687 1698.6 0
10665687 10679311 1699.4 0
10679311 10693136 1701.7 0
10693136 10705284 1702.3 0
10705284 10728171 1703.7 0
10728171 10734867 1706.3 0
10734867 10752817 1705.7 0
10752817 10762069 1704.5 0
10762069 10775542 1704.3 0
10775542 10797254 1709.9 0
10797254 10808633 1706.7 0
10808633 10822009 1704.5 0
10822009 10830903 1706.9 0
10830903 10844513 1705.9 0
10844513 10870135 1705.5 0
10870135 10879514 1709.7 0
10879514 10889171 1709.7 0
10889171 10906356 1703.1 0
10906356 10919590 1703.9 0
10919590 10935506 1706.1 0
10935506 10951803 1706.1 0
10951803 10965482 1708.7 0
10965482 10979029 1702.1 0
10979029 10985838 1699.8 0
10985838 11007248 1700.4 0
11007248 11019963 1703.3 0
11019963 11029364 1699.2 0
11029364 11043132 1702.7 0
11043132 11056623 1703.3 0
11056623 11078345 1702.7 0
11078345 11087423 1705.1 0
11087423 11107480 1703.7 0
11107480 11114276 1701.5 0
11114276 11127570 1703.3 0
11127570 11150390 1702.3 0
11150390 11157241 1700.6 0
11157241 11169906 1704.5 0
11169906 11188413 1704.5 0
11188413 11197676 1706.1 0
11197676 11215453 1703.7 0
11215453 11233475 1702.7 0
11233475 11242555 1702.1 0
11242555 11254515 1703.5 0
11254515 11268975 1701.7 0
11268975 11285029 1701.7 0
11285029 11304046 1703.3 0
11304046 11310908 1703.5 0
11310908 11324425 1704.9 0
11324425 11344298 1706.3 0
11344298 11355888 1705.3 0
11355888 11368411 1703.7 0
11368411 11382668 1702.3 0
11382668 11395467 1703.1 0
11395467 11412036 1704.9 0
11412036 11433367 1703.7 0
11433367 11438630 1703.9 0
11438630 11452023 1703.7 0
11452023 11465382 1707.3 0
11465382 11479497 1706.9 0
11479497 11499036 1705.1 0
11499036 11513456 1702.7 0
11513456 11522648 1704.5 0
11522648 11541091 1703.3 0
11541091 11549540 1702.3 0
11549540 11568539 1704.3 0
11568539 11582352 1704.7 0
11582352 11591751 1706.7 0
11591751 11607377 1706.7 0
11607377 11621473 1710.3 0
11621473 11643533 1710.1 0
11643533 11650207 1709.3 0
11650207 11663663 1707.7 0
11663663 11683910 1704.3 0
11683910 11690566 1709.7 0
11690566 11713368 1711.5 0
11713368 11724488 1709.1 0
11724488 11734086 1706.5 0
11734086 11747255 1705.5 0
11747255 11765199 1706.3 0
11765199 11783000 1707.5 0
11783000 11791770 1707.1 0
11791770 11809713 1703.9 0
11809713 11818627 1705.9 0
11818627 11835917 1709.3 0
11835917 11851713 1712.5 0
11851713 11865877 1711.1 0
11865877 11872912 1711.5 0
11872912 11892589 1711.7 0
11892589 11906141 1714.3 0
11906141 11924256 1712.1 0
11924256 11934512 1711.5 0
11934512 11944372 1710.5 0
11944372 11957871 1711.7 0
11957871 11971626 1710.3 0
11971626 11993361 1707.7 0
11993361 12002308 1709.1 0
12002308 12019584 1706.9 0
12019584 12033187 1709.7 0
12033187 12040609 1705.9 0
12040609 12061165 1712.1 0
12061165 12070430 1714.5 0
12070430 12089013 1710.7 0
12089013 12102544 1712.1 0
12102544 12109124 1710.5 0
12109124 12135269 1710.5 0
12135269 12142658 1712.1 0
12142658 12160954 1711.5 0
12160954 12174541 1707.5 0
12174541 12188197 1708.1 0
12188197 12199222 1709.1 0
12199222 12215416 1709.7 0
12215416 12229274 1709.3 0
12229274 12236121 1710.1 0
12236121 12249820 1707.9 0
12249820 12270147 1710.9 0
12270147 12285003 1713.9 0
12285003 12298436 1715.7 0
12298436 12311403 1712.3 0
12311403 12320918 1713.7 0
12320918 12343631 1711.1 0
12343631 12356775 1711.3 0
12356775 12369067 1711.9 0
12369067 12377813 1711.7 0
12377813 12391231 1711.7 0
12391231 12418169 1711.1 0
12418169 12425268 1711.1 0
12425268 12440066 1710.1 0
12440066 12453578 1710.9 0
12453578 12463439 1711.9 0
12463439 12484944 1716.1 0
12484944 12495930 1714.7 0
12495930 12506255 1713.9 0
12506255 12523367 1710.9 0
12523367 12532230 1709.1 0
12532230 12556736 1711.9 0
12556736 12567209 1713.3 0
12567209 12580570 1710.1 0
12580570 12592201 1706.5 0
12592201 12605246 1706.9 0
12605246 12621073 1706.5 0
12621073 12628034 1705.5 0
12628034 12653713 1683.0 0
12653713 12662250 1684.0 0
12662250 12676320 1689.9 0
12676320 12696853 1694.8 0
12696853 12705932 1698.4 0
12705932 12724514 1698.8 0
12724514 12737747 1699.4 0
12737747 12750895 1697.6 0
12750895 12762586 1699.4 0
12762586 12775263 1698.8 0
12775263 12788536 1700.7 0
12788536 12805985 1702.1 0
12805985 12814895 1702.1 0
12814895 12835109 1703.5 0
12835109 12851464 1705.9 0
12851464 12858065 1708.9 0
12858065 12876674 1705.7 0
12876674 12889661 1704.9 0
12889661 12907045 1703.7 0
12907045 12919624 1705.3 0
12919624 12933478 1705.3 0
12933478 12942077 1707.5 0
12942077 12956788 1705.5 0
12956788 12973686 1709.3 0
12973686 12992195 1707.7 0
12992195 13006139 1707.7 0
13006139 13013438 1712.1 0
13013438 13030570 1714.3 0
13030570 13046666 1715.3 0
13046666 13060719 1715.3 0
13060719 13075392 1716.5 0
13075392 13088160 1715.5 0
13088160 13101661 1714.1 0
13101661 13114043 1714.7 0
13114043 13125535 1715.7 0
13125535 13140080 1716.1 0
13140080 13156315 1715.7 0
13156315 13169913 1714.7 0
13169913 13183686 1716.5 0
13183686 13198998 1717.1 0
13198998 13213928 1714.1 0
13213928 13222179 1712.7 0
13222179 13239517 1709.9 0
13239517 13255077 1712.7 0
13255077 13270062 1713.1 0
13270062 13277194 1712.3 0
13277194 13296920 1710.1 0
13296920 13310123 1712.7 0
13310123 13320980 1713.1 0
13320980 13333905 1713.1 0
13333905 13351864 1714.7 0
13351864 13364992 1714.7 0
13364992 13371728 1715.1 0
13371728 13398443 1712.1 0
13398443 13410785 1709.9 0
13410785 13424565 1706.3 0
13424565 13431675 1707.5 0
13431675 13445012 1705.5 0
13445012 13469501 1707.9 0
13469501 13480651 1711.1 0
13480651 13493745 1710.3 0
13493745 13513616 1713.1 0
13513616 13546791 1716.7 0
13546791 13564784 1715.5 0
13564784 13573926 1716.5 0
13573926 13592010 1715.9 0
13592010 13604731 1715.5 0
13604731 13614131 1716.9 0
13614131 13633579 1714.9 0
13633579 13646248 1711.5 0
13646248 13660058 1713.9 0
13660058 13674064 1715.9 0
13674064 13687593 1714.5 0
13687593 13697502 1713.7 0
13697502 13714156 1711.9 0
13714156 13724171 1713.3 0
13724171 13747820 1713.7 0
13747820 13761624 1714.7 0
13761624 13773690 1711.9 0
13773690 13787925 1715.5 0
13787925 13800634 1717.1 0
13800634 13819204 1709.1 0
13819204 13826053 1709.3 0
13826053 13842787 1711.3 0
13842787 13849059 1707.3 0
13849059 13869156 1706.3 0
13869156 13882671 1705.1 0
13882671 13895531 1706.5 0
13895531 13908621 1709.5 0
13908621 13925548 1713.9 0
13925548 13938907 1713.9 0
13938907 13956697 1710.9 0
13956697 13970279 1712.9 0
13970279 13976622 1711.5 0
13976622 13990542 1710.5 0
13990542 14009392 1710.7 0
14009392 14024450 1712.9 0
14024450 14038038 1714.1 0
14038038 14048481 1714.7 0
14048481 14064821 1712.5 0
14064821 14078328 1712.5 0
14078328 14098034 1712.3 0
14098034 14107892 1712.5 0
14107892 14120828 1711.9 0
14120828 14130225 1709.5 0
14130225 14143373 1709.3 0
14143373 14162840 1709.3 0
14162840 14178591 1711.7 0
14178591 14185693 1710.3 0
14185693 14205458 1710.1 0
14205458 14212111 1709.7 0
14212111 14231713 1708.9 0
14231713 14243165 1709.3 0
14243165 14256168 1705.9 0
14256168 14271603 1708.1 0
14271603 14289237 1706.9 0
14289237 14304020 1707.9 0
14304020 14320487 1708.3 0
14320487 14327306 1709.9 0
14327306 14345501 1709.7 0
14345501 14358554 1707.7 0
14358554 14373459 1703.9 0
14373459 14387131 1704.1 0
14387131 14394748 1702.5 0
14394748 14410228 1703.7 0
14410228 14427698 1705.9 0
14427698 14441373 1704.5 0
14441373 14458384 1702.3 0
14458384 14470853 1703.5 0
14470853 14484404 1699.0 0
14484404 14493850 1701.7 0
14493850 14514241 1704.1 0
14514241 14528970 1706.5 0
14528970 14542760 1709.7 0
14542760 14549828 1709.1 0
14549828 14562959 1710.1 0
14562959 14583192 1710.9 0
14583192 14597353 1707.3 0
14597353 14610817 1704.5 0
14610817 14620065 1707.1 0
14620065 14634407 1704.3 0
14634407 14659737 1704.7 0
14659737 14670195 1702.1 0
14670195 14683622 1701.3 0
14683622 14696877 1700.2 0
14696877 14711047 1695.6 0
14711047 14725740 1697.2 0
14725740 14740051 1696.8 0
14740051 14753433 1697.4 0
14753433 14766906 1693.6 0
14766906 14775336 1692.3 0
14775336 14798980 1698.2 0
14798980 14805636 1700.8 0
14805636 14820317 1701.7 0
14820317 14833651 1705.3 0
14833651 14845556 1702.1 0
14845556 14869801 1698.2 0
14869801 14880835 1696.6 0
14880835 14894245 1691.9 0
14894245 14909292 1691.1 0
14909292 14915066 1694.0 0
14915066 14935926 1696.4 0
14935926 14950293 1695.4 0
14950293 14960347 1692.7 0
14960347 14973587 1693.8 0
14973587 14986489 1696.8 0
14986489 15003959 1701.5 0
15003959 15017240 1701.9 0
15017240 15027405 1696.4 0
15027405 15043797 1695.0 0
15043797 15057213 1697.4 0
15057213 15074821 1697.4 0
15074821 15086636 1695.6 0
15086636 15104801 1693.1 0
15104801 15119942 1697.0 0
15119942 15131770 1697.6 0
15131770 15151367 1695.4 0
15151367 15161418 1694.2 0
15161418 15171748 1696.0 0
15171748 15186294 1696.2 0
15186294 15206215 1697.0 0
15206215 15220516 1695.2 0
15220516 15224516 1696.8 0
15224516 15251328 1679.4 0
15251328 15262513 1678.8 0
15262513 15279555 1672.9 0
15279555 15290884 1669.9 0
15290884 15304704 1671.5 0
15304704 15318609 1677.8 0
15318609 15334064 1679.0 0
15334064 15343756 1679.2 0
15343756 15361684 1679.8 0
15361684 15372706 1682.4 0
15372706 15394172 1689.3 0
15394172 15401838 1689.9 0
15401838 15415430 1689.3 0
15415430 15433945 1690.5 0
15433945 15447151 1694.2 0
15447151 15468031 1695.4 0
15468031 15476168 1694.6 0
15476168 15485818 1698.0 0
15485818 15503125 1698.6 0
15503125 15512572 1700.9 0
15512572 15531837 1697.2 0
15531837 15547983 1697.0 0
15547983 15560856 1698.4 0
15560856 15570366 1699.4 0
15570366 15583812 1695.2 0
15583812 15606108 1696.4 0
15606108 15613867 1696.6 0
15613867 15627622 1694.8 0
15627622 15644968 1692.5 0
15644968 15659116 1694.0 0
15659116 15672769 1689.9 0
15672769 15684229 1690.9 0
15684229 15701527 1695.8 0
15701527 15715464 1694.4 0
15715464 15724515 1692.1 0
15724515 15743426 1693.2 0
15743426 15760103 1690.1 0
15760103 15773524 1690.5 0
15773524 15786842 1694.0 0
15786842 15802209 1695.2 0
15802209 15818226 1693.8 0
15818226 15828504 1694.8 0
15828504 15843257 1696.0 0
15843257 15856737 1697.6 0
15856737 15866499 1699.2 0
15866499 15883789 1698.0 0
15883789 15902469 1699.4 0
15902469 15910167 1699.4 0
15910167 15928637 1682.8 0
15928637 15942209 1679.4 0
15942209 15955890 1683.0 0
15955890 15971611 1685.1 0
15971611 15979786 1687.5 0
15979786 15997478 1687.3 0
15997478 16011179 1688.5 0
16011179 16023541 1688.5 0
16023541 16037445 1690.9 0
16037445 16051630 1690.9 0
16051630 16068921 1690.9 0
16068921 16082422 1689.3 0
16082422 16098592 1690.7 0
16098592 16112379 1694.4 0
16112379 16125528 1696.2 0
16125528 16134209 1697.4 0
16134209 16154854 1697.2 0
16154854 16167139 1694.8 0
16167139 16179630 1696.2 0
16179630 16196747 1696.0 0
16196747 16211616 1695.6 0
16211616 16225719 1697.4 0
16225719 16243594 1698.2 0
16243594 16255372 1698.8 0
16255372 16265367 1698.8 0
16265367 16281402 1699.4 0
16281402 16296579 1701.3 0
16296579 16313573 1703.5 0
16313573 16320903 1702.9 0
16320903 16337150 1701.5 0
16337150 16346516 1697.2 0
16346516 16360090 1697.0 0
16360090 16384656 1694.8 0
16384656 16391308 1694.6 0
16391308 16405016 1696.8 0
16405016 16424285 1698.2 0
16424285 16436650 1696.8 0
16436650 16441088 1678.6 0
16441088 16463019 1669.5 0
16463019 16475631 1672.5 0
16475631 16482970 1679.6 0
16482970 16496982 1682.0 0
16496982 16516977 1681.6 0
16516977 16537999 1683.0 0
16537999 16545665 1687.1 0
16545665 16560139 1685.3 0
16560139 16568942 1687.7 0
16568942 16586083 1686.1 0
16586083 16598577 1687.1 0
16598577 16608475 1687.7 0
16608475 16625753 1691.3 0
16625753 16636833 1691.9 0
16636833 16650181 1691.1 0
16650181 16677980 1688.3 0
16677980 16689040 1691.1 0
16689040 16701411 1691.3 0
16701411 16714663 1689.7 0
16714663 16728583 1688.3 0
16728583 16743422 1690.3 0
16743422 16751253 1691.1 0
16751253 16770254 1691.7 0
16770254 16783335 1695.0 0
16783335 16796162 1694.4 0
16796162 16816533 1696.4 0
16816533 16824475 1694.0 0
16824475 16842588 1691.7 0
16842588 16857371 1693.0 0
16857371 16870307 1692.1 0
16870307 16884871 1693.0 0
16884871 16899240 1692.1 0
16899240 16909220 1693.6 0
16909220 16921239 1691.7 0
16921239 16934452 1692.3 0
16934452 16956996 1695.4 0
16956996 16970614 1694.6 0
16970614 16984033 1695.6 0
16984033 16997438 1696.8 0
16997438 17010542 1698.4 0
17010542 17031614 1695.2 0
17031614 17034284 1687.7 0
17034284 17050855 1683.0 0
17050855 17057714 1684.3 0
17057714 17077778 1684.7 0
17077778 17089992 1688.7 0
17089992 17105878 1690.1 0
17105878 17116434 1690.9 0
17116434 17128532 1694.2 0
17128532 17143793 1695.8 0
17143793 17159480 1694.6 0
17159480 17173819 1695.2 0
17173819 17183490 1696.8 0
17183490 17199170 1683.0 0
17199170 17215465 1684.9 0
17215465 17231965 1691.6 0
17231965 17243304 1693.2 0
17243304 17257011 1693.2 0
17257011 17265830 1692.8 0
17265830 17278759 1692.2 0
17278759 17301758 1694.4 0
17301758 17309579 1698.0 0
17309579 17324911 1695.8 0
17324911 17335776 1696.8 0
17335776 17348797 1697.4 0
17348797 17367587 1694.8 0
17367587 17384593 1697.6 0
17384593 17398284 1699.4 0
17398284 17405751 1697.0 0
17405751 17425427 1696.2 0
17425427 17441254 1696.2 0
17441254 17449791 1696.0 0
17449791 17466576 1696.6 0
17466576 17474924 1695.4 0
17474924 17493131 1695.0 0
17493131 17507462 1697.0 0
17507462 17525225 1700.0 0
17525225 17535055 1702.3 0
17535055 17552683 1701.3 0
17552683 17566362 1696.8 0
17566362 17581312 1695.0 0
17581312 17594940 1695.0 0
17594940 17603839 1694.2 0
17603839 17617383 1694.0 0
17617383 17631306 1692.5 0
17631306 17647254 1696.0 0
17647254 17662286 1697.0 0
17662286 17675915 1696.8 0
17675915 17688911 1695.8 0
17688911 17697169 1695.4 0
17697169 17719683 1697.0 0
17719683 17731202 1696.4 0
17731202 17751449 1695.0 0
17751449 17765644 1691.7 0
17765644 17778016 1691.7 0
17778016 17791720 1694.4 0
17791720 17803514 1694.0 0
17803514 17819999 1695.4 0
17819999 17829546 1696.6 0
17829546 17843371 1697.4 0
17843371 17863392 1693.8 0
17863392 17875674 1691.5 0
17875674 17886613 1688.7 0
17886613 17900043 1693.6 0
17900043 17913959 1694.0 0
17913959 17932981 1694.4 0
17932981 17948875 1693.4 0
17948875 17955826 1691.5 0
17955826 17969699 1690.1 0
17969699 17990313 1689.9 0
17990313 18003652 1689.1 0
18003652 18015175 1691.1 0
18015175 18030740 1691.1 0
18030740 18044702 1694.4 0
18044702 18058842 1694.2 0
18058842 18078812 1692.1 0
18078812 18084412 1689.7 0
18084412 18098899 1689.9 0
18098899 18116655 1691.7 0
18116655 18125817 1691.9 0
18125817 18147402 1690.3 0
18147402 18159942 1690.1 0
18159942 18169369 1690.5 0
18169369 18186897 1691.7 0
18186897 18200246 1694.0 0
18200246 18220782 1695.0 0
18220782 18231225 1692.5 0
18231225 18241391 1694.0 0
18241391 18257686 1695.4 0
18257686 18271397 1692.5 0
18271397 18292984 1691.7 0
18292984 18297336 1693.8 0
18297336 18317159 1693.4 0
18317159 18329401 1689.5 0
18329401 18338439 1688.5 0
18338439 18358554 1688.9 0
18358554 18368382 1690.5 0
18368382 18382792 1691.5 0
18382792 18398942 1690.5 0
18398942 18409334 1689.3 0
18409334 18432071 1690.5 0
18432071 18444930 1689.5 0
18444930 18458324 1691.3 0
18458324 18470567 1692.7 0
18470567 18479644 1694.0 0
18479644 18497220 1691.5 0
18497220 18511063 1689.9 0
18511063 18528796 1690.5 0
18528796 18542492 1691.3 0
18542492 18552933 1690.5 0
18552933 18568966 1690.7 0
18568966 18586867 1691.9 0
18586867 18595858 1691.9 0
18595858 18613263 1692.1 0
18613263 18627535 1689.7 0
18627535 18644426 1692.3 0
18644426 18657016 1695.8 0
18657016 18671583 1693.8 0
18671583 18678348 1690.3 0
18678348 18691859 1687.7 0
18691859 18711518 1688.1 0
18711518 18726446 1688.9 0
18726446 18739742 1688.7 0
18739742 18749166 1687.3 0
18749166 18762963 1686.5 0
18762963 18786592 1689.9 0
18786592 18800257 1688.5 0
18800257 18810776 1693.2 0
18810776 18820613 1690.5 0
18820613 18837209 1691.1 0
18837209 18851275 1689.7 0
18851275 18868356 1690.3 0
18868356 18881835 1691.1 0
18881835 18891921 1691.7 0
18891921 18910172 1688.7 0
18910172 18925998 1688.3 0
18925998 18940154 1687.9 0
18940154 18949189 1689.1 0
18949189 18963262 1688.5 0
18963262 18977330 1686.5 0
18977330 18993340 1685.3 0
18993340 19005934 1685.7 0
19005934 19023822 1685.5 0
19023822 19033506 1686.5 0
19033506 19050978 1687.9 0
19050978 19067758 1685.9 0
19067758 19082452 1682.6 0
19082452 19096240 1680.4 0
19096240 19108925 1678.4 0
19108925 19116132 1679.4 0
19116132 19134635 1682.2 0
19134635 19152015 1683.0 0
19152015 19166608 1685.5 0
19166608 19180133 1685.7 0
19180133 19190041 1682.8 0
19190041 19211147 1685.9 0
19211147 19222919 1685.7 0
19222919 19235213 1685.7 0
19235213 19248219 1685.9 0
19248219 19261678 1685.9 0
19261678 19283399 1683.8 0
19283399 19283650 1680.8 0
19283650 19302528 1669.3 0
19302528 19316286 1668.7 0
19316286 19330605 1671.1 0
19330605 19349117 1674.3 0
19349117 19362873 1677.8 0
19362873 19376801 1679.8 0
19376801 19389407 1678.6 0
19389407 19407528 1679.6 0
19407528 19419769 1681.2 0
19419769 19427983 1681.4 0
19427983 19446733 1681.6 0
19446733 19460376 1682.4 0
19460376 19473919 1683.8 0
19473919 19487610 1685.1 0
19487610 19505857 1685.1 0
19505857 19517357 1682.2 0
19517357 19532950 1682.0 0
19532950 19545701 1682.2 0
19545701 19561871 1682.0 0
19561871 19575445 1682.4 0
19575445 19588875 1682.0 0
19588875 19596150 1683.0 0
19596150 19619903 1682.0 0
19619903 19632149 1681.8 0
19632149 19646223 1682.2 0
19646223 19654511 1684.3 0
19654511 19667572 1683.0 0
19667572 19687222 1682.4 0
19687222 19700990 1684.5 0
19700990 19718997 1682.2 0
19718997 19732777 1686.3 0
19732777 19746619 1687.9 0
19746619 19765113 1685.5 0
19765113 19778560 1689.1 0
19778560 19793971 1687.9 0
19793971 19805027 1688.1 0
19805027 19815365 1686.9 0
19815365 19829618 1685.3 0
19829618 19842196 1685.5 0
19842196 19855390 1685.3 0
19855390 19868726 1685.9 0
19868726 19882453 1686.3 0
19882453 19900836 1685.5 0
19900836 19916635 1686.3 0
19916635 19931524 1686.3 0
19931524 19947653 1676.1 0
19947653 19956883 1671.9 0
19956883 19977680 1674.5 0
19977680 19989430 1677.4 0
19989430 19998057 1678.6 0
19998057 20011768 1681.4 0
20011768 20025546 1678.0 0
20025546 20042575 1675.1 0
20042575 20059706 1679.6 0
20059706 20072680 1680.6 0
20072680 20082182 1681.0 0
20082182 20099715 1682.8 0
20099715 20118219 1683.2 0
20118219 20125428 1682.8 0
20125428 20138918 1683.4 0
20138918 20153154 1682.0 0
20153154 20169574 1689.9 0
20169574 20188406 1685.7 0
20188406 20199609 1688.3 0
20199609 20214825 1689.1 0
20214825 20221426 1690.3 0
20221426 20239803 1694.0 0
20239803 20255604 1692.1 0
20255604 20270571 1690.9 0
20270571 20284801 1690.1 0
20284801 20294165 1689.7 0
20294165 20307694 1688.9 0
20307694 20331471 1686.3 0
20331471 20337482 1689.3 0
20337482 20351720 1688.7 0
20351720 20364872 1687.9 0
20364872 20381622 1686.5 0
20381622 20400111 1682.6 0
20400111 20406799 1683.2 0
20406799 20426457 1687.9 0
20426457 20439967 1687.1 0
20439967 20453415 1685.5 0
20453415 20466316 1683.4 0
20466316 20480975 1685.9 0
20480975 20487864 1685.3 0
20487864 20501621 1686.3 0
20501621 20515269 1687.3 0
20515269 20542888 1686.1 0
20542888 20549865 1687.1 0
20549865 20569916 1688.7 0
20569916 20577395 1687.5 0
20577395 20597919 1686.7 0
20597919 20610229 1685.7 0
20610229 20626852 1685.3 0
20626852 20636040 1687.5 0
20636040 20649664 1683.4 0
20649664 20666814 1682.0 0
20666814 20680234 1685.3 0
20680234 20693648 1688.3 0
20693648 20705622 1687.5 0
20705622 20724217 1683.4 0
20724217 20738106 1682.6 0
20738106 20751387 1685.7 0
20751387 20768815 1685.7 0
20768815 20782870 1687.3 0
20782870 20796624 1685.7 0
20796624 20809727 1684.2 0
20809727 20826949 1685.7 0
20826949 20840849 1683.0 0
20840849 20853821 1686.5 0
20853821 20864416 1684.0 0
20864416 20877849 1685.7 0
20877849 20898741 1687.1 0
20898741 20905950 1685.7 0
20905950 20924683 1683.8 0
20924683 20934340 1683.6 0
20934340 20945346 1685.7 0
20945346 20966093 1684.0 0
20966093 20980131 1683.6 0
20980131 20993862 1687.1 0
20993862 21007412 1683.8 0
21007412 21015988 1686.5 0
21015988 21035218 1682.2 0
21035218 21052578 1683.6 0
21052578 21062180 1682.4 0
21062180 21075236 1681.2 0
21075236 21089627 1683.4 0
21089627 21110227 1683.2 0
21110227 21116980 1683.2 0
21116980 21137183 1680.0 0
21137183 21143864 1680.6 0
21143864 21157549 1683.4 0
21157549 21177906 1683.0 0
21177906 21190466 1683.4 0
21190466 21205862 1682.4 0
21205862 21215617 1683.8 0
21215617 21230003 1681.4 0
21230003 21254129 1681.4 0
21254129 21267291 1683.0 0
21267291 21274983 1682.2 0
21274983 21288930 1681.6 0
21288930 21306247 1681.2 0
21306247 21323736 1682.0 0
21323736 21336651 1680.6 0
21336651 21350467 1679.2 0
21350467 21364339 1678.0 0
21364339 21372455 1678.2 0
21372455 21391516 1677.6 0
21391516 21404044 1678.2 0
21404044 21421371 1680.4 0
21421371 21433643 1680.2 0
21433643 21446883 1678.0 0
21446883 21475157 1660.6 0
21475157 21484768 1652.0 0
21484768 21502466 1660.0 0
21502466 21522293 1667.5 0
21522293 21535149 1668.5 0
21535149 21542814 1671.5 0
21542814 21560314 1673.7 0
21560314 21569217 1678.8 0
21569217 21585607 1675.5 0
21585607 21604438 1674.9 0
21604438 21617809 1674.1 0
21617809 21631899 1674.5 0
21631899 21645205 1673.7 0
21645205 21659616 1678.8 0
21659616 21671778 1679.6 0
21671778 21691012 1680.2 0
21691012 21699955 1678.0 0
21699955 21714579 1678.2 0
21714579 21730010 1680.6 0
21730010 21743727 1680.6 0
21743727 21757441 1679.6 0
21757441 21769643 1678.2 0
21769643 21786335 1674.5 0
21786335 21807426 1679.8 0
21807426 21818119 1678.0 0
21818119 21831754 1674.7 0
21831754 21841743 1674.5 0
21841743 21859702 1673.9 0
21859702 21877429 1674.9 0
21877429 21886339 1672.5 0
21886339 21900231 1679.8 0
21900231 21919370 1678.2 0
21919370 21931630 1677.0 0
21931630 21949064 1674.7 0
21949064 21957530 1671.9 0
21957530 21976966 1673.7 0
21976966 21986369 1677.6 0
21986369 21999383 1672.7 0
21999383 22018822 1676.8 0
22018822 22030571 1678.2 0
22030571 22044297 1671.9 0
